Combination,Wins,Losses,Total Games
"('Graves', 'Hwei', ""Kai'Sa"", 'Nautilus', 'Twisted Fate')",8,3,11
"('Jinx', 'Nautilus', 'Nidalee', 'Renekton', 'Tristana')",7,3,10
"('Azir', ""K'Sante"", ""Kai'Sa"", 'Pyke', 'Viego')",5,4,9
"('Hwei', ""Kai'Sa"", 'Kennen', 'Lee Sin', 'Rell')",4,5,9
"('Jax', 'Lulu', 'Nidalee', 'Yone', 'Zeri')",5,4,9
"('Cassiopeia', ""Kai'Sa"", 'Nautilus', 'Vex', 'Viego')",0,8,8
"(""Kai'Sa"", 'Rell', 'Rumble', 'Tristana', 'Viego')",8,0,8
"('Jayce', ""Kai'Sa"", 'Rell', 'Taliyah', 'Twisted Fate')",7,1,8
"('Corki', ""Kai'Sa"", 'Nautilus', 'Nidalee', 'Skarner')",5,3,8
"(""K'Sante"", 'Lulu', 'Nidalee', 'Tristana', 'Zeri')",8,0,8
"('Ashe', 'Lee Sin', 'Nautilus', 'Rumble', 'Tristana')",3,5,8
"('Jayce', ""Kai'Sa"", 'Nidalee', 'Rell', 'Yone')",2,6,8
"('Brand', 'Camille', 'Jinx', 'Thresh', 'Tristana')",5,3,8
"('Hecarim', 'Kled', 'LeBlanc', 'Lucian', 'Nami')",0,8,8
"(""K'Sante"", ""Kai'Sa"", 'Nautilus', 'Taliyah', 'Twisted Fate')",1,6,7
"('Jax', 'Nidalee', 'Rell', 'Tristana', 'Zeri')",4,3,7
"(""K'Sante"", ""Kai'Sa"", 'Lillia', 'Nautilus', 'Tristana')",1,6,7
"('Hwei', ""Kai'Sa"", 'Nautilus', 'Tryndamere', 'Viego')",5,2,7
"('Ashe', 'Kennen', 'Pyke', 'Taliyah', 'Tristana')",0,7,7
"(""Kai'Sa"", 'Nautilus', 'Renekton', 'Taliyah', 'Tristana')",3,4,7
"('Kalista', 'Nidalee', 'Rell', 'Skarner', 'Tristana')",7,0,7
"(""Kai'Sa"", 'Nautilus', 'Nidalee', 'Twisted Fate', 'Yone')",0,7,7
"('Hwei', ""K'Sante"", ""Kai'Sa"", 'Nidalee', 'Pyke')",7,0,7
"('Aatrox', ""Kai'Sa"", 'Nautilus', 'Nidalee', 'Tristana')",4,3,7
"('Irelia', ""Kai'Sa"", 'Kindred', 'LeBlanc', 'Rell')",4,2,6
"('Nautilus', 'Nidalee', 'Skarner', 'Tristana', 'Zeri')",0,6,6
"('Ashe', 'Corki', 'Gragas', 'Nautilus', 'Nidalee')",6,0,6
"('Galio', ""Kai'Sa"", 'Nautilus', 'Rumble', 'Viego')",2,4,6
"('Blitzcrank', 'Corki', 'Nidalee', 'Skarner', 'Smolder')",4,2,6
"('Blitzcrank', 'Corki', ""K'Sante"", 'Nidalee', 'Zeri')",0,6,6
"('Aphelios', 'Camille', 'Diana', 'Rell', 'Talon')",6,0,6
"('Ashe', 'Braum', 'Katarina', 'Nidalee', 'Renekton')",6,0,6
"('Aatrox', 'Alistar', 'Hwei', ""Kai'Sa"", 'Lee Sin')",6,0,6
"('Jax', 'Lillia', 'Rell', 'Tristana', 'Varus')",2,4,6
"('Ashe', 'Jhin', 'Kennen', 'Taliyah', 'Viego')",4,2,6
"('Akshan', 'Kalista', 'Neeko', 'Skarner', 'Taliyah')",0,6,6
"('Ashe', 'Lillia', 'Nautilus', 'Renekton', 'Tristana')",3,3,6
"('Jax', 'Lucian', 'Nami', 'Neeko', 'Viego')",6,0,6
"('Camille', ""Kai'Sa"", 'Nautilus', 'Rengar', 'Twisted Fate')",4,2,6
"('Gnar', 'Kalista', 'Lee Sin', 'Renata Glasc', 'Zac')",6,0,6
"('LeBlanc', 'Lee Sin', 'Rakan', 'Rumble', 'Varus')",1,5,6
"('Camille', ""Kai'Sa"", 'Nautilus', 'Nidalee', 'Yasuo')",0,6,6
"('Gnar', 'Graves', ""Kai'Sa"", 'Leona', 'Orianna')",4,2,6
"(""Kai'Sa"", 'Nautilus', 'Taliyah', 'Twisted Fate', 'Zed')",5,1,6
"('Ashe', 'Diana', 'Gnar', 'Lee Sin', 'Neeko')",6,0,6
"('Aphelios', 'Lee Sin', 'Skarner', 'Taliyah', 'Thresh')",0,6,6
"('Caitlyn', 'Elise', 'Jayce', 'Lux', 'Renekton')",3,3,6
"('Lee Sin', 'Lucian', 'Nami', 'Orianna', 'Tryndamere')",6,0,6
"('Ashe', 'Rell', 'Renekton', 'Taliyah', 'Tristana')",0,6,6
"('Hwei', ""Kai'Sa"", 'Lee Sin', 'Nautilus', 'Twisted Fate')",1,5,6
"('Ashe', 'Camille', 'LeBlanc', 'Lee Sin', 'Nautilus')",6,0,6
"('Graves', 'Hwei', ""Kai'Sa"", 'Kennen', 'Pyke')",6,0,6
"('Nautilus', 'Nidalee', 'Rumble', 'Varus', 'Yasuo')",4,2,6
"('Lillia', 'Rakan', 'Skarner', 'Tristana', 'Varus')",6,0,6
"('Corki', 'Jinx', 'Lee Sin', 'Nautilus', 'Rumble')",1,5,6
"('Hwei', 'Jarvan IV', 'Rakan', 'Urgot', 'Varus')",6,0,6
"('Camille', 'Galio', 'Jhin', 'Nidalee', 'Riven')",5,0,5
"('Camille', 'Fiddlesticks', 'Jinx', 'Nidalee', 'Zoe')",5,0,5
"('Jinx', 'Leona', 'Shyvana', 'Tristana', 'Warwick')",0,5,5
"('Galio', 'Jhin', 'Lee Sin', 'Renekton', 'Zoe')",0,5,5
"('Camille', 'Gnar', 'Kalista', 'Lillia', 'Tristana')",5,0,5
"('Irelia', 'Kalista', 'Nautilus', 'Nocturne', 'Taliyah')",0,5,5
"('Hwei', 'Jinx', 'Lillia', 'Rell', 'Renekton')",5,0,5
"('Hwei', 'Jinx', 'Nocturne', 'Thresh', 'Viego')",5,0,5
"('Jhin', 'Neeko', 'Renekton', 'Taliyah', 'Tristana')",0,5,5
"('Jinx', 'LeBlanc', 'Pantheon', 'Thresh', 'Urgot')",0,5,5
"('Jayce', 'Nidalee', 'Senna', 'Seraphine', 'Viego')",0,5,5
"('Akali', 'Gnar', 'Graves', 'Nilah', 'Skarner')",5,0,5
"('Gnar', ""Kai'Sa"", 'Katarina', 'Lillia', 'Thresh')",5,0,5
"(""Kai'Sa"", 'LeBlanc', 'Poppy', ""Rek'Sai"", 'Rell')",5,0,5
"(""K'Sante"", 'Katarina', 'Nautilus', 'Shaco', 'Varus')",0,5,5
"('Bard', 'Diana', 'Jax', 'Seraphine', 'Viego')",5,0,5
"('Ezreal', 'Lee Sin', 'Rell', 'Skarner', 'Syndra')",5,0,5
"('Aurelion Sol', ""Bel'Veth"", 'Rumble', 'Skarner', 'Zeri')",0,5,5
"('Aurelion Sol', 'Camille', 'Jhin', 'Rell', 'Vi')",5,0,5
"('Akali', 'Corki', 'Graves', 'Hwei', 'Tristana')",0,5,5
"(""Bel'Veth"", 'Renata Glasc', 'Rumble', 'Varus', 'Yone')",5,0,5
"('Jhin', 'Leona', 'Rumble', 'Taliyah', 'Viego')",5,0,5
"(""Kai'Sa"", 'Nidalee', 'Rell', 'Renekton', 'Tristana')",1,4,5
"(""Kai'Sa"", 'Kennen', ""Kha'Zix"", 'Poppy', 'Tristana')",5,0,5
"(""Kai'Sa"", 'Nautilus', 'Taliyah', 'Tristana', 'Twisted Fate')",5,0,5
"('Ahri', 'Karthus', 'Nautilus', 'Senna', 'Twisted Fate')",0,5,5
"('Jinx', 'Rumble', 'Thresh', 'Tristana', 'Viego')",5,0,5
"('Aphelios', 'Leona', 'Nidalee', 'Renekton', 'Tristana')",5,0,5
"('Ahri', 'Ashe', 'Blitzcrank', ""K'Sante"", 'Kindred')",5,0,5
"(""Bel'Veth"", 'Cassiopeia', 'Rumble', 'Tristana', 'Twisted Fate')",5,0,5
"('Bard', 'Camille', 'Katarina', 'Nidalee', 'Smolder')",0,5,5
"('Akali', 'Neeko', 'Varus', 'Viego', 'Zac')",5,0,5
"('Amumu', 'Sejuani', 'Tristana', 'Varus', 'Zac')",0,5,5
"('Alistar', 'Jax', ""Kai'Sa"", 'Pantheon', 'Twisted Fate')",5,0,5
"('Akali', 'Draven', 'Lillia', 'Lucian', 'Renata Glasc')",5,0,5
"('Hwei', ""Kai'Sa"", 'Nautilus', 'Olaf', 'Vi')",0,5,5
"('Pyke', 'Rengar', 'Syndra', 'Twisted Fate', 'Varus')",0,5,5
"('Ashe', 'Aurelion Sol', 'Braum', 'Graves', 'Renekton')",5,0,5
"('Jinx', 'Lulu', 'Orianna', ""Rek'Sai"", 'Viego')",5,0,5
"('Alistar', 'Ashe', 'Jax', 'Taliyah', 'Tristana')",0,5,5
"('Ashe', 'Corki', 'Gragas', 'Lillia', 'Seraphine')",0,5,5
"('Hecarim', 'Jax', ""Kai'Sa"", 'Rumble', 'Zed')",0,5,5
"('Braum', ""Kai'Sa"", 'Maokai', 'Rumble', 'Tristana')",5,0,5
"('Lillia', 'Rell', 'Rumble', 'Varus', 'Zed')",0,5,5
"(""Kai'Sa"", 'Nocturne', 'Poppy', 'Thresh', 'Twisted Fate')",5,0,5
"('Alistar', 'Irelia', ""Kai'Sa"", 'Maokai', 'Viktor')",0,5,5
"('Gnar', 'Rell', 'Shaco', 'Tristana', 'Varus')",5,0,5
"('Draven', 'Graves', 'Hwei', 'Jax', 'Nautilus')",5,0,5
"('Ashe', 'Gragas', 'Jarvan IV', 'Rumble', 'Tristana')",5,0,5
"('Ashe', 'Corki', 'Kennen', 'Pantheon', 'Viego')",0,5,5
"('Ashe', 'Aurelion Sol', 'Braum', 'Riven', 'Skarner')",5,0,5
"('Akali', 'Jax', 'Jhin', 'Neeko', 'Wukong')",0,5,5
"('Hwei', 'Jinx', 'Lee Sin', 'Rell', 'Urgot')",5,0,5
"('Aatrox', ""Kai'Sa"", 'Lillia', 'Nautilus', 'Tristana')",5,0,5
"('Ashe', 'Jax', 'Lee Sin', 'Skarner', 'Xerath')",0,5,5
"('Akali', 'Nunu & Willump', 'Rakan', 'Tristana', 'Zeri')",0,5,5
"('Camille', 'Rumble', 'Varus', 'Vi', 'Xerath')",5,0,5
"('Jayce', 'Maokai', 'Seraphine', 'Twisted Fate', 'Zeri')",0,5,5
"('Diana', 'Kennen', 'Nautilus', 'Rengar', 'Zeri')",5,0,5
"('Aatrox', 'Ashe', 'LeBlanc', 'Neeko', 'Viego')",5,0,5
"('Bard', 'Ezreal', 'Hecarim', 'Shen', 'Zoe')",5,0,5
"('Graves', 'Hwei', 'Twisted Fate', 'Varus', 'Vayne')",5,0,5
"('Camille', 'Galio', 'Graves', ""Kai'Sa"", 'Leona')",5,0,5
"('Gragas', ""Kai'Sa"", 'Lee Sin', 'Nautilus', 'Qiyana')",5,0,5
"('Brand', 'Camille', 'Jayce', ""Kai'Sa"", 'Riven')",5,0,5
"('Draven', 'Kled', 'Nidalee', 'Rell', 'Tristana')",0,5,5
"('Jinx', 'Rell', 'Renekton', 'Taliyah', 'Talon')",5,0,5
"('Akshan', 'Camille', 'Corki', 'Hecarim', 'Rumble')",0,5,5
"('Aphelios', 'Hwei', 'Rell', 'Udyr', 'Vladimir')",0,5,5
"('Braum', 'Ezreal', 'Jayce', 'Rumble', 'Zyra')",5,0,5
"('Ashe', 'Braum', 'Galio', 'Jax', 'Udyr')",5,0,5
"('Corki', 'Kennen', 'Pyke', 'Taliyah', 'Tristana')",5,0,5
"('Ekko', 'Galio', 'Kennen', 'Tristana', 'Viego')",0,5,5
"('Alistar', 'Ashe', 'Jayce', 'Nidalee', 'Tristana')",5,0,5
"('Caitlyn', 'Hwei', 'Karma', 'Rell', 'Xin Zhao')",0,5,5
"('Alistar', 'Camille', ""Kai'Sa"", 'Twisted Fate', 'Vi')",5,0,5
"('Alistar', 'Galio', ""Kai'Sa"", 'Viego', 'Vladimir')",5,0,5
"('Alistar', 'LeBlanc', ""Rek'Sai"", 'Renekton', 'Zeri')",5,0,5
"('Ashe', 'Braum', 'Tahm Kench', 'Taliyah', 'Tristana')",0,5,5
"('Lillia', 'Lucian', 'Rumble', 'Skarner', 'Tristana')",5,0,5
"('Diana', 'Irelia', 'Jinx', 'Sejuani', 'Seraphine')",5,0,5
"('Bard', 'Jhin', 'Rumble', 'Talon', 'Yone')",0,5,5
"('Nautilus', 'Pantheon', 'Renekton', 'Taliyah', 'Varus')",5,0,5
"('Caitlyn', 'Camille', ""K'Sante"", 'Lillia', 'Syndra')",5,0,5
"('Brand', 'Rell', 'Twisted Fate', 'Twitch', 'Yone')",0,5,5
"('Akshan', 'Camille', 'Pyke', 'Zeri', 'Zyra')",0,5,5
"('Braum', 'Qiyana', 'Rumble', 'Taliyah', 'Twisted Fate')",5,0,5
"('Ekko', 'Gwen', 'Hecarim', 'Rell', 'Zeri')",5,0,5
"('Aatrox', 'Jhin', ""Kha'Zix"", 'Nautilus', 'Swain')",0,5,5
"('Hwei', ""Kai'Sa"", 'Lee Sin', 'Rell', 'Skarner')",5,0,5
"('Aatrox', 'Ashe', ""Bel'Veth"", 'Taliyah', 'Varus')",0,5,5
"('Gragas', 'Nocturne', 'Rell', 'Samira', 'Twisted Fate')",0,5,5
"('Jinx', ""K'Sante"", 'Nautilus', 'Syndra', 'Taliyah')",5,0,5
"('Camille', 'LeBlanc', 'Skarner', 'Smolder', 'Vi')",0,5,5
"('Akali', 'Ashe', 'Blitzcrank', 'Cassiopeia', 'Graves')",5,0,5
"('Graves', 'Hwei', 'Leona', 'Vladimir', 'Zeri')",5,0,5
"('Camille', 'Nidalee', 'Rell', 'Tristana', 'Zeri')",0,5,5
"('Galio', ""Kai'Sa"", 'Kennen', 'Qiyana', 'Sejuani')",5,0,5
"(""Kai'Sa"", 'Lillia', 'Neeko', 'Sion', 'Tristana')",0,5,5
"('Hwei', ""Kai'Sa"", 'Katarina', 'Nidalee', 'Nocturne')",5,0,5
"('Ashe', 'Kindred', 'Orianna', 'Seraphine', 'Skarner')",5,0,5
"(""Kai'Sa"", 'Lillia', 'Nautilus', 'Skarner', 'Tristana')",0,5,5
"('Azir', 'Nilah', 'Rumble', 'Talon', 'Taric')",0,5,5
"('Dr. Mundo', 'Graves', 'Hwei', 'Nautilus', 'Varus')",5,0,5
"('Ashe', 'Graves', 'Janna', 'LeBlanc', 'Rumble')",0,5,5
"('Ashe', 'Blitzcrank', 'Rumble', 'Tristana', 'Udyr')",5,0,5
"('Annie', 'Jhin', 'Skarner', 'Taric', 'Viego')",5,0,5
"('Graves', 'Hwei', 'Jayce', 'Jhin', 'Nautilus')",5,0,5
"('Corki', 'Gragas', 'Rakan', 'Riven', 'Yasuo')",5,0,5
"('Hwei', 'Lee Sin', 'Nautilus', 'Riven', 'Varus')",0,5,5
"(""Kog'Maw"", 'Leona', 'Nidalee', 'Rumble', 'Tristana')",0,5,5
"('Ashe', 'Nautilus', 'Riven', 'Taliyah', 'Tristana')",5,0,5
"('Jhin', ""K'Sante"", 'Karma', 'Taliyah', 'Tristana')",5,0,5
"('Corki', 'Hwei', ""K'Sante"", 'Pyke', ""Rek'Sai"")",5,0,5
"('Aphelios', 'Blitzcrank', 'Jayce', 'Lillia', 'Zac')",5,0,5
"('Aatrox', ""Kai'Sa"", 'Nautilus', ""Rek'Sai"", 'Zoe')",5,0,5
"('Bard', 'Pantheon', 'Twisted Fate', 'Varus', 'Ziggs')",5,0,5
"('Braum', 'Ezreal', 'Lee Sin', 'Skarner', 'Zoe')",5,0,5
"('Brand', 'Draven', 'Renata Glasc', 'Urgot', 'Viego')",0,5,5
"('Hwei', ""K'Sante"", ""Kai'Sa"", 'Lillia', 'Tristana')",0,5,5
"('Nautilus', 'Nidalee', 'Samira', 'Tristana', 'Twisted Fate')",5,0,5
"('Azir', 'Kindred', 'Ornn', 'Senna', 'Swain')",5,0,5
"('Aphelios', 'Kindred', 'Shen', 'Thresh', 'Twisted Fate')",5,0,5
"('Gnar', 'Graves', 'Lux', 'Rumble', 'Varus')",0,5,5
"('Irelia', ""Kai'Sa"", 'Katarina', 'Master Yi', 'Poppy')",0,5,5
"(""Kai'Sa"", 'Rakan', 'Skarner', 'Viego', 'Zoe')",5,0,5
"('Aphelios', 'Graves', 'Hwei', 'Rakan', 'Skarner')",0,5,5
"('Ahri', 'Aphelios', 'Lee Sin', 'Leona', 'Vladimir')",0,5,5
"('Ashe', 'Brand', 'Seraphine', 'Tristana', 'Twisted Fate')",5,0,5
"('Aatrox', 'Akali', 'Alistar', 'Graves', 'Varus')",0,5,5
"('Corki', 'Morgana', 'Taliyah', 'Volibear', 'Zeri')",0,5,5
"('Aurelion Sol', ""K'Sante"", 'Nautilus', 'Talon', 'Varus')",5,0,5
"('Braum', 'Camille', 'Jayce', ""Kog'Maw"", 'Taliyah')",5,0,5
"(""Kai'Sa"", 'Lillia', 'Pyke', 'Syndra', 'Tryndamere')",5,0,5
"('Aphelios', 'Kindred', 'Rakan', 'Twisted Fate', 'Zac')",5,0,5
"('Pyke', 'Rumble', 'Smolder', 'Tristana', 'Varus')",5,0,5
"('Cassiopeia', 'Janna', 'Jhin', 'Nidalee', 'Zed')",0,5,5
"('Diana', 'Irelia', 'Jhin', ""Kha'Zix"", 'Neeko')",0,5,5
"('Diana', 'Janna', 'Renekton', 'Smolder', 'Viego')",0,5,5
"('Galio', ""Rek'Sai"", 'Rell', 'Xayah', 'Zac')",5,0,5
"(""Kai'Sa"", 'Nautilus', 'Nidalee', 'Skarner', 'Tristana')",0,5,5
"(""Kai'Sa"", 'LeBlanc', 'Lee Sin', 'Pantheon', 'Tryndamere')",5,0,5
"('Elise', 'Jax', 'Jinx', 'Nautilus', 'Tristana')",0,5,5
"('Ashe', 'Corki', 'Diana', 'Rumble', 'Yasuo')",5,0,5
"('Bard', 'Kindred', 'Rumble', 'Tristana', 'Varus')",5,0,5
"('Caitlyn', 'Camille', 'Corki', 'Karthus', 'Lux')",0,5,5
"('Hecarim', 'Kennen', 'Yasuo', 'Yuumi', 'Zeri')",5,0,5
"('Gragas', 'Rakan', 'Rumble', 'Talon', 'Zeri')",5,0,5
"('Ashe', 'Gragas', 'LeBlanc', 'Nautilus', 'Viego')",5,0,5
"('Rakan', 'Rumble', 'Tristana', 'Viego', 'Zeri')",5,0,5
"('Akshan', 'Ekko', ""Kai'Sa"", 'Leona', 'Skarner')",0,5,5
"('Jinx', 'Nidalee', 'Rell', 'Renekton', 'Warwick')",5,0,5
"('Azir', 'Jhin', 'Master Yi', 'Nautilus', 'Nunu & Willump')",5,0,5
"('Aphelios', ""K'Sante"", 'Nautilus', 'Tristana', 'Zac')",0,5,5
"('Gwen', 'Jayce', 'Jhin', 'Lillia', 'Rell')",0,5,5
"('Hwei', 'Jinx', 'Milio', 'Skarner', 'Viego')",5,0,5
"('Annie', ""Kai'Sa"", 'Pyke', 'Renekton', 'Viego')",0,5,5
"('Ekko', 'Jax', 'Leona', 'Miss Fortune', 'Tristana')",5,0,5
"('Jayce', 'Nilah', 'Taliyah', 'Taric', 'Twisted Fate')",5,0,5
"('Camille', 'Hwei', 'Jhin', ""Rek'Sai"", 'Rumble')",5,0,5
"('Ashe', 'Lee Sin', 'Rakan', 'Rumble', 'Sett')",0,5,5
"('Graves', 'Karma', 'Skarner', 'Syndra', 'Varus')",5,0,5
"('Corki', 'Orianna', 'Pantheon', 'Rell', 'Yone')",5,0,5
"(""K'Sante"", ""Kai'Sa"", 'Karthus', 'Nautilus', 'Tristana')",2,3,5
"('Annie', 'Darius', ""Kai'Sa"", 'Rell', 'Taliyah')",5,0,5
"('Draven', 'Quinn', 'Rakan', 'Zed', 'Zyra')",5,0,5
"('Lillia', 'Lulu', 'Poppy', 'Yasuo', 'Zeri')",5,0,5
"('Ashe', 'Diana', 'Gragas', 'Nautilus', 'Viego')",0,5,5
"('Ashe', 'Camille', 'Corki', 'Gragas', 'Zilean')",0,5,5
"('Kindred', 'Neeko', 'Ornn', 'Vayne', 'Yasuo')",5,0,5
"('Ahri', 'Jinx', 'Nautilus', 'Renekton', 'Skarner')",5,0,5
"('Gragas', 'Jinx', 'Olaf', 'Thresh', 'Twisted Fate')",5,0,5
"('Blitzcrank', 'Camille', ""Kai'Sa"", 'Taliyah', 'Tristana')",0,5,5
"('Azir', 'Jinx', 'Kindred', 'Skarner', 'Thresh')",5,0,5
"(""Kai'Sa"", 'Kindred', 'Nautilus', 'Ryze', 'Skarner')",5,0,5
"(""Kai'Sa"", 'Lillia', 'Nautilus', 'Tristana', 'Tryndamere')",5,0,5
"('Diana', ""Kha'Zix"", 'Pyke', 'Rumble', 'Zeri')",0,5,5
"('Hwei', ""K'Sante"", 'Kindred', 'Rell', 'Zeri')",5,0,5
"('Hwei', 'Jhin', ""K'Sante"", 'Neeko', 'Viego')",0,5,5
"('Graves', ""Kai'Sa"", 'Orianna', 'Renata Glasc', 'Shen')",5,0,5
"('Camille', 'Galio', ""Kai'Sa"", 'Ornn', 'Pantheon')",0,5,5
"('Hwei', 'Lulu', 'Renekton', 'Taliyah', 'Vayne')",0,5,5
"('Alistar', 'Corki', 'Gnar', ""Kai'Sa"", 'Nidalee')",5,0,5
"('Ashe', 'Diana', 'Graves', 'Jhin', 'Twisted Fate')",5,0,5
"('Gragas', ""K'Sante"", 'LeBlanc', 'Nidalee', 'Tristana')",0,5,5
"('Camille', 'Corki', 'Graves', 'Nocturne', 'Zoe')",5,0,5
"('LeBlanc', 'Pantheon', 'Rell', 'Skarner', 'Zeri')",5,0,5
"('Akali', 'Ezreal', 'Graves', 'Rell', 'Ryze')",0,5,5
"('Lee Sin', 'Nautilus', 'Skarner', 'Varus', 'Zoe')",0,5,5
"('Graves', 'Jinx', 'LeBlanc', 'Nautilus', 'Viego')",5,0,5
"('Akali', 'Blitzcrank', 'Graves', 'Varus', 'Warwick')",5,0,5
"('Ahri', 'Ashe', 'Graves', 'Jax', 'Pyke')",5,0,5
"('Jinx', 'Ornn', ""Rek'Sai"", 'Rell', 'Yasuo')",5,0,5
"('Karthus', 'Lulu', 'Rakan', 'Yone', 'Zeri')",0,5,5
"('Lillia', 'Pantheon', 'Rell', 'Renekton', 'Zeri')",5,0,5
"('Ashe', 'Gwen', 'Karma', 'Skarner', 'Viego')",0,5,5
"('Camille', 'Nidalee', 'Rell', 'Varus', 'Yasuo')",5,0,5
"('Diana', 'Ornn', 'Rakan', 'Yasuo', 'Zeri')",0,5,5
"('Lucian', 'Nami', 'Skarner', 'Syndra', 'Viego')",0,5,5
"('Karma', 'Twisted Fate', 'Varus', 'Vex', 'Vi')",5,0,5
"('Gnar', 'Hecarim', 'Hwei', 'Rakan', 'Twitch')",5,0,5
"('Ahri', 'Jax', 'Poppy', ""Rek'Sai"", 'Varus')",5,0,5
"('Ashe', 'Braum', 'Camille', 'Hwei', 'Pantheon')",5,0,5
"('Hwei', 'Renekton', 'Sivir', 'Taliyah', 'Tristana')",0,5,5
"('Alistar', 'Ekko', 'Lee Sin', 'Twisted Fate', 'Viego')",5,0,5
"('Camille', 'Gangplank', 'Kalista', 'Taliyah', 'Tristana')",0,5,5
"('Bard', 'Brand', 'Camille', 'Jinx', 'Tristana')",5,0,5
"('Ahri', ""Kai'Sa"", 'Kennen', 'Kindred', 'Thresh')",5,0,5
"('Ashe', 'Gragas', 'Hecarim', 'Seraphine', 'Yasuo')",0,5,5
"('Azir', 'Kindred', 'Nautilus', 'Nilah', 'Skarner')",5,0,5
"('Kindred', 'Lulu', 'Rumble', 'Tristana', 'Twitch')",0,5,5
"('Braum', 'Ekko', 'Renekton', 'Tristana', 'Zeri')",0,5,5
"('Blitzcrank', 'Lux', 'Viego', 'Vladimir', 'Xayah')",5,0,5
"('Ahri', 'Cassiopeia', 'Jhin', 'Pantheon', 'Zyra')",0,5,5
"('Annie', 'Fiora', 'Hwei', 'Varus', 'Viego')",0,5,5
"('Ashe', 'Hecarim', 'Leona', 'Rumble', 'Yone')",5,0,5
"('Gragas', 'Graves', 'Hwei', ""Kai'Sa"", 'Rell')",5,0,5
"(""Kog'Maw"", 'Lee Sin', 'Rell', 'Smolder', 'Tristana')",5,0,5
"('Cassiopeia', 'Jhin', 'Rakan', 'Rumble', 'Vi')",5,0,5
"('Nidalee', 'Rumble', 'Senna', 'Tahm Kench', 'Tristana')",5,0,5
"('Ahri', ""K'Sante"", 'Nautilus', 'Taliyah', 'Twitch')",5,0,5
"('Graves', 'Hwei', 'Kalista', 'Nasus', 'Taric')",5,0,5
"(""Kai'Sa"", 'Pantheon', 'Rell', 'Renekton', 'Taliyah')",3,2,5
"('Aatrox', 'Fiddlesticks', 'Pyke', 'Tristana', 'Twitch')",5,0,5
"('Hwei', 'Jax', ""Kog'Maw"", 'Nautilus', 'Viego')",5,0,5
"('Blitzcrank', 'Cassiopeia', 'Graves', 'Skarner', 'Twitch')",0,5,5
"('Cassiopeia', 'Graves', 'LeBlanc', 'Pyke', 'Zeri')",5,0,5
"('Akshan', 'Alistar', 'Camille', 'Draven', 'Nidalee')",5,0,5
"(""Cho'Gath"", 'Jax', 'Pantheon', 'Pyke', 'Zed')",5,0,5
"('Jarvan IV', 'Lulu', 'Nocturne', 'Zed', 'Zeri')",0,5,5
"('Corki', 'Jax', 'Lillia', 'Rell', 'Zeri')",5,0,5
"('Fiddlesticks', 'Fiora', ""Kai'Sa"", 'Rell', 'Yone')",5,0,5
"('Ahri', 'Gwen', 'Jinx', 'Nautilus', 'Viego')",4,1,5
"('Brand', 'Jax', 'Nautilus', 'Yone', 'Zeri')",5,0,5
"('Ashe', 'Graves', 'Hwei', ""K'Sante"", 'Rakan')",0,5,5
"('Diana', ""Kai'Sa"", 'Pyke', 'Rengar', 'Rumble')",5,0,5
"('Corki', 'Nautilus', 'Nidalee', 'Poppy', 'Yone')",5,0,5
"('Diana', 'Hwei', 'Lee Sin', 'Skarner', 'Zeri')",5,0,5
"(""K'Sante"", 'Skarner', 'Taliyah', 'Tristana', 'Varus')",5,0,5
"('Akali', 'Kalista', 'Rell', 'Talon', 'Twisted Fate')",0,5,5
"('Aatrox', 'Caitlyn', ""K'Sante"", 'Leona', 'Lillia')",0,5,5
"('Cassiopeia', 'Kalista', 'Lillia', 'Poppy', 'Tristana')",0,5,5
"('Corki', 'Draven', 'Morgana', 'Nidalee', 'Pantheon')",5,0,5
"('Hwei', 'Jhin', 'Rumble', 'Twisted Fate', 'Viego')",5,0,5
"('Cassiopeia', 'Jax', 'Jhin', 'Neeko', 'Yone')",5,0,5
"('Jinx', 'Karthus', 'Riven', 'Thresh', 'Tristana')",5,0,5
"('Jax', 'Lucian', 'Nami', 'Nidalee', 'Yasuo')",0,5,5
"('Ashe', 'Diana', ""Rek'Sai"", 'Skarner', 'Varus')",0,5,5
"('Elise', ""Kog'Maw"", 'Rell', 'Riven', 'Tristana')",5,0,5
"('Irelia', ""Kai'Sa"", 'Kindred', 'Rell', 'Riven')",0,5,5
"(""Kai'Sa"", 'Rell', 'Rumble', 'Sylas', 'Viego')",3,2,5
"('Irelia', 'Nidalee', 'Qiyana', 'Rell', 'Zeri')",0,5,5
"('Rakan', 'Rumble', 'Twisted Fate', 'Viego', 'Zeri')",4,1,5
"('Alistar', 'Corki', 'Pantheon', 'Qiyana', 'Shen')",5,0,5
"('Aphelios', 'Lillia', 'Skarner', 'Tahm Kench', 'Tristana')",5,0,5
"('Elise', 'Jax', 'Kalista', 'Taric', 'Yone')",5,0,5
"('Jinx', 'Nautilus', 'Skarner', 'Taliyah', 'Viego')",5,0,5
"('Fiddlesticks', ""Kai'Sa"", 'Rell', 'Riven', 'Yone')",0,5,5
"('Camille', 'Draven', 'LeBlanc', 'Rumble', 'Viego')",0,5,5
"('Ashe', 'Hwei', 'Lee Sin', 'Rell', 'Rumble')",5,0,5
"('Bard', 'Skarner', 'Syndra', 'Talon', 'Ziggs')",0,5,5
"('Corki', 'Fiddlesticks', 'Rumble', 'Skarner', 'Yone')",5,0,5
"('Fiddlesticks', 'Galio', 'Rakan', 'Tryndamere', 'Varus')",5,0,5
"('Galio', 'Leona', 'Master Yi', 'Twisted Fate', 'Zeri')",5,0,5
"('Hwei', 'Jinx', ""K'Sante"", 'Nautilus', 'Taliyah')",0,5,5
"('Camille', 'Corki', 'Nidalee', 'Rumble', 'Varus')",0,5,5
"('Blitzcrank', 'Diana', 'Jinx', 'Skarner', 'Twisted Fate')",5,0,5
"('Hwei', ""K'Sante"", 'Senna', 'Viego', 'Zac')",5,0,5
"('Cassiopeia', 'Jax', 'Jinx', 'Lee Sin', 'Thresh')",5,0,5
"('Corki', ""Rek'Sai"", 'Rumble', 'Smolder', 'Zed')",0,5,5
"('Aurelion Sol', 'Graves', 'Rumble', 'Seraphine', 'Varus')",5,0,5
"(""Kai'Sa"", 'LeBlanc', 'Rakan', ""Rek'Sai"", 'Renekton')",5,0,5
"('Graves', 'Jax', 'LeBlanc', 'Leona', 'Varus')",0,5,5
"('Irelia', ""Kai'Sa"", 'Shen', 'Vex', 'Viego')",5,0,5
"('Ashe', 'Kennen', 'Nautilus', 'Nidalee', 'Tristana')",5,0,5
"('Gwen', 'Rakan', 'Skarner', 'Tristana', 'Zeri')",5,0,5
"('Ashe', 'Ivern', 'Riven', 'Rumble', 'Varus')",5,0,5
"('Ahri', 'Jinx', 'Nautilus', 'Riven', 'Viego')",5,0,5
"('Aphelios', 'LeBlanc', 'Nautilus', 'Pantheon', 'Rumble')",5,0,5
"('Gragas', ""Kai'Sa"", 'Nautilus', 'Renekton', 'Yasuo')",5,0,5
"('Cassiopeia', 'Katarina', 'Leona', 'Tristana', 'Viego')",5,0,5
"('Ahri', 'Cassiopeia', 'Galio', 'Jax', 'Xin Zhao')",5,0,5
"('Braum', 'Cassiopeia', 'Ezreal', 'Lee Sin', 'Rumble')",0,5,5
"('Cassiopeia', 'Corki', 'Graves', ""Kai'Sa"", 'Nautilus')",5,0,5
"('Gragas', ""Kai'Sa"", 'Nautilus', 'Tristana', 'Viego')",4,1,5
"(""Kai'Sa"", 'Nasus', 'Orianna', 'Rell', 'Viego')",5,0,5
"('Azir', 'Camille', 'Draven', 'Pantheon', 'Skarner')",0,5,5
"('Gragas', 'Hwei', 'Jax', ""Kai'Sa"", 'Pantheon')",0,5,5
"('Corki', 'Hwei', 'Pantheon', 'Rumble', 'Seraphine')",5,0,5
"('Hecarim', 'Jinx', 'Poppy', 'Syndra', 'Zac')",5,0,5
"('Camille', ""Kai'Sa"", 'LeBlanc', 'Nautilus', 'Viego')",4,1,5
"('Diana', 'Hecarim', 'Nilah', 'Poppy', 'Thresh')",5,0,5
"('Ezreal', 'Galio', 'Kindred', 'Rell', 'Twisted Fate')",5,0,5
"('Corki', 'Jinx', 'Lulu', 'Maokai', 'Skarner')",5,0,5
"('Jayce', ""K'Sante"", ""Kai'Sa"", 'Lillia', 'Nautilus')",0,5,5
"('Ashe', 'Braum', 'LeBlanc', 'Skarner', 'Vi')",5,0,5
"('Aurelion Sol', 'Braum', 'Taliyah', 'Varus', 'Vayne')",0,5,5
"('Corki', 'Nidalee', 'Thresh', 'Tryndamere', 'Zeri')",5,0,5
"('Caitlyn', 'Cassiopeia', 'Rell', 'Tristana', 'Xin Zhao')",5,0,5
"('Darius', ""Kai'Sa"", 'Rell', 'Udyr', ""Vel'Koz"")",5,0,5
"('Ahri', 'Corki', 'Pantheon', 'Rell', 'Skarner')",0,5,5
"('Lillia', 'Nautilus', 'Rengar', 'Tristana', 'Zeri')",0,5,5
"('Graves', ""K'Sante"", 'Nautilus', 'Syndra', 'Varus')",5,0,5
"('Gragas', 'Graves', ""Kai'Sa"", 'Kled', 'Nautilus')",0,5,5
"('Cassiopeia', 'Graves', 'Hwei', 'Nautilus', 'Varus')",5,0,5
"('Camille', 'Hwei', ""Kai'Sa"", ""Rek'Sai"", 'Twisted Fate')",5,0,5
"('Hwei', 'Illaoi', ""Kai'Sa"", 'Lee Sin', 'Nautilus')",0,5,5
"('Aphelios', 'Jax', 'Nidalee', 'Seraphine', 'Yasuo')",0,5,5
"('Camille', ""Kai'Sa"", 'Nidalee', 'Rell', 'Tristana')",3,2,5
"('Jax', 'LeBlanc', 'Lucian', 'Nami', 'Viego')",5,0,5
"(""K'Sante"", 'Nidalee', 'Rell', 'Varus', 'Yasuo')",0,5,5
"('Corki', 'Dr. Mundo', 'Lillia', 'Malphite', 'Nautilus')",0,5,5
"('Draven', 'Graves', 'Poppy', 'Riven', 'Sylas')",0,5,5
"('Ashe', 'Corki', 'Jax', 'Nautilus', 'Taliyah')",5,0,5
"('Cassiopeia', ""Kai'Sa"", 'Kindred', 'Pantheon', 'Rell')",0,5,5
"('Aphelios', 'Hecarim', 'Hwei', ""K'Sante"", 'Rakan')",5,0,5
"('Akshan', 'Nautilus', 'Riven', 'Sivir', 'Taliyah')",5,0,5
"('Ashe', 'Brand', 'Cassiopeia', 'Corki', 'Rell')",0,5,5
"('Gwen', 'Hwei', ""Rek'Sai"", 'Rell', 'Varus')",5,0,5
"('Gwen', 'Poppy', 'Seraphine', 'Tristana', 'Xin Zhao')",5,0,5
"('Graves', 'Lux', 'Rakan', 'Rumble', 'Varus')",0,5,5
"(""Kai'Sa"", 'Neeko', 'Nidalee', 'Poppy', 'Tristana')",0,5,5
"('Brand', 'Hecarim', ""Kai'Sa"", 'Leona', 'Vayne')",5,0,5
"('Gragas', 'Jinx', ""Rek'Sai"", 'Thresh', 'Twisted Fate')",5,0,5
"('Jax', 'Kindred', 'Nautilus', 'Orianna', ""Vel'Koz"")",5,0,5
"('Ahri', 'Ashe', 'Braum', 'Renekton', 'Vi')",5,0,5
"('Caitlyn', 'Gnar', 'Hecarim', 'Rakan', 'Taliyah')",0,5,5
"('Ashe', 'Blitzcrank', 'Gnar', 'Poppy', 'Taliyah')",5,0,5
"('Corki', ""Kai'Sa"", 'Lillia', 'Sett', 'Zac')",5,0,5
"('Ashe', 'Jax', 'Nautilus', 'Nidalee', 'Tristana')",0,5,5
"('Camille', 'Hwei', 'Karthus', 'Lucian', 'Nautilus')",0,5,5
"('Brand', ""Kai'Sa"", 'Pyke', 'Skarner', 'Tristana')",5,0,5
"('Ahri', 'Nidalee', 'Pantheon', 'Rell', 'Varus')",0,5,5
"('Bard', 'Jhin', 'Mordekaiser', 'Sylas', 'Viego')",0,5,5
"('Akali', 'Corki', 'Rakan', 'Taliyah', 'Vayne')",5,0,5
"('Corki', ""Kog'Maw"", 'Maokai', 'Senna', 'Zac')",0,5,5
"('Rell', 'Samira', 'Taliyah', 'Talon', 'Zac')",0,5,5
"('Alistar', 'Aphelios', 'Camille', 'Nidalee', 'Yasuo')",5,0,5
"('Jax', 'Jayce', 'Rakan', 'Rumble', 'Zeri')",0,5,5
"('Corki', ""Kai'Sa"", 'Nidalee', 'Rell', 'Twisted Fate')",4,1,5
"('Aatrox', 'Hwei', ""Kai'Sa"", 'Lee Sin', 'Pyke')",5,0,5
"('Dr. Mundo', 'Graves', 'Kalista', 'Kassadin', 'Renata Glasc')",0,5,5
"('Cassiopeia', 'Poppy', 'Tristana', 'Twitch', 'Zac')",5,0,5
"('Galio', 'Graves', 'Kalista', 'Rumble', 'Twisted Fate')",0,5,5
"('Brand', 'Jinx', 'Lux', 'Skarner', 'Zed')",0,5,5
"('Bard', 'Rumble', 'Tristana', 'Zac', 'Zeri')",5,0,5
"('Blitzcrank', 'Draven', 'Jax', 'LeBlanc', 'Taliyah')",0,5,5
"('Blitzcrank', 'Cassiopeia', ""Kai'Sa"", 'Poppy', 'Tristana')",5,0,5
"('Alistar', 'Darius', 'Twitch', 'Yasuo', 'Zyra')",5,0,5
"('Nautilus', 'Skarner', 'Varus', 'Yone', 'Zac')",5,0,5
"('Draven', 'Karthus', 'Pyke', 'Shen', 'Tristana')",0,5,5
"('Ashe', 'Blitzcrank', 'Ekko', 'Jax', 'Tristana')",5,0,5
"('Akali', 'Alistar', 'Graves', ""Kai'Sa"", 'Malphite')",5,0,5
"('Akali', 'Braum', 'Jinx', 'Malphite', 'Skarner')",5,0,5
"('Kennen', 'Nautilus', 'Orianna', 'Samira', 'Shaco')",0,5,5
"('Draven', 'Irelia', 'Ivern', 'Rell', 'Rumble')",5,0,5
"('Blitzcrank', ""Kai'Sa"", 'Nidalee', 'Orianna', 'Urgot')",5,0,5
"('Bard', 'Camille', 'Jhin', 'LeBlanc', 'Lee Sin')",0,5,5
"('Corki', 'Draven', 'Skarner', 'Thresh', 'Zac')",0,5,5
"('Hwei', 'Lee Sin', 'Rell', 'Rumble', 'Varus')",0,5,5
"('Draven', ""Kai'Sa"", 'Rell', 'Skarner', 'Taliyah')",5,0,5
"('Camille', 'Jayce', 'Lillia', 'Varus', 'Zac')",5,0,5
"('Aurelion Sol', ""Kha'Zix"", 'Lucian', 'Nami', 'Rumble')",5,0,5
"('Nautilus', 'Pantheon', 'Taliyah', 'Tryndamere', 'Varus')",5,0,5
"('Ashe', 'Rumble', 'Seraphine', 'Tristana', 'Vi')",0,5,5
"(""Kai'Sa"", 'Nidalee', 'Rakan', 'Vayne', 'Zac')",5,0,5
"('Aphelios', 'Hwei', 'Lee Sin', 'Rakan', 'Skarner')",0,5,5
"('Ivern', ""Kai'Sa"", 'Nautilus', 'Skarner', 'Zac')",0,5,5
"('Ashe', 'Ekko', 'Pantheon', 'Rumble', 'Skarner')",5,0,5
"('Ivern', 'Jayce', 'Pyke', 'Yone', 'Ziggs')",5,0,5
"('Fiddlesticks', 'Jayce', ""Kai'Sa"", 'Nautilus', 'Skarner')",0,5,5
"('Alistar', 'Camille', 'Elise', ""Kai'Sa"", 'Skarner')",5,0,5
"('Ahri', 'Braum', 'Ezreal', 'Gnar', 'Graves')",5,0,5
"(""Kog'Maw"", 'Lulu', 'Poppy', 'Renekton', 'Zac')",5,0,5
"('Brand', 'Corki', 'Nautilus', 'Tristana', 'Twisted Fate')",0,5,5
"('Lillia', 'Maokai', 'Senna', 'Skarner', 'Twisted Fate')",5,0,5
"('Draven', 'Sett', 'Sion', 'Viego', 'Zac')",0,5,5
"(""Kai'Sa"", 'Skarner', 'Taliyah', 'Yone', 'Zed')",0,5,5
"('Graves', ""Kai'Sa"", 'Nautilus', 'Sion', 'Syndra')",5,0,5
"('Graves', 'Jax', 'Jhin', 'LeBlanc', 'Seraphine')",0,5,5
"('Jax', 'Jhin', 'Katarina', 'Rumble', 'Viego')",0,5,5
"('Blitzcrank', 'Galio', ""Kog'Maw"", 'Nocturne', 'Viego')",5,0,5
"('Aatrox', 'Lillia', 'Nautilus', 'Twitch', 'Yasuo')",0,5,5
"('Camille', 'Ivern', ""Kai'Sa"", 'Taric', 'Tristana')",0,5,5
"('Corki', 'Nautilus', 'Twisted Fate', 'Zac', 'Zeri')",0,5,5
"('Graves', 'LeBlanc', 'Lucian', 'Nami', 'Skarner')",5,0,5
"('Azir', 'Graves', ""K'Sante"", 'Kalista', 'Nautilus')",4,1,5
"('Camille', 'Nautilus', 'Nidalee', 'Yasuo', 'Zeri')",0,5,5
"('Ashe', 'Galio', 'Gnar', 'Kindred', 'Nautilus')",5,0,5
"('Corki', ""Kai'Sa"", 'Lee Sin', 'Rell', 'Rumble')",0,5,5
"('Blitzcrank', 'Lucian', 'Lux', 'Nunu & Willump', 'Rengar')",5,0,5
"('Karthus', 'Nautilus', 'Shen', 'Tristana', 'Zeri')",5,0,5
"('Corki', 'Jax', 'Nidalee', 'Rakan', 'Zeri')",0,5,5
"('Jax', 'Nautilus', 'Taliyah', 'Varus', 'Yone')",5,0,5
"('Jax', ""Kai'Sa"", 'Pyke', 'Taliyah', 'Yone')",5,0,5
"(""Kai'Sa"", 'Kennen', 'Leona', 'Talon', 'Yasuo')",0,5,5
"('Akali', 'Ashe', 'Braum', 'Syndra', 'Xin Zhao')",0,5,5
"('Brand', 'Jhin', 'Nautilus', 'Skarner', 'Tristana')",5,0,5
"('Darius', 'Rakan', 'Skarner', 'Tristana', 'Twisted Fate')",5,0,5
"('Azir', 'Lee Sin', 'Rell', 'Skarner', 'Varus')",0,5,5
"('Gnar', 'Hecarim', ""Kai'Sa"", 'Lissandra', 'Nautilus')",5,0,5
"('Caitlyn', 'Jayce', 'Karma', 'Ryze', 'Skarner')",5,0,5
"('Lucian', 'Master Yi', 'Nautilus', 'Riven', 'Rumble')",0,5,5
"('Camille', 'Renekton', 'Udyr', 'Varus', 'Vex')",5,0,5
"('Brand', 'Jax', 'Jinx', 'Nautilus', 'Tristana')",0,5,5
"('Ahri', 'Kennen', 'Nautilus', ""Rek'Sai"", 'Zeri')",0,5,5
"('Diana', 'Kalista', ""Kha'Zix"", 'Rell', 'Skarner')",0,5,5
"('Akali', 'Kindred', 'Nautilus', 'Nocturne', 'Senna')",5,0,5
"('Ahri', 'Hecarim', 'Jinx', 'Rell', 'Rumble')",5,0,5
"('Gragas', ""Kai'Sa"", 'Nocturne', 'Rell', 'Tristana')",5,0,5
"('Kindred', 'LeBlanc', 'Ornn', 'Senna', 'Warwick')",5,0,5
"('Ashe', 'Gragas', ""K'Sante"", 'Seraphine', 'Yasuo')",5,0,5
"('Ashe', 'Braum', 'Ryze', 'Viego', 'Xerath')",5,0,5
"('LeBlanc', 'Nautilus', 'Rumble', 'Smolder', 'Viego')",5,0,5
"('Corki', 'Pyke', 'Viego', 'Viktor', 'Warwick')",5,0,5
"('Ashe', 'Jayce', 'LeBlanc', 'Skarner', 'Taliyah')",5,0,5
"('Akshan', ""Kai'Sa"", 'Karthus', 'Nautilus', 'Rumble')",0,5,5
"('Ahri', 'Graves', 'Jax', 'Jinx', 'Thresh')",5,0,5
"('Nautilus', 'Nidalee', 'Smolder', 'Tryndamere', 'Zac')",0,5,5
"('Aurelion Sol', 'Ezreal', 'Hwei', 'Jax', 'Master Yi')",0,5,5
"('Ashe', 'Braum', 'Jax', 'Lee Sin', 'Vex')",5,0,5
"('Braum', 'Katarina', 'Skarner', 'Zeri', 'Zyra')",5,0,5
"('Jhin', 'Kennen', 'Nocturne', 'Pantheon', 'Zilean')",5,0,5
"(""K'Sante"", 'Nautilus', 'Nidalee', 'Senna', 'Yone')",5,0,5
"('Ashe', 'Braum', 'Camille', 'Hecarim', 'Hwei')",5,0,5
"('Ashe', 'Braum', 'Graves', 'Hwei', 'Renekton')",5,0,5
"('Ashe', 'Camille', 'Jax', 'Rengar', 'Ziggs')",5,0,5
"('LeBlanc', 'Lee Sin', 'Rell', 'Twisted Fate', 'Zeri')",0,5,5
"('Graves', 'Katarina', 'Poppy', 'Rakan', 'Sivir')",5,0,5
"('Brand', 'Nautilus', 'Renekton', 'Senna', 'Yone')",5,0,5
"('Jax', 'Jhin', 'Rakan', ""Rek'Sai"", 'Twisted Fate')",5,0,5
"('Aurelion Sol', 'Jinx', 'Lee Sin', 'Rumble', 'Thresh')",3,2,5
"('Alistar', 'Corki', ""Kai'Sa"", 'Rumble', 'Viego')",5,0,5
"('Gragas', 'Graves', 'Hwei', ""Kai'Sa"", 'Nautilus')",5,0,5
"('Lillia', 'Rell', 'Samira', 'Skarner', 'Tristana')",0,5,5
"('Ashe', 'Gwen', 'Katarina', 'Sejuani', 'Thresh')",5,0,5
"('Darius', ""Kai'Sa"", 'Nautilus', 'Pyke', 'Taliyah')",0,5,5
"('Hwei', 'Jinx', 'Master Yi', 'Skarner', 'Thresh')",0,5,5
"('Camille', ""Kai'Sa"", 'Rell', 'Taliyah', 'Tristana')",0,5,5
"('Ashe', 'Camille', 'Katarina', 'Taliyah', 'Zeri')",5,0,5
"('Aatrox', 'Corki', 'Diana', 'Nautilus', 'Viego')",0,5,5
"('Braum', 'Katarina', 'Nidalee', 'Pantheon', 'Zeri')",5,0,5
"('Caitlyn', ""K'Sante"", 'Neeko', 'Twisted Fate', 'Viego')",5,0,5
"('Camille', 'Kalista', 'Skarner', 'Taliyah', 'Tristana')",0,5,5
"('Graves', 'Kennen', 'Leona', 'Yone', 'Ziggs')",0,5,5
"('Ashe', 'Diana', 'Rumble', 'Skarner', 'Viego')",5,0,5
"('Fiora', 'Hwei', 'Rakan', 'Viego', 'Zeri')",4,1,5
"('Corki', 'Jax', 'Karma', 'Poppy', ""Vel'Koz"")",5,0,5
"('Irelia', 'Kennen', 'Lee Sin', 'Lucian', 'Nami')",1,4,5
"('Akali', 'Ashe', 'Braum', 'Jax', 'Skarner')",5,0,5
"('Jax', ""Kai'Sa"", 'Nami', 'Taliyah', 'Tristana')",5,0,5
"('Ashe', 'Graves', 'Hwei', 'Poppy', 'Rell')",0,5,5
"('Kalista', 'Neeko', 'Nidalee', 'Renekton', 'Yone')",0,5,5
"('Ezreal', 'Jax', ""K'Sante"", 'Katarina', 'Seraphine')",5,0,5
"(""Kai'Sa"", 'Lillia', 'Rell', 'Renekton', 'Yone')",5,0,5
"('Aatrox', ""Kai'Sa"", 'Nautilus', 'Taliyah', 'Zac')",0,5,5
"('Ashe', 'Corki', 'Illaoi', 'LeBlanc', 'Rammus')",0,5,5
"('Aurelion Sol', 'Braum', 'Graves', ""Kog'Maw"", 'Nasus')",5,0,5
"('Jayce', ""Kai'Sa"", 'Maokai', 'Rakan', 'Tristana')",5,0,5
"('Akshan', 'Corki', 'Leona', 'Nidalee', 'Vayne')",0,5,5
"('Brand', 'Jax', 'Lucian', 'Nami', 'Xin Zhao')",5,0,5
"('Hwei', 'Jinx', 'Seraphine', 'Skarner', 'Vi')",0,5,5
"('Darius', 'Maokai', 'Pantheon', 'Senna', 'Talon')",5,0,5
"(""Kai'Sa"", 'Rell', 'Rengar', 'Riven', 'Twisted Fate')",0,5,5
"('Caitlyn', 'Kennen', ""Rek'Sai"", 'Rumble', 'Taliyah')",5,0,5
"('Caitlyn', 'Karma', 'Malzahar', 'Skarner', 'Viego')",0,5,5
"('Hwei', 'Rell', 'Rumble', 'Talon', 'Zeri')",5,0,5
"('Jax', ""Kai'Sa"", 'Poppy', 'Taliyah', 'Yone')",0,5,5
"('Jax', 'Nautilus', 'Nunu & Willump', 'Shen', 'Tristana')",0,5,5
"('Camille', 'Kindred', 'LeBlanc', 'Lucian', 'Nami')",5,0,5
"('Hwei', 'Jinx', 'Kennen', 'Kindred', 'Thresh')",0,5,5
"('Camille', 'Galio', 'Gwen', 'Lee Sin', 'Zeri')",5,0,5
"('Brand', 'Jinx', 'Nautilus', 'Tristana', 'Twisted Fate')",5,0,5
"('Alistar', 'Rumble', 'Yone', 'Zac', 'Zeri')",5,0,5
"('Caitlyn', 'Orianna', 'Pyke', 'Udyr', 'Viego')",0,5,5
"('Ashe', 'Kennen', 'Seraphine', 'Twisted Fate', 'Viego')",3,2,5
"('Ashe', 'Rell', 'Taliyah', 'Twisted Fate', 'Viego')",5,0,5
"('Jax', 'Nidalee', 'Rakan', 'Tristana', 'Zeri')",3,2,5
"('Ashe', 'Jax', 'Katarina', 'Seraphine', 'Viego')",0,5,5
"(""Bel'Veth"", 'Galio', 'Nautilus', 'Samira', 'Skarner')",5,0,5
"('Blitzcrank', 'Graves', 'Orianna', 'Rumble', 'Sivir')",5,0,5
"('Hwei', 'Rakan', 'Ryze', 'Viego', 'Zeri')",0,5,5
"('Graves', 'Jax', ""Kai'Sa"", 'Nautilus', 'Twisted Fate')",4,1,5
"('Jax', 'Leona', 'Nidalee', 'Tristana', 'Varus')",5,0,5
"('Aatrox', 'Hwei', 'Nilah', 'Rell', 'Zac')",0,5,5
"('Jayce', ""Kai'Sa"", 'Kennen', 'Skarner', 'Talon')",0,5,5
"('Caitlyn', 'Cassiopeia', 'Pyke', 'Viego', 'Xin Zhao')",0,5,5
"('Aphelios', 'Darius', 'Kindred', 'Rell', 'Twisted Fate')",1,4,5
"('Alistar', 'Irelia', 'Jhin', 'Renekton', 'Taliyah')",5,0,5
"('Azir', 'Caitlyn', 'Hwei', 'Nasus', 'Poppy')",0,5,5
"(""Kai'Sa"", 'Katarina', 'Kennen', 'Leona', 'Viego')",0,5,5
"('Brand', 'Camille', 'Corki', 'Renekton', 'Zeri')",5,0,5
"('Caitlyn', 'Orianna', 'Twisted Fate', 'Viego', 'Zac')",0,5,5
"('Akshan', 'Caitlyn', 'Pantheon', 'Poppy', 'Seraphine')",5,0,5
"('Caitlyn', 'Camille', 'Orianna', 'Poppy', 'Shaco')",5,0,5
"('Caitlyn', 'Karma', 'Poppy', 'Sejuani', 'Warwick')",0,5,5
"('Alistar', 'Hwei', 'Skarner', 'Varus', 'Viego')",5,0,5
"('Ashe', 'Braum', 'Hwei', ""Rek'Sai"", 'Rumble')",0,5,5
"('Ashe', ""K'Sante"", 'Lee Sin', 'Lillia', 'Nautilus')",5,0,5
"('Hwei', 'Jax', 'Rell', 'Vayne', 'Viego')",0,5,5
"('Caitlyn', 'Ekko', 'Kled', 'Nautilus', 'Nidalee')",0,5,5
"('Caitlyn', 'Camille', 'Hwei', 'Pantheon', 'Pyke')",5,0,5
"('Irelia', ""Kai'Sa"", 'Nidalee', 'Rell', 'Sion')",0,5,5
"('Caitlyn', 'Lissandra', 'Lux', 'Nunu & Willump', 'Tryndamere')",5,0,5
"('Ezreal', 'Karma', 'LeBlanc', 'Skarner', 'Talon')",5,0,5
"(""Kai'Sa"", 'Nautilus', 'Nidalee', 'Rumble', 'Yone')",5,0,5
"(""K'Sante"", 'Nidalee', 'Skarner', 'Tristana', 'Varus')",5,0,5
"('Azir', 'Graves', 'Lucian', 'Rell', 'Rumble')",5,0,5
"('Blitzcrank', 'Gragas', 'Pantheon', 'Sivir', 'Twisted Fate')",5,0,5
"('Blitzcrank', 'Caitlyn', 'Galio', 'Orianna', 'Rengar')",0,5,5
"('Graves', 'Hwei', 'Olaf', 'Rakan', 'Zeri')",5,0,5
"('Hwei', 'Jayce', 'Jinx', ""Kha'Zix"", 'Thresh')",5,0,5
"('Braum', 'Cassiopeia', 'Jinx', 'Lillia', 'Tristana')",5,0,5
"('Galio', 'Graves', 'Leona', 'Udyr', 'Varus')",0,5,5
"('Caitlyn', 'Jayce', 'Lillia', 'Nautilus', 'Yone')",5,0,5
"('Ivern', ""Kai'Sa"", 'Nautilus', 'Renekton', 'Tristana')",0,5,5
"('Jinx', 'Nautilus', 'Rumble', 'Shen', 'Zed')",5,0,5
"('Corki', 'Hwei', 'Pyke', 'Twisted Fate', 'Vi')",0,5,5
"('Graves', ""Kai'Sa"", 'Neeko', 'Pantheon', 'Rell')",0,5,5
"('Aatrox', 'Hwei', ""Kai'Sa"", 'Lee Sin', 'Nautilus')",2,3,5
"('Camille', 'Galio', ""Kai'Sa"", 'Nidalee', 'Tristana')",5,0,5
"('Diana', ""Kai'Sa"", 'Rell', 'Skarner', 'Yasuo')",5,0,5
"('Ashe', 'Graves', 'Rumble', 'Skarner', 'Twisted Fate')",0,5,5
"('Alistar', 'Ashe', 'Aurelion Sol', 'Rengar', 'Rumble')",5,0,5
"('Aphelios', 'Lucian', 'Rell', 'Rumble', 'Shaco')",0,5,5
"('Ashe', 'Gragas', 'Seraphine', 'Twisted Fate', 'Zed')",0,5,5
"('Corki', 'Karthus', 'Nautilus', 'Smolder', 'Twisted Fate')",5,0,5
"('Diana', 'Jhin', 'Leona', 'Master Yi', 'Vladimir')",0,5,5
"('Cassiopeia', 'Draven', 'Nautilus', 'Twisted Fate', 'Viego')",0,5,5
"('Darius', ""Kai'Sa"", 'Rakan', 'Shaco', 'Syndra')",5,0,5
"('Braum', 'Jinx', 'Lillia', 'Qiyana', 'Skarner')",5,0,5
"('Ashe', 'Hwei', 'Pantheon', 'Rell', 'Shaco')",0,5,5
"('Alistar', 'Katarina', 'Rumble', 'Viego', 'Zeri')",5,0,5
"('Aphelios', 'Blitzcrank', 'Taliyah', 'Tristana', 'Twisted Fate')",0,5,5
"('Pyke', 'Volibear', 'Yone', 'Zac', 'Zeri')",0,5,5
"('Ekko', 'Jax', 'Lulu', 'Twisted Fate', 'Zeri')",5,0,5
"('Irelia', 'Master Yi', 'Rell', 'Skarner', 'Zeri')",5,0,5
"('Ashe', 'Hecarim', 'Kennen', 'Rumble', 'Zed')",0,5,5
"('Ashe', 'Nautilus', 'Nidalee', 'Renekton', 'Tristana')",0,5,5
"('Alistar', ""K'Sante"", 'LeBlanc', 'Varus', 'Viego')",5,0,5
"('Graves', 'Jax', 'Leona', 'Twisted Fate', 'Ziggs')",0,5,5
"('Alistar', 'Jayce', 'Nocturne', 'Taliyah', 'Varus')",5,0,5
"('Jhin', 'Katarina', 'Leona', 'Renekton', 'Viego')",0,5,5
"('Hwei', 'Jayce', 'Senna', 'Seraphine', 'Xin Zhao')",5,0,5
"('Gnar', 'Nidalee', 'Rell', 'Syndra', 'Varus')",5,0,5
"('Azir', 'Kalista', 'Pyke', ""Rek'Sai"", 'Rumble')",0,5,5
"('Blitzcrank', 'Elise', 'Jayce', ""K'Sante"", ""Kai'Sa"")",5,0,5
"('Jhin', ""K'Sante"", 'Leona', 'Taliyah', 'Yone')",5,0,5
"('Cassiopeia', ""K'Sante"", 'Lucian', 'Nami', 'Xin Zhao')",0,5,5
"('Alistar', 'Gnar', 'Jinx', 'Qiyana', 'Taliyah')",0,5,5
"(""K'Sante"", ""Kai'Sa"", 'LeBlanc', 'Pyke', 'Talon')",5,0,5
"('Kalista', 'Lillia', 'Pantheon', 'Pyke', 'Renekton')",5,0,5
"('Akali', ""Kai'Sa"", 'Rell', 'Tristana', 'Zyra')",0,5,5
"('Brand', 'Caitlyn', 'Lulu', 'Tristana', 'Warwick')",5,0,5
"('Gnar', ""Kai'Sa"", 'Rakan', 'Taliyah', 'Tristana')",5,0,5
"('Brand', ""Kai'Sa"", 'Nautilus', 'Rumble', 'Talon')",5,0,5
"('Dr. Mundo', ""Kai'Sa"", 'Karthus', 'Neeko', 'Viego')",0,5,5
"('Blitzcrank', 'Hecarim', ""Kai'Sa"", 'Orianna', 'Warwick')",5,0,5
"('Jax', ""Kai'Sa"", 'Kindred', 'Rell', 'Twisted Fate')",5,0,5
"('Corki', 'Janna', 'Nidalee', 'Nilah', 'Twisted Fate')",0,5,5
"('Rakan', 'Riven', 'Xin Zhao', 'Zeri', 'Ziggs')",5,0,5
"('Fiddlesticks', 'Jayce', ""K'Sante"", 'Kalista', 'Rumble')",5,0,5
"('Alistar', 'Graves', 'Hwei', 'Rumble', 'Varus')",5,0,5
"('Azir', 'Graves', 'Kalista', 'Nautilus', 'Poppy')",0,5,5
"('Corki', 'Hwei', 'Nidalee', 'Zac', 'Zeri')",5,0,5
"('Azir', ""K'Sante"", ""Kai'Sa"", 'Senna', 'Viego')",0,5,5
"('Ezreal', 'Graves', 'Pyke', 'Sylas', 'Zac')",0,5,5
"('Blitzcrank', 'Ezreal', ""Rek'Sai"", 'Rumble', 'Zed')",5,0,5
"('Akali', 'Irelia', 'Kindred', 'Twitch', 'Yuumi')",5,0,5
"('Galio', 'Gragas', 'Jinx', 'Thresh', 'Vi')",0,4,4
"('Camille', 'Corki', ""Kai'Sa"", 'Nautilus', 'Nidalee')",4,0,4
"('Akshan', 'Annie', 'Taliyah', 'Twisted Fate', 'Zyra')",4,0,4
"('Caitlyn', 'Rumble', 'Shaco', 'Thresh', 'Zac')",4,0,4
"('Ashe', 'Camille', 'Qiyana', 'Shaco', 'Volibear')",0,4,4
"('Ahri', 'Cassiopeia', ""Kai'Sa"", 'Skarner', 'Viego')",0,4,4
"('Gwen', 'Rell', 'Renekton', 'Samira', 'Yasuo')",4,0,4
"('Kalista', 'Nautilus', 'Pantheon', ""Rek'Sai"", 'Sylas')",4,0,4
"('Ashe', ""K'Sante"", 'Master Yi', 'Pyke', 'Twisted Fate')",0,4,4
"('Camille', 'Draven', 'LeBlanc', 'Nautilus', 'Viego')",4,0,4
"('Ezreal', 'Gragas', 'Syndra', 'Xin Zhao', 'Zoe')",4,0,4
"('Galio', 'Master Yi', 'Rakan', 'Rumble', 'Zeri')",4,0,4
"('Alistar', 'Gragas', 'Neeko', 'Renekton', 'Varus')",0,4,4
"('Poppy', 'Rakan', 'Sivir', 'Taliyah', 'Tristana')",4,0,4
"('Ashe', 'Lee Sin', 'Pyke', 'Syndra', 'Twisted Fate')",4,0,4
"('Aphelios', 'Milio', 'Nidalee', 'Skarner', 'Tristana')",4,0,4
"('Aatrox', 'Cassiopeia', 'Galio', 'Pantheon', 'Rakan')",0,4,4
"('Ashe', 'LeBlanc', 'Poppy', 'Rakan', 'Vayne')",4,0,4
"('Aphelios', 'LeBlanc', 'Shaco', 'Thresh', 'Tryndamere')",0,4,4
"('Ezreal', 'Gnar', 'Lee Sin', 'Neeko', 'Twisted Fate')",4,0,4
"('Camille', 'Gragas', 'Pantheon', 'Varus', 'Zoe')",0,4,4
"('Ashe', 'LeBlanc', 'Nautilus', 'Nocturne', 'Pantheon')",0,4,4
"('Aphelios', 'Hwei', ""K'Sante"", 'Thresh', 'Viego')",0,4,4
"('Gragas', 'Jayce', 'Pyke', 'Varus', 'Vladimir')",0,4,4
"('Annie', ""Kai'Sa"", 'Nami', 'Pantheon', 'Tryndamere')",0,4,4
"('Neeko', 'Rengar', 'Rumble', 'Twitch', 'Viego')",0,4,4
"('Fiddlesticks', 'Jhin', 'Nautilus', 'Urgot', 'Zoe')",4,0,4
"('Jinx', 'Pantheon', 'Rumble', 'Taliyah', 'Thresh')",4,0,4
"('Katarina', 'Kennen', 'Pantheon', 'Taric', 'Zeri')",4,0,4
"('Diana', 'Rell', 'Samira', 'Skarner', 'Twisted Fate')",4,0,4
"('Aurelion Sol', 'Corki', 'Gnar', 'Thresh', 'Viego')",4,0,4
"('Camille', 'Kalista', 'LeBlanc', 'Taric', 'Xin Zhao')",0,4,4
"('Akali', 'Caitlyn', 'Jayce', 'Viego', 'Zyra')",0,4,4
"('Ekko', 'Olaf', 'Rumble', 'Varus', 'Wukong')",4,0,4
"('Caitlyn', 'Fiddlesticks', 'Lux', 'Twisted Fate', 'Yone')",4,0,4
"('Aphelios', 'Jayce', 'Karthus', 'Rakan', 'Rengar')",4,0,4
"('Akshan', 'Hwei', ""Kai'Sa"", 'Pantheon', 'Pyke')",0,4,4
"('Cassiopeia', 'Neeko', 'Qiyana', 'Renekton', 'Rumble')",4,0,4
"('Camille', 'Jayce', 'Lillia', 'Renekton', 'Tristana')",4,0,4
"('Cassiopeia', 'Gnar', 'Hwei', 'Nautilus', 'Pantheon')",4,0,4
"('Hwei', 'Pantheon', 'Renekton', 'Yuumi', 'Zeri')",0,4,4
"('Graves', 'Hwei', 'Pyke', 'Rengar', 'Smolder')",0,4,4
"('Ashe', 'Aurelion Sol', 'Irelia', 'Jax', 'Seraphine')",4,0,4
"('Graves', ""Kai'Sa"", 'Rell', 'Zac', 'Zoe')",4,0,4
"('Fiora', 'Kalista', 'Pantheon', 'Renata Glasc', 'Syndra')",4,0,4
"('Hecarim', 'Kennen', 'Lulu', 'Poppy', 'Zeri')",4,0,4
"('Jhin', 'Nidalee', 'Skarner', 'Udyr', 'Yone')",0,4,4
"('Annie', 'Aphelios', 'Lulu', 'Rumble', 'Viego')",4,0,4
"('LeBlanc', 'Lee Sin', 'Rakan', 'Skarner', 'Twitch')",4,0,4
"('Camille', 'Ekko', 'Kindred', 'Lucian', 'Nami')",0,4,4
"('Alistar', ""Kai'Sa"", 'Lillia', 'Shen', 'Tristana')",0,4,4
"('Cassiopeia', 'Master Yi', ""Rek'Sai"", 'Seraphine', 'Zeri')",4,0,4
"('Gragas', 'Jayce', ""Kai'Sa"", 'Nasus', 'Pantheon')",4,0,4
"('Gragas', 'Jayce', 'Nautilus', 'Pantheon', 'Zeri')",1,3,4
"('Leona', 'Nidalee', 'Samira', 'Skarner', 'Tristana')",4,0,4
"('Akali', 'Ashe', 'Hwei', 'Rell', 'Viego')",0,4,4
"('Corki', 'Graves', 'Jayce', 'Leona', 'Taliyah')",4,0,4
"('Camille', 'Diana', 'Twisted Fate', 'Varus', 'Xin Zhao')",4,0,4
"('Galio', 'Hwei', 'Pantheon', 'Poppy', 'Tristana')",4,0,4
"('Corki', ""Kai'Sa"", 'Nidalee', 'Pantheon', 'Rell')",4,0,4
"('Corki', 'Fiora', 'Taliyah', 'Taric', 'Tristana')",4,0,4
"('Camille', 'Kindred', 'Taliyah', 'Tristana', 'Twisted Fate')",0,4,4
"('Nautilus', 'Nidalee', 'Renekton', 'Urgot', 'Zeri')",4,0,4
"('Aphelios', 'Corki', 'Ornn', 'Sylas', 'Thresh')",0,4,4
"(""K'Sante"", 'Lee Sin', 'Nautilus', 'Smolder', 'Syndra')",0,4,4
"('Cassiopeia', 'Jayce', 'Nautilus', 'Viego', 'Zac')",4,0,4
"('Hwei', 'Jhin', 'Pantheon', 'Renekton', 'Ziggs')",0,4,4
"('Ashe', 'Taliyah', 'Thresh', 'Twisted Fate', 'Viego')",0,4,4
"('Ashe', 'Hwei', 'Kennen', 'Nautilus', 'Rengar')",0,4,4
"('Camille', 'Galio', ""Kai'Sa"", 'Rell', 'Viego')",0,4,4
"('Alistar', 'Gragas', 'Nidalee', 'Tristana', 'Zeri')",1,3,4
"('Aphelios', 'Jayce', 'Pyke', 'Skarner', 'Taliyah')",0,4,4
"('Alistar', 'Irelia', 'Nidalee', 'Twisted Fate', 'Zeri')",4,0,4
"('Alistar', 'Jayce', 'Nidalee', 'Tristana', 'Varus')",4,0,4
"('Lissandra', 'Ornn', 'Senna', 'Skarner', 'Viego')",0,4,4
"('Ahri', 'Bard', 'Jhin', 'Kindred', 'Malphite')",4,0,4
"('Jinx', 'Rumble', 'Skarner', 'Thresh', 'Viego')",4,0,4
"('Ezreal', 'Galio', 'Katarina', 'Skarner', 'Viego')",0,4,4
"('Ashe', 'Kennen', ""Kha'Zix"", 'Orianna', 'Varus')",0,4,4
"('Diana', 'Graves', ""Kai'Sa"", 'Nautilus', 'Renekton')",0,4,4
"('Camille', 'Jinx', 'LeBlanc', 'Skarner', 'Xin Zhao')",4,0,4
"('Ezreal', ""Kha'Zix"", 'Skarner', ""Vel'Koz"", 'Zac')",4,0,4
"('Camille', 'Karthus', 'Katarina', 'Nautilus', 'Senna')",0,4,4
"('Gnar', 'Katarina', 'Sejuani', 'Taric', 'Zeri')",4,0,4
"('Brand', 'Lucian', 'Nautilus', 'Renekton', 'Tristana')",4,0,4
"('Jhin', 'Kennen', 'Kindred', 'Leona', 'Twisted Fate')",4,0,4
"('Ashe', 'Camille', 'Mordekaiser', 'Tristana', 'Zac')",4,0,4
"('Ashe', 'Azir', 'Blitzcrank', 'Kindred', 'Poppy')",4,0,4
"('Ashe', 'Bard', 'Qiyana', 'Vayne', 'Zac')",0,4,4
"('Draven', 'Nidalee', 'Pantheon', 'Skarner', 'Taric')",4,0,4
"('Galio', 'Hwei', 'Jhin', 'Kindred', 'Renekton')",4,0,4
"('Bard', 'Orianna', 'Urgot', 'Varus', 'Zac')",4,0,4
"('Jinx', 'Nautilus', 'Nidalee', 'Tristana', 'Tryndamere')",0,4,4
"('Ashe', 'Graves', ""K'Sante"", 'Seraphine', 'Vex')",4,0,4
"('Alistar', 'Ashe', 'Hwei', 'Udyr', 'Vladimir')",0,4,4
"('Ahri', ""Bel'Veth"", 'Irelia', 'Jhin', 'Nautilus')",4,0,4
"('Kalista', 'Rumble', 'Skarner', 'Yasuo', 'Zac')",4,0,4
"('Jinx', 'Mordekaiser', 'Nautilus', 'Yone', 'Zac')",0,4,4
"('Hwei', ""Kai'Sa"", 'Rell', 'Vayne', 'Zac')",4,0,4
"('Akshan', 'Corki', 'Elise', 'Nautilus', 'Volibear')",4,0,4
"(""Kai'Sa"", 'Nautilus', 'Pantheon', 'Twisted Fate', 'Ziggs')",4,0,4
"('Draven', 'Thresh', 'Tristana', 'Tryndamere', 'Zac')",0,4,4
"('Jinx', 'Leona', 'Skarner', 'Taliyah', 'Yone')",4,0,4
"('Akshan', 'Aphelios', 'Pantheon', 'Thresh', 'Zac')",4,0,4
"('Cassiopeia', 'Tristana', 'Zac', 'Zeri', 'Zilean')",4,0,4
"(""Kai'Sa"", 'Nautilus', 'Nidalee', 'Yone', 'Zac')",4,0,4
"('Ahri', 'Nautilus', 'Rumble', 'Viego', 'Zeri')",4,0,4
"('Galio', 'Nocturne', 'Pyke', 'Varus', 'Zac')",4,0,4
"('Irelia', 'Pantheon', 'Skarner', 'Zac', 'Ziggs')",0,4,4
"('Nautilus', 'Senna', 'Sion', 'Taliyah', 'Tristana')",4,0,4
"(""Kai'Sa"", 'Lillia', 'Nautilus', 'Nocturne', 'Twisted Fate')",4,0,4
"('Braum', 'Rumble', 'Tristana', 'Varus', 'Zac')",0,4,4
"('Corki', 'Rumble', 'Skarner', 'Taliyah', 'Tristana')",4,0,4
"('Braum', 'Caitlyn', 'Fiddlesticks', 'Jayce', 'Katarina')",4,0,4
"('Annie', ""Kai'Sa"", 'Rell', 'Skarner', 'Viego')",4,0,4
"('Alistar', 'Hwei', ""Kai'Sa"", 'Kindred', 'Zac')",0,4,4
"('Aatrox', 'Irelia', 'Nidalee', 'Rumble', 'Sivir')",0,4,4
"(""Kai'Sa"", 'Master Yi', 'Rell', 'Sejuani', 'Taliyah')",4,0,4
"('Draven', ""K'Sante"", 'Nautilus', 'Pantheon', 'Yasuo')",4,0,4
"(""Kai'Sa"", 'Pyke', 'Skarner', 'Tristana', 'Zac')",4,0,4
"('Ashe', 'Hwei', 'Lee Sin', 'Lulu', 'Renekton')",4,0,4
"('Ahri', 'Ashe', 'Graves', 'Kennen', 'Nautilus')",4,0,4
"(""Cho'Gath"", 'Kindred', 'Nasus', 'Renekton', 'Taric')",0,4,4
"('Corki', 'Jax', 'Rell', 'Udyr', 'Zoe')",4,0,4
"('Corki', 'Kennen', 'Lillia', 'Varus', 'Zac')",0,4,4
"('Hecarim', 'Hwei', ""Kai'Sa"", 'Rell', 'Renekton')",4,0,4
"('Ahri', ""K'Sante"", ""Kai'Sa"", 'Seraphine', 'Vi')",0,4,4
"('Gnar', ""Kog'Maw"", 'LeBlanc', 'Lulu', 'Xin Zhao')",0,4,4
"('Jax', 'Jhin', 'Nautilus', 'Taliyah', 'Yone')",1,3,4
"('Ashe', 'Caitlyn', 'Hwei', 'Lillia', 'Tryndamere')",0,4,4
"('Gragas', 'Lee Sin', 'Pyke', 'Varus', 'Viktor')",0,4,4
"('Aatrox', 'Hwei', 'Kalista', 'Master Yi', 'Skarner')",4,0,4
"('Corki', 'Lillia', 'Seraphine', 'Sett', 'Ziggs')",0,4,4
"('Hwei', 'Master Yi', 'Mordekaiser', 'Rakan', 'Zeri')",4,0,4
"('Fiddlesticks', 'Jax', ""K'Sante"", 'Qiyana', 'Zeri')",0,4,4
"('Draven', 'Gwen', 'Master Yi', 'Skarner', 'Tristana')",4,0,4
"('Hwei', 'Jax', 'Katarina', 'Rell', 'Varus')",4,0,4
"('Camille', 'Kalista', 'Karthus', 'Rakan', 'Twisted Fate')",4,0,4
"('Leona', 'Nidalee', 'Poppy', 'Vex', 'Zeri')",4,0,4
"(""Bel'Veth"", 'Kled', 'Nautilus', 'Varus', 'Zoe')",4,0,4
"('Ashe', 'Corki', ""Kha'Zix"", 'Nautilus', 'Vayne')",0,4,4
"('Akshan', 'Kalista', 'Nautilus', 'Nidalee', 'Tristana')",4,0,4
"('Graves', 'Hwei', 'Nautilus', 'Skarner', 'Varus')",4,0,4
"('Annie', 'Nautilus', 'Rengar', 'Rumble', 'Samira')",4,0,4
"('Ashe', 'Braum', 'Corki', 'Kindred', 'Skarner')",4,0,4
"('Kalista', 'Nautilus', 'Rengar', 'Rumble', 'Viktor')",0,4,4
"('Ashe', 'Draven', 'Hecarim', 'Irelia', 'LeBlanc')",0,4,4
"('Cassiopeia', 'Hwei', 'Thresh', 'Twitch', 'Xin Zhao')",0,4,4
"('Corki', 'Nautilus', 'Nidalee', 'Tristana', 'Twisted Fate')",1,3,4
"('Corki', 'Elise', ""K'Sante"", 'Rell', 'Shen')",0,4,4
"('Graves', 'Nautilus', 'Ryze', 'Skarner', 'Twisted Fate')",4,0,4
"('Camille', ""K'Sante"", 'Tristana', 'Twisted Fate', 'Viego')",4,0,4
"('Ashe', 'Diana', 'Fiora', 'Nunu & Willump', 'Thresh')",4,0,4
"('Jhin', 'Kindred', 'Lulu', 'Nautilus', 'Twisted Fate')",4,0,4
"('Blitzcrank', 'Graves', ""Kai'Sa"", 'Katarina', 'Skarner')",4,0,4
"('Heimerdinger', 'Jax', 'Rengar', 'Twisted Fate', 'Twitch')",4,0,4
"('Annie', 'Caitlyn', 'Rakan', 'Vayne', 'Viego')",4,0,4
"('Neeko', ""Rek'Sai"", 'Samira', 'Twisted Fate', 'Zac')",0,4,4
"('Camille', 'Nautilus', 'Rumble', 'Tristana', 'Zeri')",0,4,4
"('Katarina', 'Nunu & Willump', 'Poppy', 'Vayne', 'Ziggs')",0,4,4
"('Camille', 'Katarina', 'Nautilus', 'Sejuani', 'Zeri')",4,0,4
"('Ahri', 'Cassiopeia', 'Graves', 'Jinx', 'Thresh')",4,0,4
"('Graves', 'LeBlanc', 'Leona', 'Ornn', 'Zeri')",4,0,4
"('Akshan', 'Ashe', 'Rengar', 'Varus', 'Viego')",0,4,4
"('Jinx', 'Nautilus', 'Rengar', 'Taliyah', 'Yone')",1,3,4
"('Ashe', 'Gwen', 'Katarina', 'Seraphine', 'Viego')",0,4,4
"('Alistar', 'Jinx', 'Lillia', 'Qiyana', 'Renekton')",4,0,4
"('Hwei', 'Kennen', 'Rakan', 'Vi', 'Xayah')",4,0,4
"('Aatrox', 'Draven', 'Jayce', 'Lillia', 'Thresh')",4,0,4
"(""Bel'Veth"", 'LeBlanc', 'Neeko', 'Rumble', 'Varus')",0,4,4
"('Ashe', 'Kalista', 'Katarina', 'Nidalee', 'Renekton')",4,0,4
"('Ashe', 'Graves', 'Katarina', 'Nautilus', 'Pantheon')",0,4,4
"('Braum', 'Kindred', 'Skarner', 'Twisted Fate', 'Varus')",0,4,4
"('Braum', 'Hecarim', 'Katarina', 'Varus', 'Zac')",0,4,4
"(""Kai'Sa"", 'Lillia', 'Pyke', 'Tristana', 'Vayne')",0,4,4
"('Amumu', 'Ashe', 'Camille', ""Kha'Zix"", 'Orianna')",4,0,4
"('Lillia', 'Lucian', 'Qiyana', 'Rell', 'Viego')",4,0,4
"('Irelia', 'Katarina', 'Lee Sin', 'Poppy', 'Zeri')",0,4,4
"('Camille', 'Heimerdinger', 'Hwei', ""Rek'Sai"", 'Zeri')",4,0,4
"('Blitzcrank', 'Rengar', 'Taliyah', 'Tristana', 'Zeri')",0,4,4
"('Jayce', ""Kai'Sa"", 'Nautilus', 'Taliyah', 'Twisted Fate')",4,0,4
"('Cassiopeia', 'Corki', 'Pyke', 'Taliyah', 'Tristana')",4,0,4
"('Ezreal', 'Karma', 'Katarina', 'Rengar', 'Taliyah')",4,0,4
"('Ashe', 'Graves', 'Jax', 'LeBlanc', 'Skarner')",4,0,4
"('Nautilus', 'Nidalee', 'Samira', 'Tristana', 'Yasuo')",0,4,4
"('Jayce', ""Kai'Sa"", 'Kled', 'Pantheon', 'Rell')",4,0,4
"('Alistar', 'Karthus', 'Katarina', 'Lee Sin', 'Zeri')",4,0,4
"('Graves', 'Nautilus', 'Rumble', 'Yone', 'Zeri')",4,0,4
"('Ezreal', 'Karma', 'Kindred', 'LeBlanc', 'Ornn')",0,4,4
"('Dr. Mundo', ""Kai'Sa"", 'LeBlanc', 'Pantheon', 'Rakan')",0,4,4
"('Camille', 'Jayce', ""Kai'Sa"", 'Orianna', 'Pantheon')",0,4,4
"('Akshan', ""K'Sante"", 'LeBlanc', 'Shaco', 'Tristana')",4,0,4
"('Camille', 'Hwei', 'Rengar', 'Twitch', 'Vi')",0,4,4
"('Alistar', 'Corki', 'Jhin', ""K'Sante"", 'Lillia')",0,4,4
"('Blitzcrank', 'Swain', 'Twisted Fate', 'Viego', 'Zeri')",0,4,4
"('Braum', 'Hwei', 'Pantheon', 'Skarner', 'Zeri')",0,4,4
"('Aurelion Sol', 'Kalista', 'Lee Sin', 'Rumble', 'Twisted Fate')",4,0,4
"('Cassiopeia', 'Darius', 'Lee Sin', 'Rumble', 'Yone')",4,0,4
"(""Kai'Sa"", 'Kled', 'Nidalee', 'Rakan', 'Talon')",4,0,4
"('Ashe', 'Diana', 'Skarner', 'Yasuo', 'Yuumi')",4,0,4
"('Ashe', 'Corki', 'Lillia', 'Nautilus', 'Rumble')",4,0,4
"('Ashe', 'Graves', 'Nunu & Willump', 'Rumble', 'Taric')",4,0,4
"('Ashe', 'Aurelion Sol', 'Rell', 'Renekton', 'Vi')",4,0,4
"('Graves', 'Hwei', 'Jhin', 'Pyke', 'Skarner')",4,0,4
"('Corki', 'Kalista', 'Nidalee', 'Rell', 'Renekton')",4,0,4
"('Camille', 'Hwei', 'Kindred', 'Nilah', 'Warwick')",4,0,4
"('Graves', ""Kai'Sa"", 'Rakan', 'Rumble', 'Zac')",0,4,4
"('Ezreal', 'Karma', ""Rek'Sai"", 'Rumble', 'Yone')",0,4,4
"('Gangplank', 'Jhin', 'LeBlanc', 'Nidalee', 'Pyke')",0,4,4
"('Aatrox', 'Galio', 'Graves', ""K'Sante"", 'Zeri')",4,0,4
"('Ahri', 'Jayce', 'Nautilus', 'Viego', 'Zeri')",0,4,4
"('Ezreal', 'Rell', 'Shaco', 'Tryndamere', 'Vex')",4,0,4
"('Janna', ""Kai'Sa"", 'Rumble', 'Skarner', 'Syndra')",4,0,4
"('Jax', ""Kai'Sa"", 'Leona', 'Orianna', 'Zac')",4,0,4
"('Braum', 'Jax', 'Katarina', 'Varus', 'Zac')",4,0,4
"('Akali', 'Hecarim', 'Hwei', ""Kai'Sa"", 'Katarina')",4,0,4
"('Jinx', 'Kennen', 'Rengar', 'Taliyah', 'Thresh')",4,0,4
"('Jax', 'Jinx', 'Nautilus', 'Nidalee', 'Twisted Fate')",4,0,4
"('Aurelion Sol', 'Graves', 'Jhin', 'Rumble', 'Skarner')",0,4,4
"('Graves', 'Katarina', 'Lulu', 'Rengar', 'Varus')",0,4,4
"('Alistar', 'Jhin', 'LeBlanc', ""Rek'Sai"", 'Vayne')",0,4,4
"('Jax', ""Kai'Sa"", 'Lillia', 'Skarner', 'Tristana')",4,0,4
"('Camille', 'Darius', 'Karthus', 'Twitch', 'Veigar')",4,0,4
"('Katarina', 'Nidalee', 'Poppy', 'Rell', 'Varus')",4,0,4
"('Camille', 'Darius', 'Karthus', 'Smolder', 'Vex')",0,4,4
"('Gragas', 'Jhin', 'Nautilus', 'Olaf', 'Poppy')",0,4,4
"('Cassiopeia', 'Hecarim', 'Taric', 'Varus', 'Yone')",0,4,4
"('Camille', 'Ekko', 'Ezreal', 'Graves', 'Leona')",4,0,4
"('Azir', ""K'Sante"", ""Kai'Sa"", 'Nautilus', 'Rumble')",4,0,4
"('Jax', 'Karthus', 'Maokai', 'Tristana', 'Varus')",0,4,4
"('Annie', 'Kled', 'Nautilus', 'Nidalee', 'Xayah')",4,0,4
"(""Kai'Sa"", 'Katarina', 'Kled', 'Leona', 'Viego')",0,4,4
"('Camille', 'Kalista', 'Kindred', 'LeBlanc', 'Rumble')",0,4,4
"('Aphelios', 'Katarina', ""Rek'Sai"", 'Shen', 'Thresh')",0,4,4
"('Akshan', 'Ashe', ""K'Sante"", 'Nautilus', 'Taliyah')",0,4,4
"('Braum', 'Irelia', ""Kai'Sa"", 'Taliyah', 'Tristana')",4,0,4
"('Gragas', 'Jhin', 'Kindred', 'LeBlanc', 'Rumble')",4,0,4
"('Miss Fortune', 'Nautilus', 'Nidalee', 'Quinn', 'Viego')",4,0,4
"('Braum', 'Jayce', ""K'Sante"", 'Nidalee', 'Zeri')",0,4,4
"('Akshan', 'Gnar', ""Kai'Sa"", 'Lillia', 'Poppy')",4,0,4
"('Brand', 'Draven', 'Lissandra', 'Rell', 'Renekton')",4,0,4
"('Camille', 'Ekko', 'Lee Sin', 'Poppy', 'Varus')",4,0,4
"('Draven', 'Lee Sin', 'Renekton', 'Ryze', 'Thresh')",4,0,4
"('Draven', 'Graves', 'Kennen', 'Leona', 'Twisted Fate')",4,0,4
"('Fiddlesticks', 'Jinx', ""K'Sante"", 'Nautilus', 'Talon')",0,4,4
"('Hecarim', 'Jinx', 'Nautilus', 'Orianna', 'Pantheon')",4,0,4
"(""Cho'Gath"", 'Hwei', 'Master Yi', 'Rumble', 'Viego')",0,4,4
"('LeBlanc', 'Rell', 'Viego', 'Zac', 'Zeri')",0,4,4
"('Aatrox', 'Draven', 'Hwei', 'Nidalee', 'Rell')",0,4,4
"('Ashe', 'Lee Sin', 'Poppy', 'Skarner', 'Syndra')",4,0,4
"('Irelia', 'Nidalee', 'Skarner', 'Twitch', 'Zyra')",4,0,4
"('Rakan', 'Renekton', 'Sylas', 'Varus', 'Viego')",4,0,4
"('Diana', 'Galio', 'Graves', ""Kai'Sa"", 'Renekton')",4,0,4
"('Aurelion Sol', 'Jinx', 'Rell', 'Rengar', 'Rumble')",4,0,4
"('Lee Sin', 'Nilah', 'Rumble', 'Seraphine', 'Tristana')",0,4,4
"('Dr. Mundo', 'Gragas', 'Jinx', ""K'Sante"", 'Thresh')",0,4,4
"(""Kog'Maw"", 'Lissandra', 'Lulu', 'Renekton', 'Viego')",0,4,4
"('Corki', 'Jayce', 'Lillia', 'Rell', 'Sion')",4,0,4
"('Hecarim', 'LeBlanc', 'Rakan', 'Skarner', 'Zeri')",4,0,4
"('Ashe', 'Lillia', 'Pyke', 'Skarner', 'Zoe')",4,0,4
"('Ashe', ""Bel'Veth"", 'Kennen', 'LeBlanc', 'Varus')",0,4,4
"('Ashe', 'Heimerdinger', 'Pantheon', 'Shen', 'Taliyah')",0,4,4
"('Jayce', 'Master Yi', 'Neeko', 'Tristana', 'Ziggs')",0,4,4
"('Aatrox', 'Karthus', 'Lucian', 'Senna', 'Yasuo')",0,4,4
"(""Kai'Sa"", 'Lillia', 'Nautilus', 'Pantheon', 'Skarner')",4,0,4
"('Aphelios', 'Irelia', 'Nautilus', 'Nidalee', 'Syndra')",0,4,4
"('Braum', 'Ezreal', 'Lucian', 'Nidalee', 'Twisted Fate')",0,4,4
"('Fiddlesticks', 'Gwen', 'Jayce', 'Kalista', 'Rumble')",0,4,4
"('Pantheon', 'Rell', 'Taliyah', 'Tristana', ""Vel'Koz"")",4,0,4
"('Jhin', 'Poppy', ""Rek'Sai"", 'Skarner', 'Twisted Fate')",4,0,4
"('Ahri', 'Jinx', 'Milio', ""Rek'Sai"", 'Warwick')",0,4,4
"('Blitzcrank', 'Jinx', 'Nocturne', 'Taliyah', 'Tristana')",4,0,4
"('Amumu', 'Draven', 'Nidalee', 'Skarner', 'Yone')",4,0,4
"('Brand', 'Corki', 'Draven', 'Gragas', 'Nautilus')",4,0,4
"('Nidalee', 'Ornn', 'Pantheon', 'Ryze', 'Senna')",0,4,4
"('Elise', ""Kai'Sa"", 'Poppy', 'Skarner', 'Varus')",0,4,4
"('Cassiopeia', 'Hwei', 'Poppy', 'Pyke', 'Shaco')",4,0,4
"('Graves', 'Jinx', 'Nautilus', 'Rumble', 'Syndra')",0,4,4
"('Corki', 'Nautilus', 'Taliyah', 'Tristana', 'Warwick')",4,0,4
"('Ashe', 'Fiora', 'LeBlanc', 'Nidalee', 'Seraphine')",0,4,4
"('Hwei', 'Jax', 'Nocturne', 'Rell', 'Vayne')",0,4,4
"('Hecarim', 'Kennen', 'Nautilus', 'Twisted Fate', 'Varus')",4,0,4
"('Alistar', 'Ashe', 'Diana', 'Graves', 'Vladimir')",4,0,4
"('Dr. Mundo', ""Kai'Sa"", 'Nautilus', 'Pantheon', 'Zyra')",4,0,4
"('Aurelion Sol', 'Cassiopeia', 'Jhin', 'Master Yi', 'Nautilus')",0,4,4
"('Graves', 'Jinx', 'Shyvana', 'Sylas', 'Taric')",4,0,4
"('Corki', 'Karthus', 'Pantheon', 'Rell', 'Varus')",4,0,4
"('Aphelios', 'Corki', 'Gragas', 'Lee Sin', 'Nautilus')",0,4,4
"('Ashe', 'Hwei', 'Nidalee', 'Sett', 'Taric')",4,0,4
"('Alistar', 'Graves', 'Jinx', 'Nunu & Willump', 'Skarner')",4,0,4
"('Draven', 'Hecarim', 'Hwei', 'Nasus', 'Pyke')",0,4,4
"('Akshan', 'Orianna', 'Rumble', 'Skarner', 'Varus')",0,4,4
"('Ashe', 'Hwei', 'Poppy', 'Seraphine', 'Udyr')",4,0,4
"(""Bel'Veth"", 'Draven', 'Kennen', 'Orianna', 'Rell')",4,0,4
"('Bard', 'Gnar', 'Hwei', 'Viego', 'Zeri')",0,4,4
"('Brand', 'Corki', 'Fiora', 'Rell', 'Taliyah')",4,0,4
"('Aatrox', 'Akshan', 'Hwei', 'Jhin', 'Taliyah')",0,4,4
"('Jinx', ""K'Sante"", 'Nautilus', 'Nunu & Willump', 'Talon')",4,0,4
"('Ashe', 'Camille', 'Katarina', 'Kennen', 'Sejuani')",4,0,4
"('Ekko', 'Rengar', 'Varus', ""Vel'Koz"", 'Yone')",4,0,4
"('Akali', ""Kai'Sa"", 'Nautilus', 'Vayne', 'Viego')",4,0,4
"('Akali', 'Hecarim', 'Jinx', 'Thresh', 'Twisted Fate')",0,4,4
"('Dr. Mundo', 'Hecarim', 'Hwei', 'Jhin', 'Neeko')",4,0,4
"('Corki', 'Jax', ""Kai'Sa"", 'Leona', 'Mordekaiser')",4,0,4
"(""K'Sante"", 'LeBlanc', 'Rell', 'Viego', 'Zeri')",4,0,4
"('Akshan', ""Kai'Sa"", 'Nidalee', 'Rumble', 'Skarner')",0,4,4
"('Akshan', ""Kai'Sa"", 'Kled', 'Lulu', 'Nidalee')",4,0,4
"('Graves', ""Kai'Sa"", 'LeBlanc', 'Nautilus', 'Tryndamere')",0,4,4
"('Azir', 'Jinx', 'Thresh', 'Viego', 'Zac')",0,4,4
"('Alistar', 'Nidalee', ""Rek'Sai"", 'Yasuo', 'Zeri')",4,0,4
"(""Kai'Sa"", 'Nautilus', 'Ornn', 'Talon', 'Tristana')",0,4,4
"('Ashe', 'Braum', 'Elise', 'Lux', 'Twisted Fate')",0,4,4
"('Brand', ""K'Sante"", ""Kai'Sa"", 'Nautilus', 'Tristana')",4,0,4
"('Fiddlesticks', 'Malphite', 'Nautilus', 'Tristana', 'Zeri')",0,4,4
"('Akshan', ""K'Sante"", 'Nautilus', 'Talon', 'Zeri')",4,0,4
"('Alistar', 'Graves', 'Kennen', 'Tristana', 'Zeri')",0,4,4
"('Corki', 'Hecarim', 'Nilah', 'Rumble', 'Seraphine')",0,4,4
"('Braum', 'Ekko', 'Rumble', 'Twitch', 'Viego')",0,4,4
"('Aphelios', 'Gwen', 'Master Yi', 'Nautilus', 'Tristana')",4,0,4
"('Ahri', 'Ornn', 'Ryze', 'Senna', 'Talon')",0,4,4
"('Jhin', ""Kha'Zix"", 'Rell', 'Vex', 'Warwick')",4,0,4
"('Camille', 'LeBlanc', 'Senna', 'Tahm Kench', 'Viego')",0,4,4
"('Corki', 'Nautilus', 'Nidalee', 'Pantheon', 'Poppy')",3,1,4
"('Caitlyn', 'Heimerdinger', 'Hwei', 'Lee Sin', 'Twisted Fate')",4,0,4
"('Braum', ""K'Sante"", 'Tristana', 'Zeri', 'Zyra')",4,0,4
"('Brand', 'Nautilus', 'Samira', 'Skarner', 'Yone')",4,0,4
"('Camille', 'Lillia', 'Nautilus', 'Renekton', 'Zeri')",4,0,4
"('Camille', 'Jayce', 'Kalista', 'Nidalee', 'Twisted Fate')",4,0,4
"(""Kai'Sa"", 'Kennen', 'Lux', 'Poppy', ""Rek'Sai"")",4,0,4
"(""Kai'Sa"", 'Kennen', 'Rell', 'Talon', 'Yasuo')",0,4,4
"('Akshan', 'Hecarim', ""Kai'Sa"", 'Rell', 'Twisted Fate')",4,0,4
"('Akshan', 'Corki', 'Illaoi', 'Nidalee', 'Rakan')",4,0,4
"('Brand', 'Jayce', 'Jinx', 'Renekton', 'Thresh')",4,0,4
"('Hecarim', 'Pyke', 'Twisted Fate', 'Vayne', 'Zeri')",4,0,4
"('Brand', 'Camille', 'Darius', 'Twitch', 'Zed')",4,0,4
"('Caitlyn', 'Morgana', 'Nidalee', 'Qiyana', 'Tryndamere')",4,0,4
"('Fiora', 'Hwei', 'Rell', 'Varus', 'Viego')",4,0,4
"('Kalista', 'LeBlanc', 'Lee Sin', 'Rell', 'Twisted Fate')",4,0,4
"('Hwei', 'Jax', ""Kai'Sa"", 'Rell', 'Viego')",4,0,4
"(""Kai'Sa"", 'Leona', 'Renekton', 'Taliyah', 'Tristana')",4,0,4
"('Akshan', 'Nautilus', 'Taliyah', 'Viego', 'Zeri')",4,0,4
"('Gragas', 'Rakan', 'Syndra', 'Wukong', 'Zeri')",4,0,4
"('Akali', 'Jhin', 'Kindred', 'Thresh', 'Twisted Fate')",4,0,4
"('Kennen', 'Nilah', 'Talon', 'Taric', 'Twisted Fate')",4,0,4
"('Draven', 'Graves', 'Gwen', 'Hwei', 'Thresh')",4,0,4
"('Ashe', 'Azir', 'Nautilus', ""Rek'Sai"", 'Sylas')",4,0,4
"('Camille', 'Galio', 'Kindred', 'Rakan', 'Seraphine')",0,4,4
"('Jayce', 'Seraphine', 'Taliyah', 'Tristana', 'Varus')",0,4,4
"('Shen', 'Skarner', 'Syndra', 'Talon', 'Zeri')",4,0,4
"('Akshan', 'Darius', 'Jhin', 'Maokai', 'Taliyah')",4,0,4
"('Ashe', 'Neeko', 'Rengar', 'Rumble', 'Xerath')",4,0,4
"('Draven', 'Graves', 'Nautilus', 'Skarner', 'Veigar')",0,4,4
"('Akshan', 'Ezreal', 'Nautilus', 'Rumble', 'Skarner')",4,0,4
"('Hwei', 'Rumble', 'Seraphine', 'Varus', 'Viego')",0,4,4
"('Aurelion Sol', 'Gnar', 'Kindred', 'Ornn', 'Senna')",0,4,4
"('Jayce', 'Lucian', 'Nidalee', 'Pantheon', 'Rell')",4,0,4
"('Jhin', 'Nautilus', 'Nidalee', 'Skarner', 'Tristana')",4,0,4
"('Ashe', 'Braum', 'Irelia', 'LeBlanc', 'Lee Sin')",4,0,4
"('Diana', 'Rakan', 'Twisted Fate', 'Zed', 'Zeri')",0,4,4
"('Diana', 'Lee Sin', 'Lulu', ""Rek'Sai"", 'Zeri')",4,0,4
"('Diana', 'Draven', 'Graves', 'Nautilus', 'Rumble')",4,0,4
"('Ashe', 'Jax', 'Jayce', 'Lillia', 'Rell')",4,0,4
"('Ashe', 'Kindred', 'Leona', 'Orianna', 'Vladimir')",4,0,4
"('Ezreal', 'Fiddlesticks', 'Hwei', ""K'Sante"", 'Yone')",0,4,4
"(""Kai'Sa"", ""Rek'Sai"", 'Rell', 'Shen', 'Taliyah')",4,0,4
"('Akshan', 'Ashe', 'Jayce', 'Leona', 'Nunu & Willump')",4,0,4
"('Azir', 'Camille', 'Jinx', 'Kindred', 'Nautilus')",4,0,4
"('Irelia', 'Pyke', 'Sejuani', 'Udyr', 'Zeri')",0,4,4
"('Aatrox', 'Nidalee', 'Rakan', 'Twisted Fate', 'Zeri')",4,0,4
"('Diana', 'Hwei', 'Jinx', 'Thresh', 'Viego')",4,0,4
"('Hecarim', ""Kai'Sa"", 'Lissandra', 'Nautilus', 'Shen')",4,0,4
"('Brand', 'Kennen', 'Nautilus', 'Pantheon', 'Sivir')",4,0,4
"('Cassiopeia', 'Diana', 'Jax', 'Nautilus', 'Viego')",0,4,4
"('Corki', ""K'Sante"", ""Kai'Sa"", 'Rell', 'Udyr')",4,0,4
"('Blitzcrank', 'Diana', 'Jayce', ""Kai'Sa"", ""Kha'Zix"")",4,0,4
"('Graves', 'Hwei', 'Jinx', 'Rumble', 'Thresh')",4,0,4
"('Graves', 'Hwei', 'Jax', 'Jinx', 'Rakan')",2,2,4
"('Akshan', 'Ashe', 'Camille', 'Hecarim', 'Rumble')",4,0,4
"('Gragas', 'Hecarim', ""Kai'Sa"", 'Rell', 'Yasuo')",4,0,4
"('Hwei', ""Kha'Zix"", 'Rell', 'Twisted Fate', 'Varus')",0,4,4
"('Camille', 'Karthus', 'Skarner', 'Tristana', 'Zeri')",0,4,4
"('Hwei', ""Kai'Sa"", 'Nasus', 'Pantheon', 'Pyke')",0,4,4
"('Jax', 'Kindred', 'Rakan', 'Zeri', 'Zoe')",4,0,4
"('Gnar', ""Kai'Sa"", 'Lee Sin', 'Pyke', 'Syndra')",0,4,4
"('Akali', 'Ashe', 'Braum', 'Kindred', 'Skarner')",4,0,4
"('Ashe', 'Sejuani', 'Soraka', 'Viego', 'Volibear')",4,0,4
"('Fiora', 'Hwei', ""Kai'Sa"", 'Lee Sin', 'Pyke')",4,0,4
"('Ezreal', 'Renekton', 'Shaco', 'Skarner', 'Zac')",4,0,4
"('Aphelios', 'Cassiopeia', 'Thresh', 'Tristana', 'Viego')",4,0,4
"('Akali', 'Bard', 'Jhin', 'Skarner', 'Viego')",4,0,4
"('Corki', 'Graves', ""Kai'Sa"", 'Kennen', 'Rumble')",4,0,4
"('Akali', 'Graves', 'Jax', 'Jinx', 'Rakan')",1,3,4
"('Corki', 'Jax', 'Lillia', 'Neeko', 'Zed')",4,0,4
"('Camille', 'Cassiopeia', ""Kai'Sa"", 'Tristana', 'Viego')",0,4,4
"('Braum', 'Lucian', 'Nidalee', 'Renekton', 'Smolder')",4,0,4
"('Ezreal', 'Hwei', 'Karma', 'Nocturne', 'Viego')",4,0,4
"('Corki', ""K'Sante"", 'Rakan', 'Taliyah', 'Twitch')",0,4,4
"('Camille', 'Gragas', ""Kai'Sa"", 'Nidalee', 'Smolder')",4,0,4
"('Camille', 'Ekko', ""Kai'Sa"", 'Viego', 'Volibear')",0,4,4
"('Corki', 'Gragas', 'Ivern', 'Rumble', 'Tristana')",4,0,4
"('Kalista', 'Karma', 'Pyke', 'Skarner', 'Viego')",4,0,4
"('Jhin', 'Katarina', 'Twisted Fate', 'Varus', 'Viego')",0,4,4
"('Brand', 'Camille', ""Kai'Sa"", 'Nautilus', 'Pantheon')",4,0,4
"(""K'Sante"", 'Lucian', 'Nautilus', 'Taliyah', 'Viego')",4,0,4
"('Ahri', 'Ashe', 'Leona', 'Viego', 'Warwick')",0,4,4
"('Draven', 'Illaoi', 'Nautilus', 'Nidalee', 'Zed')",4,0,4
"('Ahri', 'Graves', 'Jinx', ""K'Sante"", 'Lulu')",2,2,4
"('Annie', 'Camille', 'Cassiopeia', 'Taliyah', 'Xayah')",0,4,4
"('Fiora', 'Ornn', 'Senna', 'Taliyah', 'Tristana')",4,0,4
"('Braum', 'Gwen', 'Jayce', 'Maokai', 'Varus')",4,0,4
"('Aatrox', 'Braum', 'Lillia', 'Tristana', 'Twisted Fate')",4,0,4
"('Jinx', 'Kennen', 'Kindred', 'Nautilus', 'Sylas')",4,0,4
"('Akshan', 'Jinx', 'Nautilus', 'Nidalee', 'Renekton')",4,0,4
"('Camille', ""Kai'Sa"", ""Kha'Zix"", 'Twisted Fate', 'Zac')",0,4,4
"('Jax', 'Jhin', 'Rumble', 'Skarner', 'Sylas')",4,0,4
"('Kindred', 'LeBlanc', 'Lulu', 'Olaf', 'Zeri')",0,4,4
"('Graves', 'Katarina', 'Rell', 'Twisted Fate', 'Zeri')",4,0,4
"('Aatrox', 'Akshan', 'Camille', ""Kai'Sa"", 'Nidalee')",4,0,4
"('Aatrox', 'Nidalee', 'Twisted Fate', 'Zeri', 'Zoe')",4,0,4
"('Corki', 'Hwei', ""K'Sante"", 'Nautilus', 'Udyr')",0,4,4
"('Corki', 'Jinx', 'Nautilus', 'Nidalee', 'Renekton')",2,2,4
"('Galio', ""Kai'Sa"", 'Pyke', 'Warwick', 'Xin Zhao')",0,4,4
"(""Cho'Gath"", 'Graves', 'Hwei', 'Senna', 'Twisted Fate')",0,4,4
"('Lillia', 'Nautilus', 'Orianna', 'Poppy', 'Varus')",0,4,4
"('Diana', 'Ekko', 'Jinx', 'Pantheon', 'Pyke')",4,0,4
"('Bard', 'Gnar', 'Seraphine', 'Skarner', 'Tristana')",4,0,4
"('Camille', 'Jinx', 'LeBlanc', 'Lulu', ""Rek'Sai"")",4,0,4
"('Jayce', 'Jinx', 'Rell', 'Skarner', 'Taliyah')",0,4,4
"('Alistar', 'Hwei', 'Jax', ""Kha'Zix"", 'Samira')",0,4,4
"('Kalista', 'Nunu & Willump', 'Pantheon', 'Taric', 'Twisted Fate')",4,0,4
"('Ashe', 'Corki', 'Renekton', 'Sejuani', 'Viktor')",0,4,4
"('Aphelios', 'Brand', 'Jayce', 'Ornn', 'Taric')",4,0,4
"('Ashe', 'Diana', 'Jax', 'Jhin', 'Viego')",0,4,4
"('Ashe', 'Hwei', 'Illaoi', 'Nidalee', 'Yone')",0,4,4
"('Braum', 'Jax', 'Taliyah', 'Tristana', 'Zeri')",1,3,4
"('Jinx', 'Nidalee', 'Seraphine', 'Skarner', 'Twisted Fate')",4,0,4
"('Cassiopeia', 'Corki', 'Illaoi', 'Taric', 'Viego')",4,0,4
"('Graves', 'Malphite', 'Rell', 'Taliyah', 'Varus')",4,0,4
"('Alistar', 'Gragas', 'Irelia', ""Kai'Sa"", 'Taliyah')",0,4,4
"('Gnar', 'Jayce', 'Lillia', 'Nautilus', 'Varus')",4,0,4
"('Jax', 'Neeko', 'Rell', 'Varus', 'Viego')",0,4,4
"('Camille', 'Hwei', 'Taliyah', 'Tristana', 'Varus')",4,0,4
"('Aphelios', 'Gragas', 'Hecarim', 'LeBlanc', 'Rell')",4,0,4
"('Blitzcrank', 'Kalista', 'LeBlanc', 'Rengar', 'Twisted Fate')",4,0,4
"('Ashe', 'Gnar', 'Hwei', 'Nidalee', 'Taliyah')",4,0,4
"('Fiddlesticks', 'Fiora', 'Jax', 'Nautilus', 'Varus')",4,0,4
"('Cassiopeia', 'Corki', 'Jhin', 'Skarner', 'Taliyah')",0,4,4
"('Master Yi', 'Sivir', 'Taliyah', 'Twisted Fate', 'Yuumi')",0,4,4
"('Corki', 'Galio', 'Irelia', 'Jhin', 'Karthus')",4,0,4
"('Ashe', 'Gwen', 'Lux', 'Nautilus', 'Viego')",0,4,4
"('Diana', 'Jayce', 'Kalista', 'Rumble', 'Viego')",4,0,4
"(""K'Sante"", 'Kayn', 'Nautilus', 'Taliyah', 'Zeri')",0,4,4
"('Gragas', 'Hecarim', 'Lulu', 'Ornn', 'Zeri')",4,0,4
"('Aphelios', 'Azir', 'Jax', 'Nautilus', 'Shaco')",0,4,4
"('Akshan', ""K'Sante"", 'Lillia', 'Lulu', 'Zeri')",4,0,4
"('Akshan', 'Jhin', 'Neeko', 'Pantheon', 'Twisted Fate')",4,0,4
"('Jax', 'Kindred', 'LeBlanc', 'Leona', 'Miss Fortune')",4,0,4
"('Aatrox', 'Alistar', 'Corki', ""K'Sante"", 'Nidalee')",0,4,4
"('Lillia', 'Nautilus', 'Olaf', 'Tristana', 'Zeri')",4,0,4
"('Aurelion Sol', 'Camille', 'Corki', 'Jax', 'Lee Sin')",4,0,4
"('Blitzcrank', 'Corki', 'Irelia', 'Lillia', 'Nocturne')",0,4,4
"(""Bel'Veth"", 'Jax', ""Kai'Sa"", 'Lillia', 'Rell')",0,4,4
"('Ashe', 'Hecarim', 'Jax', 'Rakan', 'Vex')",4,0,4
"('Diana', 'Jarvan IV', 'Jax', 'Ornn', 'Senna')",4,0,4
"('Jhin', 'LeBlanc', 'Rumble', 'Skarner', 'Viego')",4,0,4
"('Hwei', 'Lulu', 'Pantheon', 'Tryndamere', 'Zeri')",0,4,4
"('Nautilus', 'Rengar', 'Rumble', 'Senna', 'Twisted Fate')",4,0,4
"('Aphelios', 'Azir', 'Hecarim', 'Mordekaiser', 'Thresh')",0,4,4
"('Cassiopeia', ""Kog'Maw"", 'Lissandra', 'Rakan', 'Viego')",4,0,4
"('Blitzcrank', 'Jax', 'Kled', 'Lillia', 'Varus')",0,4,4
"('Alistar', 'Cassiopeia', 'Galio', ""Kai'Sa"", ""Kha'Zix"")",4,0,4
"('Camille', 'Dr. Mundo', ""Kog'Maw"", 'Lillia', 'Zoe')",0,4,4
"('Alistar', 'Cassiopeia', 'Corki', 'Nidalee', 'Twisted Fate')",0,4,4
"('Cassiopeia', ""Kai'Sa"", 'Poppy', 'Tristana', 'Zac')",4,0,4
"('Aphelios', 'Camille', 'Lillia', 'Pyke', 'Sion')",0,4,4
"('Cassiopeia', 'Lux', 'Nautilus', 'Samira', 'Viego')",4,0,4
"('Gragas', 'Graves', 'Katarina', 'Pyke', ""Vel'Koz"")",4,0,4
"('Diana', 'Fiddlesticks', 'Senna', 'Seraphine', 'Yone')",0,4,4
"('Camille', 'Cassiopeia', 'Galio', 'Kindred', 'Nautilus')",0,4,4
"('Cassiopeia', 'Dr. Mundo', 'Lillia', 'Pyke', ""Vel'Koz"")",0,4,4
"('Ashe', 'Nidalee', 'Qiyana', 'Rell', 'Skarner')",0,4,4
"('Hwei', 'Kindred', 'Tristana', 'Twisted Fate', 'Zeri')",4,0,4
"('Aurelion Sol', 'Jax', ""Kai'Sa"", 'Rell', 'Renekton')",4,0,4
"('Darius', 'Ezreal', 'Fiddlesticks', 'Karma', 'Twisted Fate')",4,0,4
"('Brand', ""Kai'Sa"", 'Pantheon', 'Pyke', 'Rengar')",0,4,4
"('Jhin', 'Karthus', 'Rumble', 'Tryndamere', ""Vel'Koz"")",0,4,4
"('Aatrox', 'Jinx', 'Nautilus', 'Syndra', 'Viego')",4,0,4
"('Braum', 'Nidalee', 'Rengar', 'Varus', 'Vi')",4,0,4
"('Ashe', 'Nautilus', ""Rek'Sai"", 'Rumble', 'Yasuo')",4,0,4
"('Bard', ""Bel'Veth"", 'Tryndamere', 'Twisted Fate', 'Zeri')",4,0,4
"('Corki', 'Fiora', 'Lillia', 'Rumble', 'Varus')",0,4,4
"('Corki', 'Jax', 'Nautilus', 'Taliyah', 'Yone')",0,4,4
"('Graves', 'Nautilus', 'Rumble', 'Varus', 'Zoe')",4,0,4
"('Cassiopeia', 'LeBlanc', 'Master Yi', 'Rell', 'Rengar')",4,0,4
"('Hecarim', 'Rakan', 'Twisted Fate', 'Vex', 'Zeri')",4,0,4
"('Ashe', 'Diana', 'Jax', 'Seraphine', 'Tristana')",4,0,4
"('Kalista', 'Kennen', 'Kled', 'Senna', 'Vi')",0,4,4
"('Hwei', 'Jayce', 'Jinx', 'Nautilus', 'Viego')",1,3,4
"('Jax', ""Kai'Sa"", 'LeBlanc', 'Lee Sin', 'Rell')",4,0,4
"('Ashe', 'Camille', 'Cassiopeia', 'Nunu & Willump', 'Tristana')",0,4,4
"(""Bel'Veth"", 'Cassiopeia', 'Jhin', 'Katarina', 'Nautilus')",0,4,4
"('Braum', 'Cassiopeia', 'LeBlanc', 'Lee Sin', 'Smolder')",4,0,4
"('Azir', 'Gragas', 'Jarvan IV', 'Samira', 'Twisted Fate')",0,4,4
"('Blitzcrank', 'Cassiopeia', 'Jinx', 'Lee Sin', 'Syndra')",4,0,4
"('Ahri', 'Ashe', 'Camille', 'Seraphine', 'Viego')",1,3,4
"('Cassiopeia', 'Gwen', 'Rell', 'Tristana', 'Zeri')",4,0,4
"('Bard', 'Diana', 'Gnar', 'Jax', 'Jhin')",0,4,4
"('Azir', 'Braum', 'Tryndamere', 'Viego', 'Xayah')",4,0,4
"('Jhin', 'Nautilus', ""Rek'Sai"", 'Tryndamere', 'Zoe')",4,0,4
"('Graves', 'Lulu', 'Syndra', 'Twisted Fate', 'Zeri')",4,0,4
"('Ashe', 'Aurelion Sol', 'Lee Sin', 'Thresh', 'Udyr')",4,0,4
"(""Bel'Veth"", 'Hwei', ""Kai'Sa"", 'Nautilus', 'Riven')",4,0,4
"('Cassiopeia', 'Hwei', ""Kai'Sa"", 'Nautilus', 'Viego')",4,0,4
"('Jhin', 'Nidalee', 'Pantheon', 'Rumble', 'Skarner')",4,0,4
"('Akshan', 'Cassiopeia', 'Karthus', 'Rell', 'Zeri')",4,0,4
"('Ashe', ""Bel'Veth"", 'Kled', 'LeBlanc', 'Seraphine')",4,0,4
"(""Bel'Veth"", 'Blitzcrank', 'Cassiopeia', 'Corki', 'Jhin')",0,4,4
"('Ezreal', 'Jax', 'Rell', 'Taliyah', 'Yone')",4,0,4
"('Aphelios', 'Hwei', 'Irelia', 'Viego', 'Zilean')",4,0,4
"('Lillia', 'Poppy', 'Seraphine', 'Varus', ""Vel'Koz"")",0,4,4
"('Ashe', 'Irelia', 'Seraphine', 'Skarner', 'Taliyah')",0,4,4
"('Aphelios', 'Braum', 'Jax', 'Rumble', 'Yasuo')",0,4,4
"('Jax', 'Nidalee', 'Nilah', 'Rell', 'Yone')",0,4,4
"('Camille', 'Draven', 'Graves', 'Nocturne', 'Syndra')",0,4,4
"('Corki', 'LeBlanc', 'Pyke', 'Twisted Fate', 'Viego')",4,0,4
"('Caitlyn', 'Lee Sin', 'Rell', 'Skarner', 'Swain')",0,4,4
"('Blitzcrank', 'Gragas', 'Lillia', 'Tristana', 'Zeri')",4,0,4
"('Cassiopeia', 'Maokai', 'Pyke', 'Twisted Fate', 'Yone')",0,4,4
"('Jinx', 'Lillia', 'Lulu', 'Twisted Fate', 'Yone')",2,2,4
"('Lillia', 'Rakan', 'Skarner', 'Yasuo', 'Zeri')",4,0,4
"('Bard', 'Jinx', 'Lee Sin', 'Vladimir', 'Yasuo')",0,4,4
"('Jarvan IV', 'Katarina', 'Rell', 'Skarner', 'Zeri')",0,4,4
"('Ahri', 'Brand', ""Kai'Sa"", 'Sett', 'Skarner')",4,0,4
"('Camille', ""Kai'Sa"", 'Katarina', 'Kled', 'Nidalee')",4,0,4
"('Corki', 'Katarina', ""Rek'Sai"", 'Rell', 'Renekton')",4,0,4
"('Jayce', 'Kalista', 'Nidalee', 'Pyke', 'Skarner')",4,0,4
"('Gwen', 'Irelia', 'Jinx', 'Thresh', 'Twisted Fate')",4,0,4
"('Ashe', 'Rell', 'Renekton', 'Taliyah', 'Zed')",4,0,4
"('Caitlyn', 'Graves', 'Jax', 'Lux', 'Nasus')",0,4,4
"('Camille', 'Gragas', ""Kai'Sa"", 'Karma', 'Yasuo')",4,0,4
"('Akshan', 'Ezreal', 'Nunu & Willump', 'Poppy', 'Vladimir')",0,4,4
"('Jinx', 'Nautilus', 'Pantheon', 'Skarner', 'Taliyah')",4,0,4
"('Camille', 'Corki', 'Katarina', 'Seraphine', 'Skarner')",4,0,4
"('Jax', 'LeBlanc', 'Lee Sin', 'Lulu', 'Zeri')",4,0,4
"('Alistar', 'Aphelios', 'Nidalee', 'Tristana', 'Twisted Fate')",4,0,4
"('Corki', 'Hwei', 'Lee Sin', 'Rumble', 'Teemo')",0,4,4
"('Akali', 'Kindred', 'Pyke', 'Rumble', 'Samira')",4,0,4
"('Kennen', 'Lee Sin', 'Lucian', 'Nami', 'Syndra')",4,0,4
"('Ashe', 'Kalista', 'LeBlanc', 'Rumble', 'Viego')",0,4,4
"('Lulu', ""Rek'Sai"", 'Ryze', 'Yone', 'Zeri')",4,0,4
"('Irelia', 'Jhin', 'Leona', 'Malzahar', 'Shaco')",0,4,4
"('Blitzcrank', 'Graves', ""Kai'Sa"", 'Ornn', 'Twisted Fate')",0,4,4
"('Brand', ""K'Sante"", 'Nautilus', 'Rengar', 'Zeri')",0,4,4
"('Graves', 'LeBlanc', 'Nautilus', 'Nocturne', 'Tristana')",0,4,4
"('Irelia', 'Kalista', 'Nidalee', 'Rell', 'Yasuo')",4,0,4
"('Blitzcrank', ""Kai'Sa"", 'Katarina', 'Nidalee', 'Skarner')",0,4,4
"('Gragas', 'Taliyah', 'Warwick', 'Yasuo', 'Zac')",4,0,4
"('Lucian', 'Nami', 'Nidalee', 'Qiyana', 'Shen')",0,4,4
"('Gragas', 'Hwei', 'Lee Sin', 'Rumble', 'Varus')",0,4,4
"('Ashe', 'Camille', 'Galio', 'Graves', 'Skarner')",4,0,4
"('Alistar', 'Jhin', 'Kayn', 'Rumble', 'Twisted Fate')",4,0,4
"('Camille', 'Galio', 'Lillia', 'Twisted Fate', 'Zeri')",0,4,4
"('Corki', ""K'Sante"", 'Rakan', 'Taliyah', 'Zeri')",0,4,4
"('Graves', 'Karma', 'LeBlanc', 'Taliyah', 'Varus')",4,0,4
"('Braum', 'Corki', 'Fiddlesticks', 'Graves', 'Zoe')",4,0,4
"('Aatrox', 'Hwei', ""Kai'Sa"", 'Maokai', ""Rek'Sai"")",0,4,4
"('Caitlyn', 'Gnar', 'Nautilus', 'Nidalee', 'Yasuo')",4,0,4
"(""Kai'Sa"", 'Karthus', 'Nautilus', 'Pyke', 'Twisted Fate')",0,4,4
"('Camille', ""Kai'Sa"", 'Nautilus', 'Taliyah', 'Tristana')",3,1,4
"(""Kai'Sa"", 'Nidalee', 'Pyke', 'Skarner', 'Tristana')",0,4,4
"('Ashe', 'Lee Sin', 'Rumble', 'Ryze', 'Seraphine')",0,4,4
"('Graves', 'Ivern', 'Ornn', 'Senna', 'Udyr')",0,4,4
"('Ezreal', 'Gragas', 'Katarina', 'Nidalee', 'Rell')",0,4,4
"('Kled', 'Nautilus', 'Taliyah', 'Yasuo', 'Zeri')",4,0,4
"('Ahri', 'Fiora', 'Lee Sin', 'Varus', 'Zoe')",0,4,4
"('Graves', ""Kai'Sa"", 'Nunu & Willump', 'Pyke', 'Skarner')",4,0,4
"('Aatrox', 'Aurelion Sol', 'Graves', 'Rell', 'Zeri')",4,0,4
"('Jhin', 'LeBlanc', 'Lee Sin', 'Leona', 'Skarner')",4,0,4
"('Alistar', 'Ezreal', 'Gragas', 'Graves', 'Yone')",4,0,4
"('Brand', 'Camille', 'Corki', ""Kai'Sa"", 'Renekton')",4,0,4
"('Corki', 'Ekko', 'Rell', 'Rumble', 'Xin Zhao')",4,0,4
"('Ashe', 'Galio', 'Nidalee', 'Renekton', 'Tristana')",4,0,4
"(""Bel'Veth"", 'Caitlyn', 'Lux', 'Skarner', 'Tristana')",4,0,4
"('Aurelion Sol', 'Corki', 'Nautilus', 'Nidalee', 'Skarner')",4,0,4
"('Brand', 'Corki', 'Jayce', 'Olaf', 'Rell')",4,0,4
"('Draven', 'Nautilus', 'Nidalee', 'Yone', 'Zac')",4,0,4
"('Akali', 'Graves', ""Kai'Sa"", 'Leona', 'Rumble')",0,4,4
"('Jax', 'Poppy', 'Rumble', 'Tristana', 'Zeri')",4,0,4
"('Akali', 'Caitlyn', 'Poppy', 'Rengar', 'Rumble')",4,0,4
"('Aurelion Sol', 'Camille', ""K'Sante"", ""Kai'Sa"", 'Talon')",0,4,4
"('Corki', 'Diana', 'Nidalee', 'Skarner', 'Taric')",4,0,4
"('Aurelion Sol', 'Rengar', 'Sejuani', 'Seraphine', 'Zeri')",0,4,4
"('Ahri', ""Kai'Sa"", 'Karthus', 'Ornn', 'Seraphine')",0,4,4
"('Ahri', 'Ashe', ""K'Sante"", 'Lee Sin', 'Rumble')",4,0,4
"('Brand', 'Nautilus', 'Tristana', 'Viego', 'Xayah')",4,0,4
"('Corki', 'Fiddlesticks', 'Pyke', 'Skarner', 'Tristana')",4,0,4
"('Hecarim', 'Rakan', 'Rumble', 'Varus', 'Vex')",4,0,4
"('Blitzcrank', 'Illaoi', 'Taliyah', 'Tristana', 'Varus')",4,0,4
"('Camille', 'Corki', 'Kalista', 'Lillia', 'Skarner')",0,4,4
"('Akshan', 'Brand', 'Darius', 'Jinx', 'Thresh')",4,0,4
"(""Kai'Sa"", 'Katarina', 'Nautilus', 'Nidalee', 'Shen')",4,0,4
"('Ashe', 'Heimerdinger', 'Hwei', 'Skarner', 'Viego')",4,0,4
"('Ashe', 'Diana', 'Seraphine', 'Skarner', 'Urgot')",0,4,4
"('Pantheon', 'Rakan', 'Sylas', 'Tryndamere', 'Twitch')",0,4,4
"('Blitzcrank', 'Graves', 'Jax', 'LeBlanc', 'Zeri')",0,4,4
"('Irelia', 'Jayce', 'Lillia', 'Rumble', 'Varus')",4,0,4
"('Jax', 'Lillia', 'Qiyana', 'Rakan', 'Sivir')",0,4,4
"('Kalista', 'Lillia', 'Renata Glasc', 'Rumble', 'Tristana')",4,0,4
"('Ashe', 'Lillia', 'Pantheon', 'Seraphine', 'Zed')",4,0,4
"('Lillia', 'Qiyana', 'Rakan', 'Twitch', 'Udyr')",4,0,4
"('Aatrox', 'Ashe', 'Azir', 'Kindred', 'Seraphine')",4,0,4
"('Ashe', 'Diana', 'Fiora', 'Lee Sin', 'Seraphine')",0,4,4
"('Jhin', 'Lillia', 'Rumble', 'Skarner', 'Talon')",0,4,4
"('Akali', 'Nidalee', 'Pyke', 'Renekton', 'Zeri')",4,0,4
"('Camille', 'Fiora', ""Kha'Zix"", 'LeBlanc', 'Varus')",4,0,4
"('Camille', 'Galio', ""K'Sante"", ""Kai'Sa"", 'Talon')",4,0,4
"('Camille', 'Ryze', 'Smolder', 'Udyr', 'Varus')",0,4,4
"('Jinx', 'Katarina', 'Kennen', 'Talon', 'Thresh')",0,4,4
"('Katarina', ""Kha'Zix"", 'Nocturne', 'Pyke', 'Zeri')",0,4,4
"('Ahri', ""K'Sante"", 'Nautilus', 'Samira', 'Viego')",0,4,4
"('Cassiopeia', 'Katarina', 'Rell', 'Talon', 'Varus')",0,4,4
"('Kennen', 'Rakan', 'Taliyah', 'Talon', 'Xayah')",4,0,4
"('Diana', 'Jhin', 'Lee Sin', 'Olaf', 'Seraphine')",4,0,4
"('Irelia', 'Jinx', 'Poppy', 'Talon', 'Vladimir')",4,0,4
"('Ashe', 'Braum', 'Gwen', 'Skarner', 'Viego')",0,4,4
"('Irelia', 'Jinx', 'Lillia', 'Malphite', 'Poppy')",4,0,4
"('Camille', 'Kindred', 'Rumble', 'Twisted Fate', 'Varus')",0,4,4
"(""Cho'Gath"", 'Graves', 'LeBlanc', 'Seraphine', 'Smolder')",4,0,4
"('Jhin', 'Rell', 'Rengar', 'Rumble', 'Yone')",0,4,4
"('Hwei', 'Janna', 'Rengar', 'Skarner', 'Zeri')",4,0,4
"('Ashe', 'Braum', 'Twisted Fate', 'Viego', 'Warwick')",4,0,4
"('Corki', 'Nidalee', 'Skarner', 'Twisted Fate', 'Zeri')",4,0,4
"('Corki', 'Nidalee', 'Poppy', 'Skarner', 'Tristana')",4,0,4
"('Aurelion Sol', 'Corki', 'Jax', 'Kindred', 'Pyke')",0,4,4
"('Galio', 'Nautilus', 'Nidalee', 'Senna', 'Skarner')",4,0,4
"('Hwei', 'Jhin', 'Leona', 'Skarner', 'Viego')",4,0,4
"('Hwei', 'Jhin', ""Rek'Sai"", 'Urgot', 'Zilean')",0,4,4
"('Ashe', 'Kennen', 'LeBlanc', 'Lee Sin', 'Neeko')",0,4,4
"('Hwei', 'Lee Sin', 'Riven', 'Seraphine', 'Zilean')",0,4,4
"('Draven', ""Rek'Sai"", 'Seraphine', 'Tryndamere', 'Twisted Fate')",4,0,4
"('Draven', 'Nautilus', 'Urgot', 'Vex', 'Vi')",0,4,4
"('Lucian', 'Nami', 'Sylas', 'Syndra', 'Viego')",4,0,4
"('Alistar', 'Darius', 'Hecarim', 'Orianna', 'Seraphine')",4,0,4
"(""K'Sante"", ""Kai'Sa"", 'Nautilus', 'Pantheon', ""Vel'Koz"")",4,0,4
"('Akali', 'Akshan', 'Jinx', 'Nunu & Willump', 'Rakan')",4,0,4
"('Alistar', 'Ashe', 'Dr. Mundo', 'Galio', 'Graves')",4,0,4
"('Hwei', 'Jayce', 'Lee Sin', 'Neeko', 'Varus')",4,0,4
"('Darius', 'LeBlanc', 'Nautilus', 'Varus', 'Viego')",1,3,4
"('Akali', 'Irelia', 'Jinx', 'Kindred', 'Thresh')",4,0,4
"('Lee Sin', 'Rakan', 'Skarner', 'Twisted Fate', ""Vel'Koz"")",4,0,4
"('Alistar', 'LeBlanc', 'Vi', 'Viego', 'Zeri')",0,4,4
"('Camille', 'Hwei', 'Nautilus', 'Viego', 'Zeri')",2,2,4
"('Camille', 'Draven', 'Hecarim', 'Hwei', 'Karma')",0,4,4
"('Aphelios', 'Corki', 'Nautilus', 'Renekton', 'Taliyah')",1,3,4
"('Blitzcrank', 'Jhin', 'Maokai', 'Qiyana', 'Twisted Fate')",4,0,4
"('Kindred', 'Nautilus', 'Skarner', 'Taliyah', 'Varus')",0,4,4
"('Lissandra', 'Lucian', 'Nami', 'Twisted Fate', 'Viego')",4,0,4
"('Anivia', 'Hecarim', 'Nautilus', 'Ryze', 'Senna')",4,0,4
"('Akali', ""Bel'Veth"", 'Master Yi', 'Nautilus', 'Varus')",0,4,4
"('Blitzcrank', 'Jayce', 'Taliyah', 'Tristana', 'Zeri')",4,0,4
"(""Kai'Sa"", 'Kennen', 'Nautilus', 'Taliyah', 'Tristana')",0,4,4
"('Akali', 'Blitzcrank', ""Kai'Sa"", 'Sion', 'Viego')",4,0,4
"('Alistar', 'Kennen', 'LeBlanc', 'Master Yi', 'Zeri')",4,0,4
"('Irelia', ""Kai'Sa"", 'Maokai', 'Nidalee', 'Rell')",4,0,4
"('Camille', 'LeBlanc', 'Rakan', 'Viego', 'Zeri')",4,0,4
"('Gragas', 'Hecarim', 'Nautilus', 'Twisted Fate', 'Varus')",4,0,4
"('Hwei', 'Irelia', 'Kalista', 'Rell', 'Skarner')",4,0,4
"('Aatrox', 'Corki', 'Hwei', 'Lee Sin', 'Rell')",0,4,4
"('Camille', 'Darius', 'Diana', ""Kai'Sa"", 'Lee Sin')",0,4,4
"('Camille', 'Lucian', 'Shaco', 'Twisted Fate', 'Vayne')",4,0,4
"('Nautilus', 'Twisted Fate', 'Vex', 'Vi', 'Zeri')",4,0,4
"('Ekko', ""Kai'Sa"", 'Master Yi', 'Sett', 'Udyr')",0,4,4
"('Ashe', 'Jinx', 'Nidalee', 'Qiyana', 'Sett')",0,4,4
"('Amumu', 'Brand', 'Draven', 'Irelia', 'Jayce')",0,4,4
"('Graves', 'Rell', 'Rumble', 'Sylas', 'Zeri')",0,4,4
"('Galio', 'Gragas', 'Kalista', 'Nautilus', 'Viego')",4,0,4
"('Akali', 'Alistar', 'Graves', 'Skarner', 'Zeri')",0,4,4
"('Hecarim', 'Hwei', 'Lucian', 'Milio', 'Vayne')",4,0,4
"('Aatrox', 'Bard', 'Nidalee', 'Twisted Fate', 'Zeri')",4,0,4
"('Akali', 'Cassiopeia', 'Jhin', 'Rumble', 'Xin Zhao')",4,0,4
"('Irelia', 'Pyke', 'Rengar', 'Smolder', 'Zoe')",0,4,4
"('Rell', 'Shaco', 'Skarner', 'Syndra', 'Zeri')",4,0,4
"('Jayce', 'Orianna', 'Rakan', 'Vi', 'Zeri')",4,0,4
"('Ekko', 'Lee Sin', 'Rakan', 'Twisted Fate', 'Zeri')",4,0,4
"(""Bel'Veth"", 'Hwei', 'Nilah', 'Skarner', 'Soraka')",0,4,4
"('Jayce', 'Leona', 'Shaco', 'Twisted Fate', 'Ziggs')",4,0,4
"('Alistar', 'Lee Sin', 'Nilah', 'Sejuani', 'Vex')",4,0,4
"('Akshan', 'Ashe', 'Camille', 'Jayce', 'Lillia')",4,0,4
"('Ashe', 'Gragas', ""Rek'Sai"", 'Rell', 'Syndra')",0,4,4
"('Camille', 'Jinx', ""Kha'Zix"", 'LeBlanc', 'Twisted Fate')",4,0,4
"('Hecarim', 'Lux', 'Rakan', 'Skarner', 'Xayah')",0,4,4
"('Ashe', 'Pantheon', 'Sylas', 'Twisted Fate', 'Xin Zhao')",4,0,4
"('Ashe', 'Corki', 'Nidalee', 'Tristana', 'Varus')",4,0,4
"('Camille', 'Corki', 'Jinx', 'Nidalee', 'Tahm Kench')",0,4,4
"('Jinx', 'Lillia', 'Nautilus', 'Skarner', 'Tryndamere')",4,0,4
"('Aphelios', 'Graves', 'Jax', 'Taliyah', 'Thresh')",4,0,4
"('Hecarim', 'Jinx', ""K'Sante"", 'Nautilus', 'Zoe')",4,0,4
"('Azir', ""Kai'Sa"", 'Nautilus', 'Skarner', 'Udyr')",4,0,4
"('Jax', ""Kai'Sa"", 'Kindred', 'Nautilus', 'Zoe')",4,0,4
"('Draven', 'Jax', 'Lillia', 'Renata Glasc', 'Tristana')",0,4,4
"('Camille', 'Lillia', 'Qiyana', 'Varus', 'Zac')",4,0,4
"('Akali', 'Lee Sin', 'Rumble', 'Sona', 'Twisted Fate')",4,0,4
"('Gragas', 'Jinx', 'Sylas', 'Tahm Kench', 'Viego')",4,0,4
"('Diana', 'Dr. Mundo', 'Nautilus', 'Trundle', 'Zeri')",0,4,4
"('Corki', 'Diana', 'Graves', 'Rell', 'Vladimir')",4,0,4
"('Ashe', 'Jayce', 'Nocturne', 'Poppy', 'Zyra')",4,0,4
"(""K'Sante"", 'Nidalee', 'Rell', 'Zed', 'Zeri')",0,4,4
"('Cassiopeia', 'Draven', 'Lillia', 'Poppy', 'Tristana')",0,4,4
"('Ahri', 'Jhin', ""Kha'Zix"", 'Ornn', 'Rumble')",4,0,4
"('Ashe', 'Camille', 'Lillia', 'Nautilus', 'Tristana')",0,4,4
"('Corki', 'Galio', 'Nasus', 'Nautilus', 'Viego')",0,4,4
"('Corki', 'Graves', ""K'Sante"", 'Neeko', 'Varus')",4,0,4
"('Aurelion Sol', 'Braum', 'Jayce', ""Kai'Sa"", 'Kindred')",4,0,4
"('Akali', 'Aphelios', 'Lee Sin', 'Nautilus', 'Vladimir')",0,4,4
"('Aatrox', 'Elise', 'Kalista', 'Qiyana', 'Rell')",4,0,4
"(""Kai'Sa"", 'Kled', 'Poppy', 'Rengar', 'Tristana')",4,0,4
"('Caitlyn', 'Graves', 'Hwei', 'Lux', 'Mordekaiser')",4,0,4
"('Elise', 'Jayce', ""Kai'Sa"", 'Rell', 'Yasuo')",0,4,4
"('Akali', 'Graves', 'Kennen', 'Nautilus', 'Varus')",4,0,4
"('Jhin', 'Karthus', 'Nautilus', 'Skarner', 'Tristana')",0,4,4
"('Galio', 'Hecarim', 'Lulu', 'Nilah', 'Poppy')",4,0,4
"('Taric', 'Twisted Fate', 'Twitch', 'Viego', 'Warwick')",0,4,4
"('Jhin', 'Kennen', 'Thresh', 'Viego', 'Zoe')",4,0,4
"('Akshan', 'Alistar', 'Hwei', 'Poppy', 'Zeri')",4,0,4
"('Blitzcrank', 'Hwei', ""K'Sante"", ""Kai'Sa"", 'Lee Sin')",0,4,4
"('LeBlanc', 'Lee Sin', 'Renata Glasc', 'Skarner', 'Varus')",0,4,4
"('Ekko', 'Kalista', 'Qiyana', 'Renekton', 'Taric')",0,4,4
"('Hwei', 'Jayce', 'Rakan', 'Shaco', 'Zeri')",4,0,4
"('Jinx', 'Kindred', 'Nautilus', 'Poppy', 'Twisted Fate')",4,0,4
"('Camille', 'Corki', 'Rell', 'Xin Zhao', 'Zoe')",4,0,4
"('Gragas', 'Graves', 'Pyke', 'Zeri', 'Zoe')",4,0,4
"('Nautilus', 'Renekton', 'Varus', 'Viego', 'Zoe')",0,4,4
"('Aurelion Sol', ""K'Sante"", 'Neeko', 'Varus', 'Xin Zhao')",4,0,4
"('Bard', 'Pantheon', 'Rumble', 'Zac', 'Zeri')",4,0,4
"('Draven', 'Jayce', 'Lillia', 'Senna', 'Zoe')",0,4,4
"('Akshan', 'Kayle', 'Nautilus', 'Pantheon', 'Varus')",4,0,4
"('Garen', 'Janna', 'Jax', 'Lillia', 'Nilah')",0,4,4
"('Aatrox', 'Blitzcrank', 'Draven', 'Nidalee', 'Zoe')",4,0,4
"('Aphelios', 'Lillia', 'Tristana', 'Twisted Fate', 'Zilean')",0,4,4
"('Graves', 'LeBlanc', 'Nautilus', 'Urgot', 'Zeri')",4,0,4
"('Ashe', 'Hecarim', 'Rell', 'Zac', 'Zoe')",4,0,4
"('Azir', 'Corki', 'Jax', 'Kindred', 'Rell')",0,4,4
"(""Kai'Sa"", 'Lillia', 'Nautilus', 'Urgot', 'Yone')",0,4,4
"('Jinx', 'Kindred', 'Soraka', 'Warwick', 'Zoe')",0,4,4
"(""K'Sante"", ""Kai'Sa"", 'Nautilus', 'Viego', 'Zoe')",0,4,4
"('Cassiopeia', 'Corki', 'Jayce', 'Nidalee', 'Rakan')",4,0,4
"('Alistar', ""Kai'Sa"", 'Nunu & Willump', 'Renekton', 'Tristana')",4,0,4
"('Alistar', 'Lillia', 'Xerath', 'Yone', 'Zoe')",4,0,4
"('Camille', 'Draven', ""K'Sante"", 'Lucian', 'Zyra')",0,4,4
"('Hecarim', 'LeBlanc', 'Rakan', 'Twisted Fate', 'Zeri')",4,0,4
"(""K'Sante"", ""Kog'Maw"", 'Lulu', 'Zed', 'Zyra')",4,0,4
"('Braum', 'Hwei', ""K'Sante"", 'Kalista', 'Talon')",0,4,4
"('Braum', 'Lee Sin', 'Skarner', 'Syndra', 'Zeri')",4,0,4
"('Jayce', 'Lillia', 'Renekton', 'Skarner', 'Varus')",4,0,4
"('Ashe', 'Hwei', 'Kennen', 'Orianna', 'Viego')",4,0,4
"('Ahri', 'Ashe', 'Braum', 'Mordekaiser', 'Xin Zhao')",4,0,4
"('LeBlanc', 'Lucian', 'Nami', 'Shaco', 'Skarner')",0,4,4
"(""Kai'Sa"", 'Kindred', 'Nautilus', 'Renekton', 'Taliyah')",0,4,4
"('Aatrox', 'Jayce', 'Leona', 'Nidalee', 'Sivir')",0,4,4
"('Blitzcrank', 'Nasus', 'Nidalee', 'Tristana', 'Varus')",4,0,4
"('Blitzcrank', 'Darius', 'Lissandra', 'Varus', 'Viego')",0,4,4
"('Alistar', 'Graves', 'Ornn', 'Samira', 'Yasuo')",4,0,4
"('Akali', 'Master Yi', 'Poppy', 'Sejuani', 'Zeri')",4,0,4
"('Camille', 'Graves', ""K'Sante"", ""Kai'Sa"", 'Twisted Fate')",0,4,4
"('Azir', 'Kindred', 'Renata Glasc', 'Twisted Fate', 'Varus')",0,4,4
"('Cassiopeia', 'Graves', ""Kai'Sa"", 'LeBlanc', 'Nautilus')",4,0,4
"('Ahri', 'Corki', 'Graves', 'Leona', 'Zac')",4,0,4
"('Jayce', 'Nautilus', 'Nidalee', 'Smolder', 'Tristana')",4,0,4
"('Irelia', 'Lee Sin', 'Rell', 'Sivir', 'Sylas')",0,4,4
"('Karthus', 'Rell', 'Tristana', 'Twisted Fate', 'Varus')",4,0,4
"('Gragas', 'Hwei', 'Lulu', 'Poppy', 'Zeri')",0,4,4
"('Corki', 'Gragas', 'Nautilus', 'Taliyah', 'Varus')",0,4,4
"('Skarner', 'Taliyah', 'Thresh', 'Tristana', 'Varus')",4,0,4
"('Jhin', 'Maokai', 'Poppy', 'Rakan', 'Taliyah')",4,0,4
"('Alistar', 'Corki', 'Fiddlesticks', ""Kai'Sa"", 'Ryze')",0,4,4
"('Corki', 'Rell', 'Tristana', 'Warwick', 'Zac')",0,4,4
"('Alistar', 'Jax', 'Smolder', 'Taliyah', 'Viego')",0,4,4
"('Aatrox', 'Lee Sin', 'Nilah', 'Rell', 'Sylas')",4,0,4
"('Corki', 'Jinx', ""K'Sante"", 'Nautilus', 'Nidalee')",0,4,4
"(""K'Sante"", 'Nautilus', 'Taliyah', 'Twisted Fate', 'Yone')",0,4,4
"('Fiddlesticks', 'Graves', ""Kai'Sa"", 'Pyke', 'Rumble')",0,4,4
"('Aatrox', 'Ashe', 'Blitzcrank', 'LeBlanc', 'Xin Zhao')",4,0,4
"('Nunu & Willump', 'Poppy', 'Rumble', 'Tristana', 'Varus')",0,4,4
"('Camille', 'Diana', 'Jax', 'Nautilus', 'Varus')",4,0,4
"('Akali', 'Ashe', 'Braum', 'Talon', 'Twisted Fate')",4,0,4
"(""Kha'Zix"", 'LeBlanc', 'Rell', 'Skarner', 'Twitch')",4,0,4
"('Hwei', ""Rek'Sai"", 'Rell', 'Skarner', 'Smolder')",4,0,4
"('Ahri', 'Jinx', 'Maokai', 'Nidalee', 'Rell')",4,0,4
"('Alistar', 'Ashe', 'Rengar', 'Rumble', 'Viego')",0,4,4
"('Aatrox', 'Azir', 'Sejuani', 'Senna', 'Seraphine')",4,0,4
"('Hwei', 'Jax', 'Maokai', 'Samira', 'Sejuani')",0,4,4
"('Aatrox', 'Azir', 'Rell', 'Rengar', 'Zeri')",4,0,4
"('Ashe', 'Braum', 'Corki', 'Gnar', 'Nidalee')",4,0,4
"('Camille', 'Irelia', 'Jinx', 'Karthus', 'Zed')",0,4,4
"('Nautilus', 'Orianna', 'Skarner', 'Taliyah', 'Zeri')",0,4,4
"('Cassiopeia', 'Kayn', 'Skarner', 'Soraka', 'Twisted Fate')",0,4,4
"('Fiora', 'Rell', 'Shaco', 'Syndra', 'Varus')",0,4,4
"('Caitlyn', 'Hwei', 'Rell', 'Twisted Fate', 'Viego')",4,0,4
"('Hecarim', 'Irelia', 'Jhin', 'Rell', 'Rumble')",4,0,4
"('Alistar', 'Hecarim', 'Hwei', ""Kai'Sa"", 'Skarner')",4,0,4
"('Renekton', 'Seraphine', 'Twisted Fate', 'Varus', 'Vi')",0,4,4
"('Kennen', 'Nautilus', 'Rengar', 'Varus', 'Xerath')",4,0,4
"('Lucian', 'Nami', 'Rumble', 'Sejuani', 'Zed')",4,0,4
"('Galio', 'Gwen', 'Jinx', 'Rell', 'Viego')",0,4,4
"('Alistar', 'Annie', 'Lee Sin', 'Twisted Fate', 'Varus')",0,4,4
"('Azir', ""Bel'Veth"", 'Braum', 'Jax', 'Varus')",4,0,4
"('Ashe', 'Ezreal', 'Graves', 'LeBlanc', 'Pantheon')",4,0,4
"('Camille', 'Jinx', 'Nidalee', 'Qiyana', 'Thresh')",0,4,4
"('Hwei', 'Rumble', 'Taric', 'Varus', 'Viego')",4,0,4
"('Jayce', ""Kai'Sa"", 'Lillia', 'Nami', 'Tristana')",4,0,4
"('Ashe', 'Brand', 'Nautilus', 'Pantheon', 'Vayne')",4,0,4
"('Fiora', ""Kai'Sa"", ""Kha'Zix"", 'Skarner', 'Sylas')",4,0,4
"('Brand', 'Darius', 'Irelia', 'Rakan', 'Xayah')",4,0,4
"('Akshan', ""Kai'Sa"", 'Nautilus', 'Tahm Kench', 'Taliyah')",4,0,4
"('Ashe', 'LeBlanc', 'Lee Sin', 'Riven', 'Taric')",4,0,4
"('Braum', 'Corki', 'Hwei', 'Skarner', 'Viego')",4,0,4
"('Bard', ""K'Sante"", 'Karthus', 'Pantheon', 'Zeri')",4,0,4
"('Ashe', 'Aurelion Sol', 'Braum', 'Illaoi', 'Skarner')",0,4,4
"(""Kai'Sa"", 'Lillia', 'Rell', 'Riven', 'Twisted Fate')",4,0,4
"('Nautilus', 'Rengar', 'Riven', 'Varus', 'Xerath')",0,4,4
"('Alistar', ""Kai'Sa"", 'Kled', 'Riven', 'Rumble')",0,4,4
"('Bard', 'Ezreal', 'Graves', 'Jax', 'Sylas')",4,0,4
"('Ivern', 'Riven', 'Rumble', 'Tristana', 'Varus')",0,4,4
"('Corki', 'Gragas', 'Mordekaiser', 'Nautilus', 'Nilah')",0,4,4
"('Blitzcrank', 'Corki', 'Karthus', 'Swain', 'Zac')",0,4,4
"('Akshan', 'Ezreal', 'Nidalee', 'Rell', 'Riven')",4,0,4
"('Akshan', 'Irelia', ""Kai'Sa"", 'Nautilus', 'Nidalee')",4,0,4
"('Blitzcrank', 'Syndra', 'Twisted Fate', 'Viego', 'Zac')",4,0,4
"('Corki', 'Lillia', 'Nautilus', 'Vayne', 'Zeri')",0,4,4
"('Jinx', ""Kai'Sa"", 'Nautilus', 'Skarner', 'Taliyah')",4,0,4
"('Aatrox', 'Akshan', 'Neeko', 'Nilah', 'Vi')",4,0,4
"('Galio', 'Gwen', 'Kalista', 'Nautilus', 'Viego')",4,0,4
"('Nautilus', 'Nidalee', 'Pantheon', 'Samira', 'Zac')",4,0,4
"('Draven', 'Riven', 'Thresh', 'Twisted Fate', 'Zac')",4,0,4
"('Hwei', 'Lillia', 'Rell', 'Riven', 'Xayah')",4,0,4
"('Hwei', ""Kai'Sa"", 'Pyke', 'Riven', 'Xin Zhao')",0,4,4
"(""Kai'Sa"", 'Nautilus', 'Taliyah', 'Twisted Fate', 'Viego')",0,4,4
"('Ashe', 'Lee Sin', 'Lulu', 'Shen', 'Taliyah')",4,0,4
"('Corki', 'Fiddlesticks', 'Jayce', 'Rengar', 'Vladimir')",0,4,4
"('Ahri', ""Kai'Sa"", 'Leona', 'Riven', 'Viego')",0,4,4
"('Camille', 'Hwei', ""Kai'Sa"", 'LeBlanc', 'Rengar')",0,4,4
"('Draven', 'Hwei', 'Kindred', 'Nautilus', 'Twisted Fate')",0,4,4
"('Hecarim', 'Hwei', 'Jhin', 'Riven', 'Rumble')",0,4,4
"('Aatrox', 'LeBlanc', 'Rakan', ""Rek'Sai"", 'Tristana')",4,0,4
"('Ahri', 'Kindred', 'Lucian', 'Nami', 'Riven')",0,4,4
"('Malphite', 'Pyke', 'Taliyah', 'Xayah', 'Yasuo')",4,0,4
"('Corki', 'Lissandra', 'Riven', 'Skarner', 'Taliyah')",4,0,4
"('Ekko', 'Skarner', 'Taric', 'Viego', 'Zeri')",4,0,4
"('Aphelios', 'Hwei', 'Rell', 'Riven', 'Talon')",4,0,4
"('Ahri', 'Graves', 'Jinx', 'Leona', 'Riven')",4,0,4
"('Jinx', 'Leona', 'Lillia', 'Riven', 'Sylas')",0,4,4
"('Kalista', 'Karthus', 'Lulu', 'Pantheon', 'Skarner')",4,0,4
"('Corki', 'Kennen', 'Lux', 'Riven', 'Xin Zhao')",4,0,4
"('Corki', 'Janna', 'Lillia', 'Skarner', 'Twitch')",4,0,4
"('Camille', 'Jayce', 'Jhin', 'Nidalee', 'Riven')",4,0,4
"('Ashe', 'Irelia', 'Janna', 'Nidalee', 'Yasuo')",4,0,4
"('Katarina', 'Malphite', 'Rumble', 'Varus', 'Vi')",0,4,4
"('Brand', 'Corki', 'Poppy', 'Riven', 'Twisted Fate')",4,0,4
"(""Rek'Sai"", 'Riven', 'Rumble', 'Taliyah', 'Varus')",0,4,4
"('Ekko', 'Graves', 'Gwen', 'Jinx', 'Leona')",0,4,4
"('Jax', 'Karthus', 'Lissandra', 'Pyke', 'Varus')",0,4,4
"('Camille', 'Nidalee', 'Rumble', 'Sivir', 'Viego')",4,0,4
"('Ahri', 'Camille', 'Corki', 'Graves', 'Riven')",0,4,4
"('Graves', 'Rell', 'Shaco', 'Tristana', 'Zeri')",4,0,4
"('Jax', ""Kai'Sa"", 'Lux', 'Nidalee', 'Taric')",4,0,4
"('Aatrox', 'Ashe', 'Fiddlesticks', 'Jayce', 'Nautilus')",4,0,4
"('Brand', 'Camille', 'Nautilus', 'Varus', 'Viego')",4,0,4
"('Ahri', 'Ashe', 'Jax', 'Jayce', 'Rakan')",0,4,4
"('Gragas', 'Hwei', 'Nautilus', 'Senna', 'Viego')",4,0,4
"('Alistar', 'Ekko', ""Kai'Sa"", 'Riven', 'Ryze')",4,0,4
"('Ekko', ""Kai'Sa"", 'Leona', ""Rek'Sai"", 'Syndra')",4,0,4
"('Fiora', 'Hwei', 'Jhin', 'Rakan', 'Rengar')",0,4,4
"('Karthus', 'Rell', 'Sion', 'Tristana', 'Varus')",0,4,4
"('Jhin', 'Pyke', 'Rumble', 'Tryndamere', 'Zac')",0,4,4
"('Fiddlesticks', 'LeBlanc', 'Lucian', 'Nami', 'Renekton')",0,4,4
"('Lucian', 'Nami', ""Rek'Sai"", 'Rumble', 'Yone')",0,4,4
"('Gragas', 'Graves', ""K'Sante"", 'Poppy', 'Seraphine')",4,0,4
"('Ahri', 'Gnar', 'Nidalee', 'Nilah', 'Poppy')",0,4,4
"('Caitlyn', 'Gnar', 'Hecarim', 'Vex', 'Zilean')",4,0,4
"('Fiddlesticks', 'Hwei', ""K'Sante"", 'Rakan', 'Twitch')",4,0,4
"('Camille', 'Jhin', 'Kennen', ""Rek'Sai"", 'Twisted Fate')",0,4,4
"('Aphelios', 'Jax', 'Olaf', 'Taliyah', 'Thresh')",4,0,4
"('Akali', 'Blitzcrank', 'Jinx', 'Skarner', 'Taliyah')",4,0,4
"('Ahri', 'Camille', 'Seraphine', 'Varus', 'Zac')",4,0,4
"('Cassiopeia', 'Ezreal', 'Hwei', 'Kindred', 'Pyke')",4,0,4
"('Corki', 'Nami', 'Nidalee', 'Skarner', 'Twisted Fate')",4,0,4
"('Cassiopeia', 'Irelia', 'Nidalee', 'Rumble', 'Tristana')",4,0,4
"('Diana', ""Kha'Zix"", 'Rell', 'Rumble', 'Varus')",0,4,4
"('Lee Sin', 'Nautilus', 'Renekton', 'Twisted Fate', 'Varus')",4,0,4
"('Corki', 'Jinx', ""K'Sante"", 'Morgana', 'Taliyah')",4,0,4
"('Aurelion Sol', 'Brand', 'Camille', 'Varus', 'Zac')",4,0,4
"('Aurelion Sol', 'Gnar', 'Leona', 'Vayne', 'Viego')",0,4,4
"('Hwei', 'Jayce', 'Senna', 'Shaco', 'Twisted Fate')",4,0,4
"(""Kai'Sa"", 'Lillia', 'Nautilus', 'Renekton', 'Tristana')",3,1,4
"('Camille', 'Lillia', 'Ornn', 'Senna', 'Tryndamere')",0,4,4
"('Alistar', ""Bel'Veth"", 'Ekko', 'Jayce', 'Varus')",0,4,4
"('Fiddlesticks', 'Jayce', 'Rell', 'Renekton', 'Varus')",0,4,4
"('Corki', 'Ekko', 'Hwei', 'Rell', 'Riven')",0,4,4
"('Irelia', 'Renata Glasc', 'Renekton', 'Twisted Fate', 'Vi')",4,0,4
"('Ahri', ""Kha'Zix"", 'Shen', 'Taric', 'Zeri')",0,4,4
"('Jayce', 'Lee Sin', 'Rakan', 'Twisted Fate', 'Zeri')",0,4,4
"('Blitzcrank', ""K'Sante"", ""Kai'Sa"", 'LeBlanc', 'Nidalee')",0,4,4
"('Aurelion Sol', 'Gnar', ""Kai'Sa"", 'Poppy', 'Vi')",0,4,4
"('Draven', 'Jax', 'Karma', 'LeBlanc', 'Lee Sin')",4,0,4
"('Jax', 'Nidalee', 'Poppy', 'Tristana', 'Varus')",4,0,4
"('Camille', 'Corki', 'Lee Sin', 'Rumble', 'Varus')",0,4,4
"('Aatrox', 'Jhin', 'Lee Sin', 'Rell', 'Zoe')",4,0,4
"('Ashe', 'Aurelion Sol', 'Olaf', 'Skarner', 'Viego')",4,0,4
"('Braum', 'Darius', 'Gragas', 'Smolder', 'Yasuo')",4,0,4
"('Corki', 'Kalista', 'Lillia', 'Poppy', 'Twisted Fate')",0,4,4
"('Akali', 'Graves', 'Jax', 'Jinx', 'Thresh')",4,0,4
"('Darius', 'Draven', 'Hwei', 'Maokai', 'Zilean')",4,0,4
"('Ahri', 'Caitlyn', 'Camille', 'Thresh', 'Vi')",0,4,4
"('Hwei', ""Kai'Sa"", 'Kindred', 'Skarner', 'Volibear')",4,0,4
"('Aatrox', 'Ahri', 'Corki', 'Lee Sin', 'Zilean')",0,4,4
"('Cassiopeia', 'Jayce', 'Lillia', 'Pyke', 'Samira')",0,4,4
"(""Kha'Zix"", 'LeBlanc', 'Pyke', 'Tryndamere', 'Zeri')",4,0,4
"(""Kai'Sa"", 'Nautilus', 'Skarner', 'Vex', 'Xin Zhao')",0,4,4
"('Jayce', 'Kalista', 'Lee Sin', 'Orianna', 'Pyke')",0,4,4
"('Ashe', 'Braum', ""Kha'Zix"", 'Rumble', 'Vayne')",0,4,4
"('Camille', 'Jax', ""Kai'Sa"", 'Skarner', 'Zac')",4,0,4
"('Akali', 'Camille', ""Kai'Sa"", 'Rumble', 'Viego')",0,4,4
"('Karthus', 'Nocturne', 'Senna', 'Seraphine', 'Tristana')",4,0,4
"('Ashe', 'Jayce', 'Kennen', 'Nidalee', 'Rell')",0,4,4
"('Corki', 'Jax', 'Nidalee', 'Rakan', 'Xayah')",0,4,4
"('Akali', 'Jax', ""Kai'Sa"", 'Poppy', 'Taliyah')",4,0,4
"('Akali', 'Jax', 'Ornn', 'Senna', 'Xin Zhao')",0,4,4
"('Akali', 'Graves', 'Leona', 'Vladimir', 'Zeri')",0,4,4
"('Alistar', 'Gragas', 'Irelia', ""Kha'Zix"", 'Varus')",4,0,4
"('Camille', ""Kai'Sa"", 'Nunu & Willump', 'Rengar', 'Skarner')",4,0,4
"('Ahri', 'Irelia', 'Lee Sin', 'Nautilus', 'Smolder')",4,0,4
"('Pyke', 'Urgot', 'Varus', ""Vel'Koz"", 'Xin Zhao')",0,4,4
"('Camille', 'Gwen', 'Jayce', 'Jinx', 'Nautilus')",1,3,4
"('Hwei', 'Master Yi', 'Rakan', 'Renekton', 'Zeri')",4,0,4
"('Master Yi', 'Rumble', 'Thresh', 'Tristana', 'Varus')",4,0,4
"('Graves', 'Kennen', 'Lucian', 'Nami', 'Zac')",0,4,4
"('Diana', 'Pantheon', 'Rell', 'Sejuani', 'Zeri')",0,4,4
"('Draven', 'Hecarim', 'Rell', 'Sylas', 'Tristana')",4,0,4
"('Hecarim', 'Jhin', 'Nautilus', 'Smolder', 'Tristana')",4,0,4
"(""Kai'Sa"", 'Kennen', 'Nidalee', 'Rell', 'Yone')",4,0,4
"('Jayce', 'Neeko', 'Smolder', 'Taliyah', 'Tristana')",0,4,4
"('Hecarim', 'Jayce', 'LeBlanc', 'Pyke', 'Zeri')",4,0,4
"('Galio', 'Hecarim', 'Jinx', 'Rell', 'Viego')",0,4,4
"('Alistar', 'Cassiopeia', 'Jax', 'Lee Sin', 'Sylas')",0,4,4
"('Blitzcrank', 'Ivern', 'Jayce', 'Jinx', 'Ornn')",4,0,4
"('Galio', 'Hwei', 'Lee Sin', 'Tristana', 'Zac')",0,4,4
"('Diana', 'Jinx', ""K'Sante"", 'Nautilus', 'Skarner')",4,0,4
"('Ashe', 'Camille', 'LeBlanc', 'Rell', 'Viego')",0,4,4
"('Caitlyn', 'Diana', 'Fiddlesticks', 'Morgana', 'Rengar')",4,0,4
"('Camille', 'Rell', 'Sylas', 'Varus', 'Viego')",0,4,4
"('Jhin', 'Leona', 'Lillia', 'Rumble', 'Yone')",4,0,4
"('Dr. Mundo', 'LeBlanc', 'Lulu', 'Xin Zhao', 'Zeri')",0,4,4
"('Ezreal', 'Rumble', 'Skarner', 'Twisted Fate', 'Viego')",4,0,4
"('Jayce', ""Kai'Sa"", 'Lillia', 'Poppy', 'Pyke')",4,0,4
"('Hwei', 'Lee Sin', 'Rakan', 'Ryze', 'Zeri')",0,4,4
"('Hwei', 'Jhin', 'Nautilus', 'Poppy', 'Viego')",0,4,4
"('Aphelios', 'Hwei', 'Irelia', 'Lee Sin', 'Nautilus')",4,0,4
"('Aphelios', 'Lillia', 'Rell', 'Tristana', 'Twisted Fate')",4,0,4
"('Aatrox', 'Ashe', 'Hecarim', 'Nunu & Willump', 'Pyke')",4,0,4
"('Ezreal', 'Fiora', 'Graves', 'Hwei', 'Nautilus')",0,4,4
"('Camille', 'Kalista', 'Rumble', 'Skarner', 'Ziggs')",4,0,4
"('Ashe', 'Hwei', 'Kennen', 'Kindred', 'Seraphine')",4,0,4
"('Braum', 'Draven', 'Gragas', 'Tristana', 'Viego')",4,0,4
"('Aphelios', 'Hecarim', 'Kennen', 'Nautilus', ""Vel'Koz"")",0,4,4
"('Ezreal', 'Hecarim', 'Kennen', 'Nunu & Willump', 'Seraphine')",0,4,4
"('Aurelion Sol', 'Jinx', ""K'Sante"", 'Rell', 'Vi')",0,4,4
"('Lee Sin', 'Rakan', 'Renekton', 'Syndra', 'Zeri')",4,0,4
"('Corki', 'Rell', 'Syndra', 'Taliyah', 'Zeri')",4,0,4
"('Ashe', 'Lux', 'Rumble', 'Taliyah', 'Viego')",0,4,4
"('Cassiopeia', 'Lillia', 'Rakan', 'Smolder', 'Tristana')",0,4,4
"('Aurelion Sol', 'Graves', ""K'Sante"", 'Nautilus', 'Varus')",0,4,4
"('Jayce', 'Kindred', 'Nilah', 'Ornn', 'Ryze')",0,4,4
"('Ashe', 'Braum', 'Irelia', 'Katarina', 'Viego')",0,4,4
"('Cassiopeia', 'Pantheon', 'Poppy', 'Viego', 'Zeri')",4,0,4
"('Ashe', 'Aurelion Sol', 'Camille', 'Nautilus', 'Warwick')",0,4,4
"('Galio', 'Gragas', 'Hecarim', ""Kai'Sa"", 'Rell')",0,4,4
"('Cassiopeia', ""Kha'Zix"", 'Rell', 'Urgot', 'Zeri')",0,4,4
"('Corki', 'LeBlanc', 'Lee Sin', 'Milio', 'Volibear')",4,0,4
"('Hecarim', 'LeBlanc', 'Seraphine', 'Sion', 'Varus')",4,0,4
"('Galio', 'Kennen', 'Lulu', 'Smolder', 'Viego')",4,0,4
"('Ashe', 'Lee Sin', 'Seraphine', 'Skarner', 'Taliyah')",4,0,4
"('Camille', ""K'Sante"", 'Neeko', 'Varus', 'Xin Zhao')",4,0,4
"('Aphelios', 'Gragas', 'Nautilus', 'Ryze', 'Viego')",4,0,4
"('Akshan', 'Alistar', 'Hecarim', 'Rumble', 'Varus')",4,0,4
"('Akali', 'Gragas', 'Hecarim', 'Jinx', 'Rell')",0,4,4
"('Hwei', 'Kennen', 'Nocturne', 'Pyke', 'Twitch')",4,0,4
"('Braum', 'Gnar', 'Hecarim', 'Hwei', 'Varus')",4,0,4
"('Ashe', 'Karthus', 'Neeko', 'Skarner', 'Yone')",4,0,4
"(""Bel'Veth"", 'Lucian', 'Milio', 'Urgot', 'Vex')",0,4,4
"('Alistar', 'Hwei', ""K'Sante"", 'Nidalee', 'Varus')",0,4,4
"('Blitzcrank', 'Cassiopeia', 'Gnar', 'Nidalee', 'Tristana')",4,0,4
"('Nidalee', 'Olaf', 'Pyke', 'Tristana', 'Varus')",4,0,4
"('Ashe', 'Caitlyn', 'Jax', 'Jayce', 'Lillia')",4,0,4
"('Diana', 'Jhin', ""Rek'Sai"", 'Skarner', 'Tryndamere')",0,4,4
"('Lillia', 'Nautilus', 'Pyke', 'Vayne', 'Yasuo')",4,0,4
"('Alistar', 'Corki', 'Jax', 'LeBlanc', 'Taliyah')",4,0,4
"(""K'Sante"", ""Kha'Zix"", 'Neeko', 'Twisted Fate', 'Varus')",0,4,4
"('Aphelios', 'Jax', 'LeBlanc', 'Lee Sin', 'Maokai')",4,0,4
"('Braum', 'Diana', 'LeBlanc', 'Poppy', 'Varus')",4,0,4
"('Graves', 'Hwei', 'Jhin', 'Rell', 'Skarner')",4,0,4
"('Cassiopeia', 'Nautilus', 'Poppy', 'Sylas', 'Tristana')",4,0,4
"('Aurelion Sol', 'Lulu', 'Vi', 'Zac', 'Zeri')",0,4,4
"('Lee Sin', 'Miss Fortune', 'Nidalee', 'Renekton', 'Xerath')",0,4,4
"('Ashe', 'Hwei', 'Poppy', 'Rumble', 'Twisted Fate')",4,0,4
"('Corki', 'Gnar', 'Nidalee', 'Rell', 'Varus')",4,0,4
"(""Kai'Sa"", 'Poppy', 'Rakan', 'Taliyah', 'Urgot')",0,4,4
"('Gragas', ""Kai'Sa"", 'Katarina', 'Poppy', 'Vayne')",0,4,4
"('Braum', 'Jax', 'Kennen', 'Kled', 'Zeri')",4,0,4
"('Hwei', ""Kai'Sa"", 'Rell', 'Skarner', 'Viego')",3,1,4
"('Kalista', 'Lillia', 'Renekton', 'Taric', 'Zed')",0,4,4
"('Aatrox', ""Kai'Sa"", 'Lillia', 'Maokai', 'Yone')",4,0,4
"('Azir', 'Caitlyn', 'Gragas', 'Lux', 'Viego')",4,0,4
"('Ahri', 'Akali', 'Draven', 'Kindred', 'Renata Glasc')",4,0,4
"('Alistar', 'Ekko', 'Skarner', 'Udyr', 'Varus')",0,4,4
"('Aurelion Sol', 'Karma', 'Varus', 'Viego', 'Xin Zhao')",4,0,4
"('Jayce', 'Lee Sin', 'Lillia', 'Lucian', 'Nami')",0,4,4
"(""Kai'Sa"", 'Lee Sin', 'Nautilus', 'Nidalee', 'Riven')",4,0,4
"('Ekko', 'Graves', 'Swain', 'Warwick', 'Zeri')",4,0,4
"('Alistar', 'Caitlyn', 'Rumble', 'Tristana', 'Urgot')",4,0,4
"('Aatrox', 'Nidalee', 'Renekton', 'Skarner', ""Vel'Koz"")",4,0,4
"(""Bel'Veth"", 'Camille', 'Elise', 'Varus', 'Viego')",0,4,4
"('Aatrox', 'Aphelios', 'Nautilus', 'Taliyah', 'Yone')",4,0,4
"('Brand', 'Camille', 'Jhin', 'Rumble', 'Yasuo')",0,4,4
"('Corki', 'LeBlanc', 'Maokai', ""Rek'Sai"", 'Skarner')",4,0,4
"('Akali', ""Kha'Zix"", 'Lulu', 'Rumble', 'Zeri')",0,4,4
"('Annie', 'Ashe', 'Nautilus', 'Olaf', 'Viego')",4,0,4
"('Akshan', 'Cassiopeia', 'Draven', 'Taliyah', 'Taric')",0,4,4
"('Corki', 'Pantheon', 'Rengar', 'Skarner', 'Yone')",4,0,4
"('Brand', ""Kai'Sa"", 'Leona', 'Nocturne', 'Zed')",4,0,4
"(""Kai'Sa"", 'LeBlanc', 'Nautilus', 'Poppy', 'Viego')",0,4,4
"('Nautilus', 'Taliyah', 'Varus', 'Warwick', 'Yasuo')",0,4,4
"('Draven', 'Graves', 'Rumble', 'Twisted Fate', 'Zac')",0,4,4
"('Hwei', 'Nautilus', 'Varus', 'Viego', 'Zac')",4,0,4
"('Alistar', 'LeBlanc', 'Pantheon', 'Varus', 'Vayne')",4,0,4
"('Alistar', 'Corki', 'Lee Sin', 'Ryze', 'Skarner')",4,0,4
"('Bard', 'Corki', 'Galio', 'Malphite', 'Viego')",4,0,4
"('Corki', 'Kalista', 'Taliyah', 'Taric', 'Twisted Fate')",4,0,4
"('Brand', 'Irelia', 'Jayce', 'Lucian', 'Pantheon')",0,4,4
"('Aatrox', 'Hecarim', 'Kalista', 'Renata Glasc', 'Sylas')",4,0,4
"('Graves', 'Jayce', 'Nautilus', 'Senna', 'Twisted Fate')",4,0,4
"('Irelia', 'Ivern', 'Kennen', 'Rell', 'Zeri')",4,0,4
"('Caitlyn', 'Hecarim', 'Hwei', 'Jayce', 'Rakan')",4,0,4
"('Blitzcrank', 'Gragas', 'Graves', 'Twisted Fate', 'Varus')",4,0,4
"('Lucian', 'Master Yi', 'Nami', 'Seraphine', 'Tryndamere')",4,0,4
"('Jax', 'Jayce', 'Nidalee', 'Rell', 'Zeri')",0,4,4
"('Akshan', 'Corki', 'Irelia', 'Karthus', 'Rell')",0,4,4
"('Ashe', 'Galio', 'Ivern', 'Skarner', 'Viktor')",4,0,4
"('Jinx', 'LeBlanc', 'Lee Sin', 'Skarner', 'Thresh')",1,3,4
"('Akali', 'Hecarim', 'Jhin', 'Rakan', 'Skarner')",4,0,4
"('Ashe', 'Jayce', 'Lillia', 'Sett', 'Tristana')",0,4,4
"('Aphelios', 'Blitzcrank', 'Jayce', 'Lillia', 'Tristana')",4,0,4
"('Lillia', 'Rakan', 'Riven', 'Tristana', 'Twitch')",4,0,4
"('Hwei', 'Nautilus', 'Rumble', 'Viego', 'Xayah')",0,4,4
"('Camille', 'Gwen', 'Kalista', 'Kindred', 'Twisted Fate')",0,4,4
"('Camille', 'Ornn', 'Senna', 'Taliyah', 'Zed')",4,0,4
"(""K'Sante"", ""Kog'Maw"", 'Taliyah', 'Thresh', 'Twisted Fate')",4,0,4
"('Hwei', 'Kalista', 'Renekton', 'Rengar', 'Zoe')",0,4,4
"('Corki', 'Syndra', 'Taric', 'Tryndamere', 'Udyr')",0,4,4
"('Diana', 'Shaco', 'Skarner', 'Taric', 'Tristana')",0,4,4
"('Ashe', 'Elise', 'Garen', 'Irelia', 'Nautilus')",1,3,4
"('Camille', 'Hwei', ""Kai'Sa"", 'Skarner', 'Viego')",4,0,4
"('Camille', 'Hwei', 'Jhin', 'Lee Sin', 'Pyke')",4,0,4
"('Jax', 'Kindred', 'Nautilus', 'Senna', 'Syndra')",4,0,4
"('Camille', 'Lillia', 'Nautilus', 'Samira', 'Tristana')",0,4,4
"('Aatrox', 'Ahri', 'Brand', 'Graves', 'Nautilus')",0,4,4
"('Nautilus', 'Nidalee', 'Rumble', 'Sion', 'Twisted Fate')",4,0,4
"('Lillia', 'Lulu', 'Renekton', 'Tristana', 'Zeri')",4,0,4
"('Diana', 'Nasus', 'Nautilus', 'Varus', 'Viego')",4,0,4
"('Alistar', 'Hecarim', 'Hwei', ""Kai'Sa"", 'Riven')",4,0,4
"('Brand', 'Galio', 'Leona', 'Skarner', 'Viego')",4,0,4
"('Corki', 'Hwei', 'Nidalee', 'Rakan', 'Tryndamere')",0,4,4
"('Irelia', 'Rumble', 'Senna', 'Tahm Kench', 'Tryndamere')",4,0,4
"('Blitzcrank', 'Graves', ""Kai'Sa"", 'Lucian', 'Shen')",0,4,4
"('Brand', 'Corki', 'Nautilus', 'Poppy', 'Tristana')",4,0,4
"('Alistar', 'Jinx', 'Maokai', 'Rumble', 'Yone')",4,0,4
"('Blitzcrank', 'Corki', 'Lee Sin', 'Orianna', 'Skarner')",0,4,4
"('Gragas', 'Jinx', 'Nunu & Willump', 'Rell', 'Tristana')",4,0,4
"('Camille', 'Jax', ""Kai'Sa"", 'Nidalee', 'Twisted Fate')",4,0,4
"('Jhin', 'LeBlanc', 'Lee Sin', 'Leona', 'Rumble')",4,0,4
"('Graves', 'LeBlanc', 'Leona', 'Skarner', 'Smolder')",4,0,4
"('Ashe', 'Gnar', 'Graves', 'Rumble', 'Twisted Fate')",4,0,4
"('Hecarim', 'Heimerdinger', ""Kai'Sa"", 'Kennen', 'Neeko')",0,4,4
"('Kindred', 'Nautilus', 'Rammus', 'Smolder', 'Twisted Fate')",4,0,4
"(""Cho'Gath"", 'Pantheon', 'Senna', 'Tristana', 'Twisted Fate')",4,0,4
"('Braum', 'Caitlyn', 'Cassiopeia', 'Lee Sin', 'Tristana')",4,0,4
"('Camille', 'Corki', 'Taliyah', 'Twisted Fate', 'Zeri')",4,0,4
"('Alistar', 'Anivia', 'Diana', 'Kalista', 'Renekton')",4,0,4
"('Alistar', 'Graves', ""Kai'Sa"", 'LeBlanc', 'Zac')",4,0,4
"(""K'Sante"", ""Kai'Sa"", 'Nidalee', 'Pyke', 'Tristana')",0,4,4
"('Ashe', 'Gnar', 'Taliyah', 'Talon', 'Thresh')",4,0,4
"('Diana', ""Kai'Sa"", 'Rumble', 'Tristana', 'Udyr')",0,4,4
"('Ashe', 'Fiora', 'Katarina', 'Renata Glasc', 'Taliyah')",0,4,4
"('Alistar', 'Hecarim', 'Jax', 'Pantheon', 'Varus')",0,4,4
"(""Kai'Sa"", 'Lillia', 'Rakan', 'Twisted Fate', 'Varus')",0,4,4
"('Aatrox', 'Ezreal', 'Rell', 'Taliyah', 'Viego')",4,0,4
"('Elise', 'Jayce', 'Jinx', 'Skarner', 'Twisted Fate')",0,4,4
"('Ashe', 'Graves', 'Hwei', 'Rell', 'Skarner')",0,4,4
"('Camille', ""Kai'Sa"", 'Karthus', 'Nautilus', 'Twisted Fate')",4,0,4
"('Ashe', 'Azir', 'Hecarim', ""K'Sante"", 'Seraphine')",0,4,4
"('Caitlyn', 'Lillia', 'Poppy', 'Rumble', 'Yone')",0,4,4
"(""Rek'Sai"", 'Rell', 'Ryze', 'Twisted Fate', 'Viego')",0,4,4
"('Caitlyn', 'Kennen', 'LeBlanc', 'Lux', 'Viego')",0,4,4
"('Elise', 'Jayce', 'Lucian', 'Nami', 'Nasus')",4,0,4
"('Ekko', 'Nami', 'Vladimir', 'Yasuo', 'Zeri')",4,0,4
"('Galio', 'Jhin', 'Rell', 'Smolder', 'Viego')",4,0,4
"('Caitlyn', 'Corki', 'Ornn', 'Skarner', 'Zac')",4,0,4
"('Caitlyn', 'Camille', ""Kha'Zix"", 'Lux', 'Orianna')",0,4,4
"('Bard', 'Caitlyn', 'LeBlanc', 'Pantheon', ""Rek'Sai"")",4,0,4
"('Caitlyn', 'Kindred', 'Ornn', 'Ryze', 'Taric')",4,0,4
"('Cassiopeia', 'LeBlanc', 'Nautilus', 'Skarner', 'Twisted Fate')",0,4,4
"('Alistar', 'Aphelios', 'Corki', 'Lillia', 'Rumble')",4,0,4
"('Corki', 'Draven', ""K'Sante"", 'Lillia', 'Nautilus')",0,4,4
"('Corki', 'Leona', 'Lillia', 'Wukong', 'Zeri')",4,0,4
"('Nautilus', 'Pantheon', 'Renekton', 'Seraphine', 'Tristana')",4,0,4
"('Ashe', 'Diana', 'Skarner', 'Varus', 'Yasuo')",0,4,4
"('Caitlyn', 'Fiddlesticks', 'Karma', 'Renekton', 'Rumble')",4,0,4
"('Aphelios', 'Diana', 'Skarner', 'Thresh', 'Tristana')",0,4,4
"('Fiddlesticks', 'Hwei', 'Jinx', 'Taric', 'Twisted Fate')",4,0,4
"('Azir', 'Kennen', 'Nautilus', 'Varus', 'Viego')",4,0,4
"('Aatrox', 'Diana', 'Rell', 'Tristana', 'Zeri')",0,4,4
"('Aphelios', 'Master Yi', 'Rumble', 'Sejuani', 'Thresh')",4,0,4
"('Ashe', 'Fiddlesticks', 'Hwei', 'Skarner', 'Zac')",4,0,4
"('Hwei', 'Ornn', 'Pyke', ""Rek'Sai"", 'Varus')",0,4,4
"('Bard', 'Graves', 'Orianna', 'Skarner', 'Varus')",4,0,4
"('Hwei', 'Jhin', 'Maokai', 'Renekton', 'Seraphine')",4,0,4
"('Camille', 'Lee Sin', 'Nunu & Willump', 'Renekton', 'Tristana')",0,4,4
"('Ashe', 'Hwei', 'Ornn', 'Pantheon', 'Rumble')",4,0,4
"('Alistar', ""Kai'Sa"", 'Lillia', 'Pyke', 'Yasuo')",4,0,4
"('Aatrox', 'Kalista', 'Leona', 'Taliyah', 'Yone')",0,4,4
"('Hwei', 'Lee Sin', 'Poppy', 'Rumble', 'Smolder')",4,0,4
"('Jayce', 'Lillia', ""Rek'Sai"", 'Rell', 'Varus')",0,4,4
"('Gwen', ""Kai'Sa"", ""Rek'Sai"", 'Skarner', 'Tristana')",4,0,4
"('Neeko', 'Nidalee', 'Nocturne', 'Tristana', 'Twitch')",0,4,4
"('Aatrox', 'Kalista', 'Lee Sin', 'Rell', 'Twisted Fate')",4,0,4
"('Hwei', 'Jhin', 'Kindred', 'Tryndamere', 'Zyra')",0,4,4
"('Ezreal', 'Graves', 'Hwei', 'Jax', 'Nautilus')",0,4,4
"('Gnar', 'Gwen', 'Jhin', 'Nami', 'Tristana')",0,4,4
"('Lillia', 'Skarner', 'Smolder', 'Sona', 'Tristana')",0,4,4
"('Aatrox', 'Camille', ""Kai'Sa"", 'LeBlanc', 'Viego')",0,4,4
"('Draven', 'Jayce', ""K'Sante"", 'Lillia', 'Rell')",4,0,4
"('Ekko', 'Jhin', 'Rell', 'Ryze', 'Tristana')",4,0,4
"('Cassiopeia', 'Jhin', 'Karthus', 'Rumble', 'Tristana')",4,0,4
"('Draven', 'Graves', 'Kennen', 'Pyke', 'Sylas')",0,4,4
"('Graves', ""Kai'Sa"", 'Nautilus', 'Orianna', 'Volibear')",4,0,4
"('Corki', 'Fiora', 'Lillia', 'Rakan', 'Yone')",0,4,4
"('Annie', 'Jhin', 'Kennen', 'Poppy', 'Viego')",4,0,4
"('Irelia', ""Kai'Sa"", 'Nautilus', 'Skarner', 'Vladimir')",4,0,4
"('Azir', 'Lucian', 'Nami', 'Rumble', 'Xin Zhao')",0,4,4
"('Cassiopeia', 'Renekton', 'Thresh', 'Varus', 'Vi')",4,0,4
"('Brand', 'Draven', 'Pyke', 'Rell', 'Urgot')",0,4,4
"('Ashe', 'Camille', 'Hwei', 'Nunu & Willump', 'Taric')",4,0,4
"(""Kai'Sa"", 'Nautilus', 'Nidalee', 'Pantheon', 'Udyr')",0,4,4
"('Camille', ""Kai'Sa"", ""Kha'Zix"", 'Lucian', 'Rumble')",4,0,4
"('Irelia', 'Kennen', 'Nautilus', 'Samira', 'Zed')",0,4,4
"('Cassiopeia', 'Corki', ""Kai'Sa"", 'Leona', 'Nidalee')",0,4,4
"('Aatrox', 'Ahri', 'Fiddlesticks', 'Nautilus', 'Tristana')",0,4,4
"('Seraphine', 'Skarner', 'Twisted Fate', 'Yone', 'Zac')",4,0,4
"('Braum', 'Jayce', 'Jinx', 'Lillia', 'Twisted Fate')",0,4,4
"('Alistar', 'Jax', 'Nidalee', 'Tristana', 'Zeri')",0,4,4
"('Irelia', ""Kai'Sa"", 'Lillia', 'Poppy', 'Udyr')",4,0,4
"('Akali', 'Blitzcrank', 'Graves', 'Jinx', ""K'Sante"")",4,0,4
"('Gnar', 'Irelia', ""Kai'Sa"", 'Sejuani', 'Swain')",4,0,4
"('Kalista', 'Nocturne', 'Orianna', 'Skarner', 'Taric')",4,0,4
"('Akali', 'Blitzcrank', ""Kai'Sa"", 'Skarner', 'Viego')",4,0,4
"('Elise', 'Nilah', 'Rakan', 'Tryndamere', 'Twisted Fate')",4,0,4
"('Kindred', 'LeBlanc', 'Rakan', 'Tristana', 'Zac')",0,4,4
"('Camille', 'Jarvan IV', 'Lulu', 'Syndra', 'Zeri')",4,0,4
"('Gwen', 'Hwei', ""Kai'Sa"", 'Lee Sin', 'Nautilus')",4,0,4
"('Camille', 'Neeko', 'Nidalee', 'Tristana', 'Varus')",4,0,4
"('Camille', 'Tristana', 'Udyr', 'Urgot', 'Varus')",0,4,4
"('Ashe', 'Darius', 'Hecarim', 'Jayce', 'Kalista')",4,0,4
"('Aurelion Sol', 'Jayce', ""Kai'Sa"", 'Nautilus', ""Rek'Sai"")",4,0,4
"('Hwei', ""Kai'Sa"", 'Pyke', 'Rumble', 'Skarner')",4,0,4
"('Aatrox', ""Kai'Sa"", 'Skarner', 'Udyr', 'Viego')",0,4,4
"('Hwei', 'Renekton', 'Skarner', 'Varus', 'Viego')",4,0,4
"('Rumble', 'Skarner', 'Twisted Fate', 'Varus', 'Viego')",0,4,4
"('Graves', 'Jhin', 'Nautilus', 'Taliyah', 'Vayne')",0,4,4
"('Akshan', 'Caitlyn', 'Jayce', 'Lillia', 'Lux')",0,4,4
"('Jhin', 'Rakan', 'Rumble', 'Viego', 'Yone')",4,0,4
"('Aatrox', 'LeBlanc', 'Nunu & Willump', 'Renata Glasc', 'Varus')",4,0,4
"('Caitlyn', 'Karma', 'Orianna', 'Rumble', 'Udyr')",4,0,4
"('Nidalee', 'Rakan', 'Tristana', 'Vayne', 'Yone')",4,0,4
"('Fiddlesticks', 'Gragas', 'Graves', 'Skarner', 'Ziggs')",0,4,4
"('Brand', 'Dr. Mundo', ""Kai'Sa"", 'Seraphine', 'Zed')",0,4,4
"('Jax', ""Kha'Zix"", 'Leona', 'Orianna', 'Zeri')",4,0,4
"('Ashe', 'Lee Sin', 'Orianna', 'Senna', 'Twisted Fate')",0,4,4
"('Jax', 'Jinx', 'Neeko', 'Qiyana', 'Rengar')",4,0,4
"('Aatrox', ""Kai'Sa"", 'Pyke', 'Rengar', 'Twisted Fate')",0,4,4
"('Hecarim', 'Nautilus', 'Orianna', 'Twisted Fate', 'Zeri')",0,4,4
"('Hwei', 'Jayce', 'Jinx', 'Leona', 'Vi')",4,0,4
"('Blitzcrank', 'Cassiopeia', 'Talon', 'Tristana', 'Xerath')",4,0,4
"('Irelia', 'Lillia', 'Pyke', 'Twisted Fate', 'Varus')",4,0,4
"(""Kai'Sa"", 'Kennen', 'Nautilus', 'Skarner', 'Viego')",4,0,4
"('Aatrox', 'Orianna', 'Pantheon', 'Pyke', 'Varus')",4,0,4
"('Hwei', 'Lee Sin', 'Nautilus', 'Pantheon', 'Varus')",0,4,4
"('Camille', 'Gragas', 'Kalista', 'LeBlanc', 'Nocturne')",4,0,4
"('Taric', 'Twisted Fate', 'Viego', 'Xayah', 'Zoe')",0,4,4
"('Irelia', 'Jinx', 'Lillia', 'Rell', 'Viktor')",1,3,4
"('Blitzcrank', 'Corki', 'Draven', 'Fiddlesticks', 'Renekton')",4,0,4
"('Gwen', 'Jayce', 'Rell', 'Samira', 'Taliyah')",4,0,4
"('Bard', 'Ekko', 'Gragas', 'Master Yi', 'Smolder')",0,4,4
"('Akshan', 'Fiddlesticks', 'Quinn', 'Skarner', 'Zeri')",4,0,4
"('Ashe', 'Jax', 'Lillia', 'Maokai', 'Twisted Fate')",0,4,4
"('Hwei', 'Jax', 'Jhin', 'Nautilus', 'Viego')",0,4,4
"('Camille', 'Corki', 'Jinx', 'Thresh', 'Zyra')",4,0,4
"('Camille', 'Hwei', 'Jax', ""K'Sante"", 'Zeri')",4,0,4
"('Bard', 'Darius', 'Jhin', 'Lillia', 'Yone')",4,0,4
"('Fiora', 'Jhin', 'Katarina', 'Master Yi', 'Nautilus')",0,4,4
"('Ashe', ""K'Sante"", 'Lillia', 'Smolder', 'Tristana')",4,0,4
"('Akali', 'Jarvan IV', ""K'Sante"", 'Kalista', 'Nautilus')",4,0,4
"('Ahri', 'Graves', 'Kalista', 'Pyke', 'Skarner')",4,0,4
"('Jhin', 'Leona', 'Vayne', 'Vladimir', 'Xin Zhao')",0,4,4
"('Ahri', 'Corki', 'Nautilus', 'Skarner', 'Viego')",4,0,4
"('Camille', ""Kai'Sa"", 'Kled', 'Yone', 'Zyra')",0,4,4
"('Corki', 'Jax', 'Lillia', 'Lucian', 'Nami')",4,0,4
"('Brand', 'Corki', ""Kai'Sa"", 'Nautilus', 'Skarner')",2,2,4
"('Ashe', 'Garen', 'Qiyana', 'Taliyah', 'Zeri')",4,0,4
"('Ashe', 'Kled', 'LeBlanc', 'Master Yi', 'Seraphine')",0,4,4
"('Camille', 'Gragas', 'Rakan', 'Yasuo', 'Zeri')",0,4,4
"('Ahri', 'Aphelios', 'Cassiopeia', 'Jarvan IV', 'Thresh')",0,4,4
"('Alistar', ""Bel'Veth"", 'Hwei', 'Jax', 'Twisted Fate')",4,0,4
"('Corki', 'Fiddlesticks', 'Gnar', 'Tristana', 'Zyra')",0,4,4
"('Annie', 'Corki', 'Ornn', 'Rell', 'Viego')",0,4,4
"('Jhin', 'Kennen', 'Lux', 'Nautilus', 'Viego')",4,0,4
"('Galio', 'Graves', 'Lucian', 'Nami', 'Skarner')",3,1,4
"('Aurelion Sol', 'Camille', ""K'Sante"", 'Varus', 'Viego')",0,4,4
"(""K'Sante"", 'LeBlanc', 'Lee Sin', 'Rakan', 'Zeri')",4,0,4
"('Graves', 'Hwei', ""K'Sante"", ""Kai'Sa"", 'Rakan')",4,0,4
"('Akshan', 'Ashe', ""K'Sante"", 'Karthus', 'Zac')",4,0,4
"('Alistar', 'Ashe', 'Ornn', 'Skarner', 'Viego')",4,0,4
"('Camille', 'Jinx', 'Nautilus', 'Taliyah', 'Tristana')",4,0,4
"('Corki', 'Karthus', 'Katarina', 'Nautilus', 'Twisted Fate')",0,4,4
"('Braum', 'Ezreal', ""K'Sante"", 'Lee Sin', 'Syndra')",4,0,4
"('Gnar', 'Heimerdinger', 'Jhin', 'Nidalee', 'Pantheon')",4,0,4
"('Lillia', 'Rell', 'Tristana', 'Varus', 'Yone')",4,0,4
"('Jayce', 'Jinx', 'Rell', 'Rumble', 'Vi')",4,0,4
"('Bard', 'Corki', 'Jinx', 'Nidalee', 'Renekton')",4,0,4
"('Akshan', 'Braum', 'Gragas', ""Kha'Zix"", 'Twisted Fate')",4,0,4
"('Jinx', 'Kennen', 'Nautilus', 'Syndra', 'Viego')",0,4,4
"('Gwen', 'Hecarim', 'Irelia', 'Poppy', 'Twitch')",4,0,4
"('Camille', 'Galio', 'Graves', 'Hwei', 'Jhin')",4,0,4
"('Akshan', 'Alistar', 'Illaoi', 'Lillia', 'Zeri')",0,4,4
"(""Kai'Sa"", 'Maokai', 'Rumble', 'Syndra', 'Viego')",0,4,4
"('Kled', 'Rell', 'Swain', 'Varus', 'Xin Zhao')",4,0,4
"('Camille', 'Nautilus', 'Nidalee', 'Tristana', 'Varus')",4,0,4
"(""K'Sante"", 'LeBlanc', 'Master Yi', 'Rell', 'Zeri')",0,4,4
"('Fiora', 'Jinx', 'Nautilus', 'Syndra', 'Viego')",0,4,4
"(""Kai'Sa"", 'Nautilus', 'Nidalee', 'Sion', 'Tristana')",4,0,4
"('Aatrox', 'Galio', 'Smolder', 'Syndra', 'Viego')",4,0,4
"('Braum', ""Kai'Sa"", 'Kled', 'Lee Sin', 'Syndra')",4,0,4
"('Blitzcrank', 'Jax', 'LeBlanc', 'Udyr', 'Xayah')",0,4,4
"('Akali', 'Aurelion Sol', 'Blitzcrank', ""Kai'Sa"", 'Kindred')",0,4,4
"('Lee Sin', 'Rakan', 'Tryndamere', 'Vladimir', 'Zeri')",4,0,4
"('Draven', 'Ekko', 'Lee Sin', 'Nautilus', 'Renekton')",0,4,4
"(""Kai'Sa"", 'Karthus', 'Lux', 'Rell', 'Urgot')",4,0,4
"('Rell', 'Samira', 'Warwick', 'Xin Zhao', 'Zoe')",4,0,4
"('Akali', 'Jinx', 'Nautilus', 'Twisted Fate', 'Udyr')",0,4,4
"('Camille', 'Kindred', 'Syndra', 'Udyr', 'Varus')",4,0,4
"('Ashe', 'Graves', 'Syndra', 'Twisted Fate', 'Varus')",4,0,4
"('Brand', ""Kai'Sa"", 'Rell', 'Skarner', 'Tristana')",4,0,4
"('Gnar', 'Rakan', 'Skarner', 'Taliyah', 'Zeri')",4,0,4
"('Graves', 'Kalista', ""Rek'Sai"", 'Rell', 'Taliyah')",4,0,4
"(""K'Sante"", ""Kai'Sa"", 'Nautilus', 'Taliyah', 'Yone')",4,0,4
"('Aatrox', 'Ashe', 'Nidalee', 'Seraphine', 'Tristana')",4,0,4
"('Corki', 'Nidalee', 'Rell', 'Riven', 'Tristana')",0,4,4
"(""Bel'Veth"", 'Blitzcrank', 'Jayce', 'Rumble', 'Zeri')",0,4,4
"('Hwei', ""Kai'Sa"", 'Neeko', 'Vayne', 'Zed')",4,0,4
"('Corki', 'Pantheon', 'Pyke', 'Taliyah', 'Viego')",0,4,4
"('Aatrox', 'Karthus', 'Rell', 'Zed', 'Zeri')",4,0,4
"('Corki', 'Diana', 'Kalista', 'Nautilus', 'Ryze')",4,0,4
"('Hwei', 'Jax', 'Kalista', 'Nidalee', 'Yone')",4,0,4
"('Hwei', 'Rengar', 'Taliyah', 'Twisted Fate', 'Varus')",4,0,4
"('Graves', 'Seraphine', 'Skarner', 'Smolder', 'Zoe')",4,0,4
"('Caitlyn', 'Camille', 'Jayce', 'Lee Sin', 'Rumble')",4,0,4
"('Bard', 'Caitlyn', 'Graves', 'Hwei', 'Twisted Fate')",4,0,4
"('Corki', 'Hecarim', 'Malphite', 'Nautilus', 'Renekton')",0,4,4
"('Galio', ""Kai'Sa"", 'Kindred', 'Pyke', 'Rumble')",4,0,4
"('Blitzcrank', 'Jayce', 'Jinx', 'Lee Sin', 'Twisted Fate')",0,4,4
"('Camille', 'Corki', 'Lillia', 'Nunu & Willump', 'Rakan')",0,4,4
"('Alistar', 'Lillia', 'Twisted Fate', 'Viego', 'Zeri')",4,0,4
"('Camille', 'Kalista', 'Lee Sin', 'Riven', ""Vel'Koz"")",0,4,4
"('Corki', 'Tahm Kench', 'Taliyah', 'Varus', 'Vayne')",4,0,4
"('Poppy', 'Rell', 'Tristana', 'Udyr', 'Varus')",4,0,4
"('Akali', 'Gnar', 'Gwen', 'Rakan', 'Xayah')",4,0,4
"(""Kai'Sa"", 'Lee Sin', 'Leona', 'Taliyah', 'Twisted Fate')",4,0,4
"('Lulu', 'Pantheon', 'Smolder', 'Syndra', 'Thresh')",4,0,4
"('Hwei', 'Nidalee', 'Rell', 'Renekton', 'Samira')",0,4,4
"('Akali', 'Jinx', 'Kindred', 'Nautilus', 'Skarner')",4,0,4
"('Ashe', 'Braum', 'Irelia', 'Lee Sin', 'Syndra')",0,4,4
"('Cassiopeia', 'Corki', 'Jax', 'Rell', 'Tristana')",0,4,4
"('Akshan', 'Caitlyn', 'Hwei', 'Karthus', 'Qiyana')",0,4,4
"('Aatrox', 'Gragas', 'Jinx', 'Pyke', 'Tristana')",0,4,4
"('Camille', ""Kai'Sa"", 'LeBlanc', 'Rengar', 'Skarner')",0,4,4
"('Alistar', ""K'Sante"", ""Kai'Sa"", 'Twisted Fate', 'Viego')",0,4,4
"('Darius', 'Galio', ""Kai'Sa"", 'Kindred', 'Rell')",4,0,4
"('Azir', 'Blitzcrank', ""Kai'Sa"", ""Rek'Sai"", 'Skarner')",4,0,4
"('Alistar', 'Kennen', 'Taliyah', 'Viego', 'Zeri')",4,0,4
"('Aatrox', ""Bel'Veth"", 'Corki', 'Leona', 'Viego')",0,4,4
"('Azir', 'Gwen', 'Nautilus', ""Rek'Sai"", 'Samira')",4,0,4
"('Jhin', 'Nidalee', 'Renekton', 'Taric', 'Tristana')",4,0,4
"('Camille', 'Jayce', ""Kai'Sa"", 'Nunu & Willump', 'Pantheon')",4,0,4
"('Draven', 'Heimerdinger', 'Jax', 'Nautilus', 'Taliyah')",4,0,4
"('Corki', 'Jax', 'LeBlanc', 'Viego', 'Zoe')",4,0,4
"('Fiora', 'Galio', 'Graves', ""Kai'Sa"", 'Seraphine')",4,0,4
"('Hecarim', 'Orianna', 'Rell', 'Rumble', 'Zeri')",4,0,4
"('Alistar', 'Hecarim', ""Kai'Sa"", 'Lux', 'Ornn')",4,0,4
"('Ahri', 'Graves', 'Urgot', 'Zeri', 'Zilean')",0,4,4
"('Lillia', 'Orianna', 'Rakan', 'Yone', 'Zeri')",4,0,4
"('Jinx', 'Leona', 'Nunu & Willump', 'Rumble', 'Viego')",4,0,4
"('Jayce', 'Kalista', 'Lillia', 'Neeko', 'Yone')",4,0,4
"('Diana', ""Kai'Sa"", 'Nidalee', 'Rell', 'Renekton')",2,2,4
"('Lee Sin', 'Leona', 'Orianna', 'Samira', 'Skarner')",4,0,4
"('Camille', 'Gwen', 'Leona', 'Tristana', 'Twitch')",0,4,4
"(""Bel'Veth"", 'Gwen', 'Jayce', ""Kai'Sa"", 'Rell')",4,0,4
"('Aurelion Sol', 'Draven', 'Jax', 'Pyke', 'Viego')",4,0,4
"('Jhin', 'Kennen', 'Lee Sin', 'Skarner', 'Tristana')",0,4,4
"('Lillia', 'Nautilus', 'Skarner', 'Yasuo', 'Zeri')",4,0,4
"('Nautilus', 'Nidalee', 'Pantheon', 'Twitch', 'Warwick')",4,0,4
"('Azir', 'Lucian', 'Pyke', 'Udyr', 'Viego')",4,0,4
"('Corki', 'Graves', 'Nautilus', 'Rumble', 'Vex')",4,0,4
"('Hwei', 'Jax', 'Jhin', 'Rengar', 'Skarner')",0,4,4
"('Draven', ""K'Sante"", 'Lillia', 'Pyke', 'Viktor')",4,0,4
"('Ashe', 'Braum', 'Nidalee', 'Renekton', 'Twisted Fate')",0,4,4
"('Alistar', 'Corki', 'Ezreal', 'Taliyah', 'Twisted Fate')",4,0,4
"('Camille', 'Gragas', 'Kalista', 'Neeko', 'Rengar')",4,0,4
"('Rengar', 'Rumble', 'Twisted Fate', 'Varus', 'Viego')",4,0,4
"('Akshan', 'Draven', 'Fiddlesticks', 'Nautilus', 'Twisted Fate')",4,0,4
"('Ekko', 'Jhin', ""K'Sante"", 'Shaco', 'Tryndamere')",4,0,4
"('Graves', 'LeBlanc', 'Nautilus', 'Twisted Fate', 'Zeri')",4,0,4
"('Ashe', 'Kindred', 'Orianna', 'Zac', 'Zeri')",4,0,4
"('Akshan', 'Draven', 'Elise', 'Hwei', 'Nasus')",0,4,4
"('Galio', ""Kai'Sa"", 'Karma', 'Kindred', 'Nautilus')",0,4,4
"('Ekko', 'Jax', 'Lee Sin', 'Ornn', 'Senna')",0,4,4
"('Akali', 'Rakan', 'Twisted Fate', 'Xayah', 'Zac')",4,0,4
"('Ekko', 'Graves', ""Kai'Sa"", 'Leona', 'Renekton')",4,0,4
"('Alistar', 'Irelia', 'Twisted Fate', 'Varus', 'Viego')",0,4,4
"('Aphelios', 'Hwei', 'Kindred', 'Pyke', 'Skarner')",4,0,4
"('Camille', 'Olaf', 'Twisted Fate', 'Zeri', 'Zoe')",4,0,4
"('Ashe', 'Gwen', 'Kindred', 'Seraphine', 'Viktor')",4,0,4
"('Ezreal', 'Nidalee', 'Rell', 'Twisted Fate', 'Viego')",0,4,4
"('Akali', 'Graves', ""Kai'Sa"", 'Rell', 'Rumble')",0,4,4
"('Diana', ""Kai'Sa"", 'Nautilus', 'Pantheon', 'Twisted Fate')",0,4,4
"('Graves', 'Nautilus', 'Skarner', 'Twisted Fate', 'Xerath')",0,4,4
"('Cassiopeia', 'Hwei', 'Jinx', 'Thresh', 'Viego')",0,4,4
"('Alistar', 'Aphelios', 'Diana', 'Nidalee', 'Twisted Fate')",4,0,4
"('Akshan', 'Camille', 'Lulu', 'Nunu & Willump', 'Zeri')",4,0,4
"('Gnar', ""Kai'Sa"", 'Rell', 'Viego', 'Zoe')",4,0,4
"('Ahri', 'Jax', 'Jhin', 'Lee Sin', 'Leona')",0,4,4
"('Gnar', 'Graves', 'Karma', 'LeBlanc', 'Ziggs')",4,0,4
"('Braum', 'Elise', 'Irelia', 'Varus', 'Vayne')",0,4,4
"('Hecarim', 'Heimerdinger', 'Kalista', 'Pyke', 'Twisted Fate')",4,0,4
"('Ashe', 'Galio', 'Kindred', 'Rakan', 'Riven')",4,0,4
"('Kindred', 'LeBlanc', 'Lucian', 'Lux', 'Shen')",0,4,4
"('Blitzcrank', 'Ekko', 'Gragas', 'Jinx', 'Viego')",0,4,4
"(""K'Sante"", 'LeBlanc', 'Pyke', 'Vi', 'Zeri')",4,0,4
"('Draven', 'Nautilus', 'Pantheon', 'Poppy', 'Xerath')",4,0,4
"('Corki', ""K'Sante"", ""Kai'Sa"", 'Pyke', 'Zyra')",4,0,4
"('Aatrox', 'Ashe', 'Graves', 'Rakan', 'Twisted Fate')",4,0,4
"('Blitzcrank', 'Corki', 'Gwen', ""Kog'Maw"", 'Taliyah')",4,0,4
"('Corki', 'Katarina', 'Lillia', 'Poppy', 'Pyke')",0,4,4
"('Gnar', 'Nautilus', 'Nidalee', 'Tristana', 'Varus')",4,0,4
"('Ashe', 'Lillia', 'Rell', 'Ryze', 'Yone')",4,0,4
"('Orianna', 'Skarner', ""Vel'Koz"", 'Viego', 'Zeri')",4,0,4
"('Camille', 'Diana', 'Jhin', 'Nautilus', 'Syndra')",0,4,4
"('Blitzcrank', 'Camille', 'Hecarim', 'Hwei', ""Kai'Sa"")",0,4,4
"('Brand', 'Draven', 'Jax', 'Taric', 'Tristana')",0,4,4
"(""Kai'Sa"", 'Kled', 'Lee Sin', 'Pyke', 'Sylas')",0,4,4
"('Azir', 'Graves', 'Rakan', 'Rumble', 'Xayah')",4,0,4
"('Ashe', 'Fiora', 'Pyke', 'Sejuani', 'Yone')",4,0,4
"('Galio', 'Graves', 'Kalista', 'Thresh', 'Udyr')",4,0,4
"('Heimerdinger', 'Jayce', 'Jinx', 'Lillia', 'Thresh')",0,4,4
"('Ashe', 'Jayce', 'Nidalee', 'Pyke', 'Qiyana')",4,0,4
"('Blitzcrank', 'Jayce', ""K'Sante"", ""Kai'Sa"", 'Taliyah')",4,0,4
"('Hecarim', 'LeBlanc', ""Rek'Sai"", 'Senna', 'Seraphine')",0,4,4
"('Jayce', ""Kai'Sa"", 'Lillia', 'Nautilus', 'Twisted Fate')",0,4,4
"('Caitlyn', 'Gwen', 'Lux', 'Nunu & Willump', 'Pantheon')",4,0,4
"('Gragas', 'Jhin', ""K'Sante"", 'Kindred', 'LeBlanc')",0,4,4
"('Akali', 'Braum', 'Kindred', 'Riven', 'Zeri')",0,4,4
"('Darius', 'Graves', 'Rakan', 'Twisted Fate', 'Zeri')",0,4,4
"('Garen', ""Kai'Sa"", 'Nidalee', 'Taric', 'Yone')",4,0,4
"('Corki', 'Jinx', 'Nautilus', 'Ryze', 'Zyra')",0,4,4
"('Ashe', 'Aurelion Sol', 'Nautilus', 'Twisted Fate', 'Vi')",0,4,4
"('Gwen', 'Maokai', 'Pyke', 'Smolder', 'Tristana')",0,4,4
"('Ashe', 'Darius', 'Lillia', 'Nautilus', 'Tristana')",0,4,4
"('Hecarim', ""K'Sante"", 'Katarina', 'Pyke', 'Tristana')",4,0,4
"('Kalista', ""Kha'Zix"", 'Orianna', 'Renata Glasc', 'Rumble')",0,4,4
"('Hwei', ""Kha'Zix"", 'Nilah', 'Seraphine', 'Skarner')",4,0,4
"('Jinx', 'Lee Sin', 'Skarner', 'Thresh', 'Vex')",0,4,4
"('Corki', 'Rakan', 'Rumble', 'Udyr', 'Xayah')",4,0,4
"('Ashe', 'Bard', 'Graves', 'LeBlanc', 'Zac')",4,0,4
"('Draven', 'Nidalee', 'Skarner', 'Tryndamere', 'Yasuo')",4,0,4
"('Fiddlesticks', 'Nocturne', 'Pyke', 'Skarner', 'Varus')",0,4,4
"('Blitzcrank', 'Cassiopeia', 'Jayce', 'Kalista', 'Sylas')",0,4,4
"('Cassiopeia', ""Kai'Sa"", 'Nautilus', 'Seraphine', 'Viego')",4,0,4
"('Diana', 'Irelia', 'Jhin', 'Pyke', 'Viego')",0,4,4
"('Camille', 'Corki', 'Ekko', 'Janna', 'Jayce')",0,4,4
"('Graves', 'Jayce', 'Lux', 'Rumble', 'Zeri')",0,4,4
"('Camille', 'Fiora', 'Graves', 'Hwei', 'Jarvan IV')",0,4,4
"('Corki', 'Kled', 'Nidalee', 'Pyke', 'Viego')",4,0,4
"('Darius', 'Ekko', 'Neeko', 'Varus', 'Viego')",4,0,4
"('Jayce', 'Nidalee', 'Pyke', 'Rumble', 'Varus')",0,4,4
"('Camille', 'Draven', 'Jayce', 'Skarner', 'Taliyah')",4,0,4
"('Diana', ""Kha'Zix"", 'Nautilus', 'Tristana', 'Tryndamere')",4,0,4
"('Akshan', 'Braum', 'Elise', ""Kai'Sa"", 'Riven')",4,0,4
"('Jhin', 'Leona', 'Nidalee', 'Renekton', 'Twisted Fate')",4,0,4
"('Diana', 'Fiora', 'Lee Sin', 'Thresh', 'Varus')",4,0,4
"('Akshan', 'Jayce', 'Lillia', 'Skarner', 'Varus')",4,0,4
"('Hwei', 'Kindred', 'Rakan', 'Rumble', 'Zeri')",0,4,4
"('Camille', 'Corki', 'Hwei', 'Nidalee', 'Tristana')",0,4,4
"('Camille', 'Rumble', 'Tristana', 'Twitch', 'Vi')",4,0,4
"('Akshan', 'Blitzcrank', 'Gragas', 'Jinx', ""K'Sante"")",0,4,4
"('Gnar', 'Hwei', ""Kai'Sa"", 'Leona', ""Rek'Sai"")",0,4,4
"('Darius', 'Irelia', ""Kai'Sa"", 'Renata Glasc', 'Vi')",4,0,4
"('Azir', 'Hecarim', 'Karma', 'Kled', 'Zeri')",0,4,4
"('Blitzcrank', 'Jinx', 'Lillia', 'Orianna', 'Renekton')",4,0,4
"('Darius', 'Ezreal', 'Hwei', 'Karma', 'Kindred')",4,0,4
"('Ashe', 'Camille', 'Kennen', ""Rek'Sai"", 'Syndra')",0,4,4
"('Fiora', 'Hwei', 'Kindred', 'Skarner', 'Varus')",4,0,4
"('Graves', 'Rakan', 'Twisted Fate', 'Twitch', 'Zoe')",4,0,4
"('Fiora', 'Jhin', ""Kha'Zix"", 'LeBlanc', 'Rumble')",4,0,4
"('Bard', ""K'Sante"", 'Nidalee', 'Twisted Fate', 'Twitch')",0,4,4
"('Draven', 'Neeko', 'Pantheon', 'Taliyah', 'Vayne')",0,4,4
"('Blitzcrank', 'Gragas', ""Kai'Sa"", 'Master Yi', 'Viego')",0,4,4
"('Ashe', 'Darius', 'Hecarim', 'Katarina', 'Taric')",4,0,4
"('Ashe', 'Jax', 'Lee Sin', 'Skarner', 'Syndra')",0,4,4
"('Ezreal', 'Jax', 'Kindred', 'Orianna', 'Skarner')",4,0,4
"('Camille', 'Darius', 'Lillia', 'Tristana', 'Varus')",4,0,4
"('Aatrox', 'Nidalee', 'Rakan', 'Twitch', 'Yasuo')",0,4,4
"('Irelia', ""Kai'Sa"", 'Rell', 'Taliyah', 'Tristana')",0,4,4
"('Alistar', 'Corki', ""Kai'Sa"", 'Nidalee', 'Ornn')",4,0,4
"(""Kai'Sa"", 'Pyke', 'Vex', 'Xin Zhao', 'Yasuo')",4,0,4
"(""Kog'Maw"", 'Nautilus', 'Nidalee', 'Renekton', 'Tristana')",4,0,4
"('Camille', 'Galio', 'Lillia', 'Lucian', 'Nami')",0,4,4
"(""Kai'Sa"", 'Nautilus', 'Rumble', 'Viego', 'Yone')",4,0,4
"('Diana', 'Draven', 'Mordekaiser', 'Poppy', 'Renata Glasc')",0,4,4
"('Corki', 'Hwei', 'Lee Sin', 'Nautilus', 'Twisted Fate')",4,0,4
"('Akshan', 'Draven', 'Gragas', ""K'Sante"", 'Nautilus')",0,4,4
"(""K'Sante"", 'Nidalee', 'Thresh', 'Tristana', 'Ziggs')",4,0,4
"('Corki', 'LeBlanc', 'Skarner', 'Taliyah', 'Thresh')",4,0,4
"('Cassiopeia', 'Hwei', 'Kindred', 'Nautilus', 'Ornn')",4,0,4
"('Fiddlesticks', 'Jayce', 'Rakan', 'Twisted Fate', 'Twitch')",0,4,4
"('Jinx', 'Naafiri', 'Rakan', 'Udyr', 'Warwick')",0,4,4
"('Braum', 'Corki', 'Gragas', 'Viego', 'Zeri')",4,0,4
"('LeBlanc', 'Lee Sin', 'Rell', 'Twisted Fate', 'Varus')",4,0,4
"('Ashe', 'Lulu', 'Taliyah', 'Vladimir', 'Warwick')",4,0,4
"('Draven', 'Graves', 'Hwei', 'Leona', 'Skarner')",0,4,4
"('Alistar', 'Sejuani', 'Tristana', 'Warwick', 'Zeri')",0,4,4
"('Jinx', 'Kennen', ""Kha'Zix"", 'Pantheon', 'Rell')",0,4,4
"('Briar', 'Diana', 'Jinx', 'Nautilus', 'Warwick')",0,4,4
"('Cassiopeia', 'Corki', 'Master Yi', 'Rell', 'Zeri')",0,4,4
"(""Kai'Sa"", 'LeBlanc', 'Leona', 'Taliyah', 'Warwick')",4,0,4
"('Ashe', 'Braum', 'Hwei', 'Lee Sin', 'Skarner')",0,4,4
"('Akali', 'Gragas', ""Kai'Sa"", 'Nautilus', 'Viego')",4,0,4
"('Karthus', 'Nautilus', 'Senna', 'Shen', 'Tristana')",4,0,4
"('Ezreal', 'Karma', 'Kindred', 'LeBlanc', 'Malphite')",4,0,4
"('Corki', 'Jayce', 'Nautilus', 'Nunu & Willump', 'Twitch')",4,0,4
"('LeBlanc', 'Nunu & Willump', 'Rell', 'Twisted Fate', 'Zeri')",4,0,4
"('Qiyana', 'Rell', 'Taliyah', 'Twisted Fate', 'Zeri')",4,0,4
"('Jinx', 'Lee Sin', 'Rell', 'Skarner', 'Twisted Fate')",0,4,4
"('Alistar', 'Galio', 'Mordekaiser', ""Rek'Sai"", 'Zeri')",4,0,4
"('Fiora', 'Jayce', 'Nidalee', 'Rakan', 'Varus')",4,0,4
"('Neeko', 'Orianna', 'Sivir', 'Skarner', 'Viego')",0,4,4
"('Hwei', 'Jax', 'Nautilus', 'Twitch', 'Viego')",4,0,4
"('Ahri', 'Jayce', 'Rakan', 'Swain', 'Viego')",4,0,4
"('Braum', 'Karthus', 'Skarner', 'Tryndamere', 'Twitch')",4,0,4
"('Graves', ""Kai'Sa"", 'Nautilus', 'Skarner', 'Sylas')",4,0,4
"('Cassiopeia', 'Rakan', 'Taliyah', 'Twitch', 'Yasuo')",0,4,4
"('Camille', 'Lillia', 'Rumble', 'Twitch', 'Yone')",4,0,4
"('Ahri', 'Jinx', ""Kha'Zix"", 'Nautilus', 'Warwick')",4,0,4
"(""Bel'Veth"", 'Lucian', 'Milio', 'Olaf', 'Varus')",4,0,4
"('Graves', 'Jinx', 'Katarina', 'Nautilus', 'Shen')",4,0,4
"('Graves', 'Kalista', 'LeBlanc', 'Renata Glasc', 'Twisted Fate')",4,0,4
"('Aatrox', 'Brand', 'Camille', 'Kalista', 'Twisted Fate')",0,4,4
"('Cassiopeia', 'LeBlanc', 'Nautilus', 'Senna', 'Vi')",0,4,4
"('Jhin', 'Mordekaiser', 'Poppy', 'Taliyah', 'Yone')",4,0,4
"('Azir', 'Gragas', 'Senna', 'Tahm Kench', 'Urgot')",0,4,4
"('Hwei', 'Ryze', 'Sona', 'Varus', 'Warwick')",0,4,4
"('Akshan', 'Ashe', 'Jax', 'Nautilus', 'Taliyah')",4,0,4
"(""Kai'Sa"", 'Poppy', 'Rakan', 'Taliyah', 'Wukong')",4,0,4
"('Brand', 'Graves', 'Irelia', 'Rumble', 'Zeri')",4,0,4
"('Brand', 'Jax', 'Rell', 'Samira', 'Zed')",4,0,4
"('Graves', 'LeBlanc', 'Nautilus', 'Rumble', 'Zeri')",4,0,4
"('Brand', 'Darius', ""Kai'Sa"", 'Pantheon', 'Zoe')",4,0,4
"('Graves', ""Kai'Sa"", 'LeBlanc', 'Rell', 'Tryndamere')",0,4,4
"('Cassiopeia', 'Graves', 'Lucian', 'Nami', 'Pantheon')",0,4,4
"('Graves', 'Jhin', 'Nami', 'Shen', 'Taliyah')",4,0,4
"('Jayce', ""Kai'Sa"", 'Rakan', 'Renekton', 'Taliyah')",4,0,4
"('Rell', 'Taliyah', 'Twisted Fate', 'Vi', 'Zeri')",4,0,4
"('Akshan', 'Gwen', ""Kai'Sa"", 'Ryze', 'Thresh')",0,4,4
"('Fiora', ""Kai'Sa"", 'Nautilus', 'Taliyah', 'Viego')",4,0,4
"('Ashe', 'Ekko', 'Graves', 'Leona', 'Poppy')",0,4,4
"('Ashe', 'Corki', 'Lillia', 'Rell', 'Riven')",0,4,4
"('Jhin', ""K'Sante"", 'Rakan', 'Sylas', 'Talon')",4,0,4
"('Blitzcrank', ""Kai'Sa"", 'Nidalee', 'Poppy', 'Zed')",0,4,4
"('Draven', 'Graves', 'Hwei', 'Orianna', 'Skarner')",0,4,4
"('Jax', 'Karthus', 'Lee Sin', 'Leona', 'Smolder')",0,4,4
"('Camille', 'Lillia', 'Rell', 'Renekton', 'Zeri')",4,0,4
"('Ahri', 'Hecarim', 'Rumble', 'Twisted Fate', 'Zeri')",4,0,4
"('Camille', 'Corki', 'Renekton', 'Taliyah', 'Varus')",0,4,4
"('Hwei', 'Rakan', ""Rek'Sai"", 'Udyr', 'Yasuo')",0,4,4
"('Aatrox', 'Aphelios', 'Corki', 'Nautilus', 'Taliyah')",0,4,4
"('Lillia', 'Nautilus', 'Pantheon', 'Varus', 'Zac')",4,0,4
"('Dr. Mundo', 'Graves', 'Jinx', 'LeBlanc', 'Nautilus')",4,0,4
"('Alistar', 'Camille', 'Neeko', 'Viego', 'Zeri')",4,0,4
"('Cassiopeia', 'Corki', 'Gnar', 'Neeko', 'Viego')",0,4,4
"('Ashe', 'Darius', 'Hwei', 'Seraphine', 'Viego')",4,0,4
"('Darius', 'Lulu', 'Nidalee', 'Tristana', 'Zeri')",0,4,4
"('Caitlyn', 'Camille', 'Gragas', 'Tryndamere', 'Yone')",4,0,4
"('Jhin', 'Maokai', 'Olaf', 'Rumble', 'Zed')",4,0,4
"('Kennen', 'Pyke', 'Qiyana', 'Viego', 'Zeri')",4,0,4
"('Akali', 'Corki', 'Lissandra', 'Rell', 'Viego')",4,0,4
"('Jax', 'Nautilus', 'Olaf', 'Vex', 'Zeri')",0,4,4
"('Fiora', 'Orianna', 'Taric', 'Viego', 'Zeri')",4,0,4
"('Graves', 'Jax', 'Lissandra', 'Nautilus', 'Zeri')",4,0,4
"('Darius', 'Hwei', 'Rell', 'Samira', 'Viego')",0,4,4
"('Corki', 'Gnar', 'Rakan', 'Taliyah', 'Tristana')",0,4,4
"('Annie', 'Graves', 'Poppy', 'Zeri', 'Zoe')",4,0,4
"(""Rek'Sai"", 'Rell', 'Taliyah', 'Varus', 'Warwick')",0,4,4
"('Ashe', 'Braum', 'Lissandra', 'Sejuani', 'Viego')",0,4,4
"('Aatrox', 'Diana', 'Jhin', 'Nautilus', 'Tryndamere')",4,0,4
"('Alistar', 'Nidalee', 'Renekton', 'Varus', 'Yasuo')",0,4,4
"('Akshan', ""K'Sante"", 'Rumble', 'Taliyah', 'Varus')",4,0,4
"('Ashe', 'Diana', 'Fiddlesticks', 'Janna', 'Jax')",4,0,4
"('Hwei', ""Kai'Sa"", 'Kindred', 'Rell', 'Rumble')",0,4,4
"('Draven', 'Fiddlesticks', 'Jayce', 'Rumble', 'Tristana')",4,0,4
"('Ashe', 'Leona', 'Taliyah', 'Viego', 'Zac')",0,4,4
"('Akshan', 'Corki', 'Ezreal', 'Rakan', 'Taliyah')",4,0,4
"('Jayce', 'Lee Sin', 'Orianna', 'Rell', 'Zeri')",4,0,4
"('Morgana', 'Taliyah', 'Urgot', 'Varus', 'Viego')",0,4,4
"('Blitzcrank', 'Lee Sin', 'Orianna', 'Rumble', 'Zeri')",4,0,4
"('Caitlyn', 'Cassiopeia', 'Karthus', 'Morgana', 'Qiyana')",0,4,4
"('Fiddlesticks', ""K'Sante"", 'Lucian', 'Nami', 'Twisted Fate')",0,4,4
"('Corki', 'Kalista', 'Lillia', 'Skarner', 'Thresh')",4,0,4
"('Fiddlesticks', 'Nautilus', 'Orianna', 'Samira', 'Sejuani')",4,0,4
"('Nautilus', 'Skarner', 'Taliyah', 'Varus', 'Yone')",4,0,4
"('Ashe', ""K'Sante"", 'Nidalee', 'Poppy', 'Tristana')",4,0,4
"('Jhin', ""K'Sante"", 'Lee Sin', 'Leona', 'Taliyah')",3,1,4
"('Corki', 'Janna', 'Mordekaiser', 'Nidalee', 'Smolder')",4,0,4
"('Ahri', 'Graves', 'Jinx', 'Rakan', 'Shen')",4,0,4
"('Hecarim', 'Hwei', 'Skarner', 'Yuumi', 'Zeri')",0,4,4
"('Ahri', 'Blitzcrank', ""Kai'Sa"", 'Skarner', 'Xin Zhao')",0,4,4
"('Gnar', 'Lulu', ""Rek'Sai"", 'Yasuo', 'Zeri')",4,0,4
"('Ezreal', 'Lillia', 'Mordekaiser', 'Pyke', 'Tristana')",0,4,4
"('Caitlyn', 'Jax', 'Lux', 'Orianna', 'Vi')",4,0,4
"('Fiddlesticks', 'Irelia', 'Nautilus', 'Smolder', 'Twisted Fate')",0,4,4
"('Camille', 'LeBlanc', 'Lee Sin', 'Nautilus', 'Zeri')",4,0,4
"('Graves', 'Lucian', 'Nasus', 'Nautilus', 'Ziggs')",0,4,4
"('Jhin', 'Leona', 'Nidalee', 'Skarner', 'Tristana')",1,3,4
"('Ashe', 'Camille', 'Jayce', 'Maokai', 'Taliyah')",4,0,4
"('Blitzcrank', 'Cassiopeia', ""Kai'Sa"", ""Rek'Sai"", 'Twisted Fate')",4,0,4
"('Ashe', 'Jayce', 'Nunu & Willump', 'Rell', 'Rumble')",4,0,4
"('Leona', 'Ryze', 'Talon', 'Udyr', 'Varus')",0,4,4
"('Aphelios', 'Ornn', 'Pyke', 'Taliyah', 'Tristana')",4,0,4
"(""K'Sante"", 'Lillia', 'Rakan', 'Sylas', 'Twitch')",4,0,4
"('Ashe', 'Azir', 'Jayce', 'Lillia', 'Seraphine')",4,0,4
"('Ashe', 'Hwei', 'Lee Sin', 'Seraphine', 'Shen')",0,4,4
"('Alistar', 'Aurelion Sol', 'Gragas', 'Jinx', 'Lee Sin')",0,4,4
"('Jhin', 'Kennen', ""Rek'Sai"", 'Tristana', 'Zilean')",4,0,4
"('Ashe', 'Lulu', 'Ornn', 'Qiyana', 'Taliyah')",0,4,4
"('Alistar', 'Ashe', 'Hecarim', 'Hwei', 'Mordekaiser')",4,0,4
"('Blitzcrank', 'Irelia', ""Kai'Sa"", 'Taliyah', 'Tristana')",4,0,4
"('Bard', 'Jax', 'LeBlanc', 'Skarner', 'Zeri')",0,4,4
"(""Kai'Sa"", 'Lee Sin', 'Rell', 'Tryndamere', 'Viktor')",4,0,4
"('Bard', 'Lillia', 'Tryndamere', 'Viego', 'Zeri')",0,4,4
"('Braum', 'Nidalee', 'Skarner', 'Vayne', 'Zeri')",4,0,4
"('Diana', 'Senna', 'Shaco', 'Tahm Kench', 'Vayne')",0,4,4
"('Heimerdinger', 'Hwei', 'Illaoi', 'Varus', 'Viego')",0,4,4
"('Aphelios', ""K'Sante"", 'Lillia', 'Thresh', 'Zed')",0,4,4
"('Aphelios', 'Darius', 'Galio', 'Rumble', 'Viego')",4,0,4
"('Jinx', 'Nautilus', 'Renekton', 'Taliyah', 'Twisted Fate')",2,2,4
"('Fiddlesticks', 'Hwei', 'Jhin', 'Qiyana', 'Vayne')",0,4,4
"('Blitzcrank', 'Hwei', 'Ornn', 'Varus', 'Vi')",4,0,4
"('Rakan', 'Rengar', 'Sylas', 'Yone', 'Zeri')",4,0,4
"(""K'Sante"", 'Seraphine', 'Taliyah', 'Yasuo', 'Zeri')",0,4,4
"('Camille', 'Kalista', 'LeBlanc', 'Neeko', 'Rengar')",0,4,4
"('Aphelios', 'Gragas', 'Graves', 'Nami', 'Twisted Fate')",0,4,4
"('Nautilus', 'Qiyana', 'Rumble', 'Taliyah', 'Twisted Fate')",4,0,4
"('Hwei', 'Kindred', 'Pantheon', 'Pyke', 'Varus')",4,0,4
"('Kindred', 'Nautilus', 'Renekton', 'Syndra', 'Zeri')",4,0,4
"('Akali', 'Rakan', 'Renekton', 'Viego', 'Zeri')",4,0,4
"('Camille', 'Fiddlesticks', 'Katarina', 'Nautilus', 'Senna')",0,4,4
"('Akali', 'Jax', 'Jhin', 'Talon', ""Vel'Koz"")",4,0,4
"('Aatrox', 'Hecarim', 'Pyke', 'Syndra', ""Vel'Koz"")",4,0,4
"(""Kai'Sa"", 'Rell', 'Rengar', 'Skarner', 'Syndra')",4,0,4
"('Hwei', 'Jayce', 'Jinx', 'Seraphine', 'Skarner')",0,4,4
"('Camille', 'Lucian', 'Nami', 'Nidalee', 'Tristana')",0,4,4
"('Aurelion Sol', 'Lee Sin', 'Nilah', 'Rakan', 'Rumble')",4,0,4
"('Graves', 'Hwei', 'Karma', 'Ornn', 'Twisted Fate')",0,4,4
"('Ahri', 'Draven', 'Malphite', 'Nidalee', 'Pyke')",4,0,4
"('Ashe', 'Brand', 'Jayce', 'Nautilus', 'Tryndamere')",0,4,4
"('Graves', 'Jax', ""Kai'Sa"", 'Rakan', 'Twisted Fate')",4,0,4
"('Brand', 'Rell', 'Tristana', 'Xayah', 'Zac')",4,0,4
"('Ashe', 'Jayce', 'Renekton', 'Taliyah', 'Taric')",0,4,4
"('Kalista', 'Kennen', 'Nidalee', 'Rumble', 'Tristana')",0,3,3
"('Ashe', 'Irelia', 'Rakan', 'Sejuani', 'Viktor')",0,3,3
"('Camille', 'Hwei', ""Kai'Sa"", 'Ornn', 'Vi')",3,0,3
"('Ashe', 'Camille', 'Corki', 'Darius', 'Zyra')",3,0,3
"('Akshan', ""Cho'Gath"", 'Draven', 'Nautilus', 'Taliyah')",0,3,3
"('Akshan', 'Jayce', 'Karma', 'Karthus', 'Seraphine')",0,3,3
"('Akali', 'Nautilus', 'Sivir', 'Twisted Fate', 'Viego')",0,3,3
"('Jhin', 'Karthus', 'Kennen', 'Rakan', 'Tristana')",3,0,3
"('Camille', 'Hwei', 'Jinx', 'Lee Sin', 'Maokai')",3,0,3
"('Annie', 'Graves', 'Jax', ""Kai'Sa"", 'Rell')",3,0,3
"('Akali', 'Ashe', 'Brand', 'Gragas', 'Pyke')",3,0,3
"('Graves', 'Jinx', 'LeBlanc', 'Nautilus', 'Twisted Fate')",0,3,3
"('Leona', 'Ryze', 'Viego', 'Yasuo', 'Ziggs')",3,0,3
"('Blitzcrank', 'Darius', 'Hecarim', ""Kai'Sa"", 'Yone')",0,3,3
"('Camille', 'Galio', 'Graves', 'Rumble', 'Varus')",0,3,3
"('Ekko', 'Kalista', 'Nautilus', 'Twisted Fate', 'Warwick')",3,0,3
"('Ashe', 'Hwei', 'Seraphine', 'Skarner', 'Vladimir')",0,3,3
"('Ashe', 'Braum', 'Kindred', 'Twisted Fate', 'Vex')",0,3,3
"('Cassiopeia', 'Fiddlesticks', ""Kha'Zix"", 'Lucian', 'Nami')",0,3,3
"('Hwei', 'Lillia', 'Nilah', 'Rell', 'Skarner')",0,3,3
"('Corki', 'Kennen', 'Rell', 'Taliyah', 'Vi')",3,0,3
"('Alistar', 'Jarvan IV', 'Skarner', 'Talon', 'Xayah')",3,0,3
"('Akali', 'Ashe', 'Renekton', 'Seraphine', 'Viego')",3,0,3
"('Corki', 'Irelia', 'Orianna', 'Pantheon', 'Thresh')",3,0,3
"('Ekko', 'Hecarim', 'Jayce', 'Rakan', 'Xayah')",3,0,3
"('Ezreal', 'Kennen', 'LeBlanc', 'Nami', 'Viego')",0,3,3
"('Lucian', 'Rakan', 'Taliyah', 'Viego', 'Yasuo')",3,0,3
"('Corki', 'Hwei', 'Nidalee', 'Yasuo', 'Yone')",3,0,3
"('Gwen', 'Kled', 'Rakan', 'Viego', 'Xayah')",3,0,3
"('Ashe', 'Kennen', 'Nautilus', 'Poppy', 'Yasuo')",0,3,3
"('Galio', 'Jayce', 'Jhin', 'Nunu & Willump', 'Rakan')",3,0,3
"('Akali', 'Alistar', 'Camille', 'Jinx', 'Nocturne')",0,3,3
"('Orianna', 'Shaco', 'Smolder', 'Twisted Fate', 'Viego')",3,0,3
"('Kayn', 'Leona', 'Ryze', 'Varus', 'Yasuo')",3,0,3
"('Irelia', 'Kennen', 'Pyke', 'Sejuani', 'Zeri')",3,0,3
"('Irelia', 'Neeko', 'Nidalee', 'Renekton', 'Samira')",3,0,3
"('Nidalee', 'Volibear', 'Yone', 'Zeri', 'Zilean')",0,3,3
"('Graves', 'Irelia', 'Leona', 'Rumble', 'Varus')",0,3,3
"('Gragas', ""Kai'Sa"", 'Katarina', 'Rell', 'Renekton')",0,3,3
"('Ashe', 'Hwei', ""Kha'Zix"", 'Skarner', 'Zed')",3,0,3
"('Camille', 'Jhin', 'Lillia', 'Tristana', 'Zac')",3,0,3
"('Draven', 'Hwei', 'Kennen', ""Kha'Zix"", 'Nautilus')",3,0,3
"('Camille', 'Jayce', ""Kai'Sa"", 'Nidalee', 'Viktor')",3,0,3
"('Ashe', 'Diana', 'Kindred', 'Pantheon', 'Seraphine')",3,0,3
"('Draven', 'Jax', 'Karthus', 'Qiyana', 'Thresh')",3,0,3
"('Ashe', 'Lee Sin', 'Lulu', 'Rumble', 'Twisted Fate')",3,0,3
"('Draven', 'Gragas', 'Lee Sin', 'Nautilus', 'Twisted Fate')",3,0,3
"('Lissandra', 'Master Yi', 'Rell', 'Tryndamere', 'Varus')",3,0,3
"('Akali', 'Graves', 'Nilah', 'Taric', 'Yone')",0,3,3
"('Braum', 'Corki', 'Garen', 'Jinx', 'Nunu & Willump')",3,0,3
"('Blitzcrank', 'Camille', 'Irelia', ""Kai'Sa"", 'Rumble')",3,0,3
"('Akali', 'Draven', 'Kennen', 'Lux', 'Viego')",3,0,3
"('Ekko', ""Kai'Sa"", 'Lee Sin', 'Nautilus', 'Rumble')",3,0,3
"('Ekko', 'Graves', 'Rumble', 'Seraphine', 'Zeri')",3,0,3
"('Lillia', 'Pyke', 'Twisted Fate', 'Yasuo', 'Zeri')",0,3,3
"('Lee Sin', 'Nautilus', 'Orianna', 'Renekton', 'Varus')",0,3,3
"('Jax', 'Lux', 'Rumble', 'Sivir', 'Tristana')",3,0,3
"('Ekko', 'Jayce', 'Kalista', 'Kindred', 'Taric')",3,0,3
"('Caitlyn', 'Jax', 'Nidalee', 'Xerath', 'Yone')",0,3,3
"('Akshan', 'Draven', 'Nidalee', 'Pyke', 'Renekton')",0,3,3
"('Alistar', ""Bel'Veth"", 'Corki', 'Kennen', 'Nilah')",3,0,3
"('Blitzcrank', 'Elise', 'Irelia', ""Kai'Sa"", 'Rumble')",0,3,3
"('Darius', 'Gragas', 'Rakan', 'Vayne', 'Yasuo')",3,0,3
"(""Kai'Sa"", 'Pantheon', ""Rek'Sai"", 'Skarner', 'Sylas')",3,0,3
"('Elise', 'Jayce', ""Kai'Sa"", 'Rell', 'Tryndamere')",3,0,3
"(""Bel'Veth"", 'Jayce', 'Rakan', 'Smolder', 'Xerath')",0,3,3
"('Kayle', 'Lillia', 'Nautilus', 'Smolder', 'Tristana')",3,0,3
"('Ezreal', 'Fiddlesticks', 'Gnar', 'Nautilus', 'Qiyana')",3,0,3
"('Akshan', 'Elise', ""K'Sante"", 'Kalista', 'Taric')",0,3,3
"(""K'Sante"", 'Rakan', 'Viego', 'Yone', 'Zeri')",3,0,3
"('Bard', 'Hwei', 'Jax', 'Rumble', 'Samira')",3,0,3
"('Gragas', 'Hwei', 'Kindred', ""Kog'Maw"", 'Lulu')",3,0,3
"('Illaoi', 'Irelia', 'Jhin', 'Nidalee', 'Seraphine')",3,0,3
"('Diana', 'Irelia', ""Kai'Sa"", 'Neeko', 'Poppy')",3,0,3
"('Irelia', ""K'Sante"", 'Thresh', 'Varus', 'Zyra')",3,0,3
"('Aatrox', 'Fiddlesticks', 'Irelia', 'Jhin', 'Rell')",3,0,3
"('Ahri', 'Jinx', 'Tahm Kench', 'Udyr', 'Viego')",3,0,3
"(""Bel'Veth"", 'Draven', 'Malphite', 'Nautilus', 'Sylas')",3,0,3
"('Anivia', ""Bel'Veth"", 'Jayce', ""Kog'Maw"", 'Lulu')",3,0,3
"('Camille', ""Kai'Sa"", 'Senna', 'Vex', 'Viego')",0,3,3
"('Illaoi', 'Irelia', ""Kai'Sa"", 'Leona', 'Taliyah')",0,3,3
"('Camille', 'Corki', 'Nidalee', 'Seraphine', 'Skarner')",3,0,3
"('Corki', 'Hwei', 'Jax', 'Lillia', 'Varus')",3,0,3
"('Bard', 'Hwei', 'Jinx', 'Nidalee', 'Renekton')",3,0,3
"('Malphite', 'Taliyah', 'Yuumi', 'Zed', 'Zeri')",0,3,3
"('Jinx', 'Nautilus', 'Riven', 'Taliyah', 'Yone')",0,3,3
"('Ahri', 'Blitzcrank', 'Graves', 'Jinx', 'Zac')",3,0,3
"('Braum', 'Jayce', ""Kai'Sa"", 'Nidalee', 'Tryndamere')",3,0,3
"('Hecarim', 'Lucian', 'Rumble', 'Taric', 'Tristana')",0,3,3
"(""Kai'Sa"", 'Lee Sin', 'Poppy', 'Rell', 'Tristana')",3,0,3
"('Irelia', 'Samira', 'Shen', 'Taliyah', 'Taric')",0,3,3
"('Camille', 'Jax', 'Kalista', 'Viego', 'Zoe')",0,3,3
"(""Kha'Zix"", 'Kled', 'Nilah', 'Pyke', 'Twisted Fate')",0,3,3
"('Aatrox', 'Rakan', 'Taliyah', 'Twisted Fate', 'Zeri')",3,0,3
"(""Kai'Sa"", 'Kled', 'Nautilus', 'Nidalee', 'Yone')",3,0,3
"('Jayce', 'Katarina', 'Kindred', 'Sivir', 'Zyra')",3,0,3
"('Akali', 'Ashe', 'Jax', ""Kha'Zix"", 'Skarner')",3,0,3
"('Akali', 'Blitzcrank', 'Hecarim', 'Kalista', 'Renekton')",0,3,3
"('Fiddlesticks', 'Rakan', 'Skarner', 'Tristana', 'Xayah')",3,0,3
"('Ashe', 'Fiddlesticks', 'Kled', 'Rell', 'Viego')",3,0,3
"('Diana', 'Draven', 'Graves', 'Rumble', 'Shen')",0,3,3
"('Fiddlesticks', 'Nami', 'Smolder', 'Tristana', 'Zac')",0,3,3
"('Jhin', 'Rell', 'Syndra', 'Twisted Fate', 'Viego')",3,0,3
"('Alistar', 'Graves', 'Orianna', 'Renekton', 'Zeri')",0,3,3
"('Alistar', 'Gwen', 'Hecarim', 'Yone', 'Zeri')",3,0,3
"('Hwei', 'Jinx', 'Lee Sin', 'Lulu', 'Renekton')",0,3,3
"('Braum', 'Jinx', 'Renekton', 'Yone', 'Zyra')",3,0,3
"('Corki', ""K'Sante"", 'Shaco', 'Taliyah', 'Viego')",0,3,3
"('Annie', 'Camille', 'Gnar', 'Jarvan IV', 'Kalista')",0,3,3
"('Graves', 'Kennen', 'Samira', 'Sett', 'Skarner')",3,0,3
"('Annie', 'Hecarim', 'Jinx', 'Kled', 'Pyke')",0,3,3
"('Ashe', 'Hecarim', 'Rumble', 'Taric', 'Tristana')",3,0,3
"('Bard', 'Graves', 'Hwei', 'Rumble', 'Zeri')",3,0,3
"('Corki', 'Jinx', ""K'Sante"", 'Lillia', 'Taric')",3,0,3
"('Camille', 'Jax', 'Pantheon', 'Twisted Fate', 'Varus')",0,3,3
"('Jinx', 'Pyke', 'Taliyah', 'Thresh', 'Twisted Fate')",3,0,3
"('Lee Sin', 'Seraphine', 'Sivir', 'Tristana', 'Urgot')",0,3,3
"('Milio', 'Skarner', 'Smolder', 'Viego', 'Viktor')",3,0,3
"('Braum', 'Camille', 'Kindred', 'LeBlanc', 'Zeri')",0,3,3
"('Braum', 'Hwei', 'Jayce', 'Jinx', ""Rek'Sai"")",3,0,3
"(""K'Sante"", 'Lillia', 'Nilah', 'Senna', 'Zed')",3,0,3
"('Lux', ""Rek'Sai"", 'Rumble', 'Taliyah', 'Tristana')",0,3,3
"('Ahri', 'Camille', 'Pantheon', 'Varus', 'Yuumi')",3,0,3
"('Alistar', 'Gwen', 'Jinx', 'Kennen', 'Shen')",0,3,3
"('Kalista', 'Kindred', 'Nautilus', 'Pantheon', 'Rumble')",0,3,3
"('Graves', 'Hwei', 'Rakan', 'Skarner', 'Zeri')",3,0,3
"(""K'Sante"", ""Kai'Sa"", 'Lee Sin', 'Rakan', 'Sylas')",3,0,3
"('Rakan', 'Tristana', 'Twisted Fate', 'Xayah', 'Zyra')",0,3,3
"('Alistar', 'Ashe', 'Aurelion Sol', 'Lillia', 'Skarner')",0,3,3
"('Gwen', 'LeBlanc', 'Lee Sin', 'Nilah', 'Senna')",3,0,3
"('Hwei', 'Jhin', 'Kindred', 'Orianna', 'Twisted Fate')",0,3,3
"('Jinx', 'Nidalee', 'Rell', 'Renekton', 'Yone')",3,0,3
"('Pyke', 'Samira', 'Skarner', 'Taliyah', 'Vi')",3,0,3
"('Braum', 'Corki', 'Nidalee', 'Twisted Fate', 'Zeri')",0,3,3
"('Alistar', 'Azir', 'Jax', 'Jinx', 'Rumble')",3,0,3
"('Graves', 'Kennen', 'Orianna', 'Rumble', 'Smolder')",0,3,3
"('Gragas', 'Jinx', 'LeBlanc', 'Nautilus', 'Viego')",3,0,3
"('Alistar', 'Gragas', 'Jinx', 'Taliyah', 'Tristana')",3,0,3
"('Darius', 'Hwei', 'Jhin', 'Rell', 'Taliyah')",3,0,3
"('Alistar', 'Aphelios', 'Gragas', 'Jax', 'Viego')",3,0,3
"('Neeko', 'Varus', 'Viego', 'Volibear', 'Zoe')",3,0,3
"('Ornn', 'Seraphine', 'Taliyah', 'Tristana', 'Zeri')",3,0,3
"('Ahri', 'Corki', ""K'Sante"", 'Nautilus', 'Taliyah')",3,0,3
"('Draven', 'Irelia', 'Jayce', 'Nautilus', 'Taliyah')",0,3,3
"('Akali', ""Kai'Sa"", 'Nautilus', 'Taliyah', 'Tristana')",0,3,3
"('Diana', 'Jinx', 'Thresh', 'Viego', 'Vladimir')",0,3,3
"('Aatrox', 'Poppy', 'Taliyah', ""Vel'Koz"", 'Xayah')",0,3,3
"('Blitzcrank', ""Kai'Sa"", 'Mordekaiser', 'Viego', 'Zoe')",3,0,3
"('Brand', 'Camille', 'Miss Fortune', 'Pyke', 'Xin Zhao')",3,0,3
"('Hwei', 'Jinx', ""K'Sante"", 'Thresh', 'Viego')",3,0,3
"('Graves', 'Jinx', 'Kennen', 'Orianna', 'Pyke')",0,3,3
"('Ashe', 'Hwei', ""K'Sante"", 'Rumble', 'Viego')",0,3,3
"('Jhin', 'Qiyana', 'Renekton', 'Seraphine', 'Udyr')",0,3,3
"('Graves', 'Jhin', 'Orianna', 'Skarner', 'Thresh')",3,0,3
"('Karma', 'Nidalee', 'Renekton', 'Taliyah', 'Zeri')",0,3,3
"('Jinx', 'Rumble', 'Taliyah', 'Thresh', 'Viego')",0,3,3
"('Galio', ""Kai'Sa"", ""Rek'Sai"", 'Taric', 'Viego')",0,3,3
"('Ahri', 'Camille', ""Cho'Gath"", 'Graves', 'Seraphine')",3,0,3
"('Ashe', 'Jayce', 'Lillia', 'Lulu', 'Renekton')",3,0,3
"('Aphelios', 'Braum', 'Graves', 'LeBlanc', 'Tryndamere')",0,3,3
"('Jhin', 'Lillia', 'Rumble', 'Tristana', 'Zyra')",0,3,3
"('Jax', 'Kalista', 'Lee Sin', 'Nautilus', 'Vex')",0,3,3
"('Ashe', 'Blitzcrank', 'Lillia', 'Naafiri', 'Ornn')",3,0,3
"('Fiora', 'Lillia', 'Nilah', 'Sylas', 'Thresh')",3,0,3
"('Jax', 'Jinx', ""Kha'Zix"", 'Rakan', 'Yone')",0,3,3
"('Alistar', 'Jayce', 'Nasus', 'Nidalee', 'Nilah')",0,3,3
"('Jayce', 'Jinx', 'Lillia', 'Renekton', 'Thresh')",3,0,3
"('Gragas', 'Jayce', 'Jinx', 'Kindred', 'Leona')",0,3,3
"('Hwei', 'Jinx', 'Kindred', 'Nautilus', 'Ornn')",3,0,3
"('Bard', 'Brand', 'Camille', 'Irelia', 'Lucian')",3,0,3
"('Galio', ""Kai'Sa"", 'Lillia', 'Qiyana', 'Skarner')",3,0,3
"('Braum', 'Camille', 'Ezreal', 'Fiddlesticks', 'Zoe')",3,0,3
"('Ashe', 'Malphite', 'Rell', 'Syndra', 'Viego')",0,3,3
"('Gragas', 'Hwei', 'Poppy', 'Twisted Fate', 'Viego')",3,0,3
"('Aatrox', 'Diana', 'Irelia', 'Taric', 'Zeri')",3,0,3
"('Darius', 'Graves', 'Jinx', 'LeBlanc', 'Taric')",3,0,3
"('Graves', 'Hwei', ""K'Sante"", 'Nautilus', 'Varus')",3,0,3
"('Draven', 'Kindred', 'Pyke', 'Rengar', 'Taliyah')",0,3,3
"('Corki', 'Diana', 'Samira', 'Skarner', 'Twisted Fate')",3,0,3
"('Annie', 'Bard', 'Lee Sin', 'Renekton', 'Varus')",0,3,3
"('Ashe', 'Ekko', 'Poppy', 'Skarner', 'Vladimir')",3,0,3
"('Diana', 'Graves', 'Jhin', 'Skarner', 'Sylas')",3,0,3
"(""Kai'Sa"", 'LeBlanc', 'Nidalee', 'Renekton', 'Skarner')",3,0,3
"('Cassiopeia', 'Kennen', 'Poppy', 'Skarner', 'Zed')",0,3,3
"(""Kai'Sa"", 'Nidalee', 'Pantheon', 'Rumble', 'Skarner')",3,0,3
"('Ashe', 'Braum', 'Jax', 'Karthus', 'Vex')",0,3,3
"('Ekko', 'Kindred', 'Rumble', 'Skarner', 'Twisted Fate')",3,0,3
"('Ezreal', 'Hwei', 'Kennen', 'Kindred', 'Nautilus')",3,0,3
"('Camille', ""K'Sante"", 'Nidalee', 'Talon', 'Zeri')",0,3,3
"('Hwei', 'Kennen', 'Rakan', ""Rek'Sai"", 'Zeri')",3,0,3
"('Akshan', 'Ashe', 'Camille', 'Diana', 'Jax')",3,0,3
"('Ekko', ""K'Sante"", 'Lulu', 'Tristana', 'Viego')",3,0,3
"('Akali', 'Aphelios', 'Brand', 'Irelia', 'Thresh')",0,3,3
"('Camille', 'Jax', ""Kai'Sa"", 'Taliyah', 'Yasuo')",3,0,3
"('Jax', 'Nilah', 'Senna', 'Syndra', 'Viego')",3,0,3
"('Akshan', 'Lillia', 'Lucian', 'Rakan', 'Skarner')",3,0,3
"('Aatrox', 'Draven', 'Nautilus', 'Yone', 'Zyra')",0,3,3
"('Kled', 'Nunu & Willump', 'Taric', 'Yasuo', 'Zeri')",3,0,3
"('Galio', 'Kindred', 'Sejuani', 'Sivir', 'Twisted Fate')",3,0,3
"('Ashe', 'Heimerdinger', 'Katarina', 'Lillia', 'Malphite')",0,3,3
"('Blitzcrank', 'Jayce', ""K'Sante"", ""Kai'Sa"", 'Karthus')",0,3,3
"('Fiora', 'Gragas', 'Thresh', 'Viego', 'Zeri')",3,0,3
"('Jax', 'Qiyana', 'Rumble', 'Varus', 'Zoe')",0,3,3
"('Alistar', 'Cassiopeia', 'Karthus', 'Zed', 'Zeri')",3,0,3
"('Galio', 'Skarner', 'Thresh', 'Viego', 'Zeri')",0,3,3
"('Fiddlesticks', 'Garen', 'Tristana', 'Viego', 'Zeri')",0,3,3
"('Gragas', 'Hwei', ""Rek'Sai"", 'Rell', 'Zeri')",0,3,3
"('Cassiopeia', 'Lillia', 'Lucian', 'Rell', 'Varus')",3,0,3
"('Ashe', 'Camille', 'Kindred', 'Lissandra', 'Rumble')",3,0,3
"('Ahri', 'Braum', 'Graves', 'Jinx', 'Vladimir')",3,0,3
"(""K'Sante"", 'Qiyana', 'Rell', 'Varus', 'Viego')",3,0,3
"('Draven', 'Mordekaiser', 'Pyke', 'Tristana', 'Viego')",0,3,3
"('Aphelios', 'Blitzcrank', 'Fiora', 'LeBlanc', 'Taliyah')",0,3,3
"('Ahri', 'Akali', 'Kindred', 'Senna', 'Twitch')",0,3,3
"('Braum', 'Heimerdinger', 'Jinx', 'Katarina', ""Rek'Sai"")",3,0,3
"('Aphelios', 'Ekko', 'Katarina', 'Nami', 'Twisted Fate')",0,3,3
"('Gragas', 'Kalista', 'Rell', 'Rumble', 'Zed')",3,0,3
"('Jayce', 'Leona', 'Orianna', 'Viego', 'Ziggs')",3,0,3
"('Fiddlesticks', 'Hecarim', 'Poppy', 'Taric', 'Varus')",3,0,3
"('Corki', 'Jhin', 'Neeko', 'Skarner', 'Twisted Fate')",0,3,3
"('Bard', 'Lee Sin', 'Orianna', 'Shen', 'Varus')",3,0,3
"('Caitlyn', 'Jayce', 'Rumble', 'Udyr', 'Zilean')",3,0,3
"('Camille', 'Draven', 'Hecarim', 'Jax', 'Taliyah')",0,3,3
"('Corki', 'Gnar', ""Kai'Sa"", 'Nautilus', 'Vi')",0,3,3
"('Alistar', 'Gnar', 'Jayce', 'Nidalee', 'Tristana')",3,0,3
"('Camille', 'Gnar', 'Lillia', 'Udyr', 'Zeri')",0,3,3
"('Gragas', 'Hwei', ""Kai'Sa"", 'Lee Sin', 'Rell')",0,3,3
"('Ahri', 'Corki', 'Pyke', 'Viego', 'Yone')",0,3,3
"('Aphelios', 'Brand', 'Jax', 'Milio', 'Tristana')",0,3,3
"('Alistar', 'Lee Sin', 'Twisted Fate', 'Urgot', 'Varus')",0,3,3
"('Ahri', 'Alistar', 'Ashe', 'Gnar', 'Olaf')",0,3,3
"('Draven', 'Hwei', ""Rek'Sai"", 'Rumble', 'Taric')",0,3,3
"('Graves', 'Orianna', 'Poppy', 'Rakan', 'Tristana')",3,0,3
"('Gwen', ""K'Sante"", 'Rell', 'Samira', 'Yone')",0,3,3
"('Ashe', 'Lee Sin', 'Pantheon', 'Poppy', 'Rumble')",0,3,3
"('Ashe', 'Braum', ""K'Sante"", 'Taliyah', 'Yone')",0,3,3
"('Ashe', 'Jayce', 'Lillia', 'Pyke', 'Zac')",0,3,3
"('Hwei', ""Kai'Sa"", 'Poppy', 'Rell', 'Viego')",3,0,3
"('Camille', 'Draven', 'Kindred', 'LeBlanc', 'Mordekaiser')",3,0,3
"('Illaoi', 'LeBlanc', 'Nautilus', 'Smolder', 'Viego')",0,3,3
"('Ashe', 'Azir', 'Fiora', 'Graves', 'Karma')",3,0,3
"('Corki', ""Kai'Sa"", 'Nidalee', 'Rell', 'Skarner')",3,0,3
"('Nautilus', 'Nidalee', 'Shen', 'Yone', 'Zeri')",3,0,3
"('Ashe', 'Kled', 'Orianna', 'Poppy', 'Zac')",3,0,3
"('Ashe', 'Graves', 'Taliyah', 'Taric', 'Viego')",0,3,3
"('Neeko', 'Rakan', 'Tryndamere', 'Xin Zhao', 'Zeri')",3,0,3
"('Akali', 'Alistar', 'Aphelios', 'Skarner', 'Viego')",0,3,3
"('Ashe', 'Lee Sin', 'Ornn', 'Pantheon', 'Rumble')",3,0,3
"('Fiddlesticks', ""Kai'Sa"", 'Ornn', 'Pyke', 'Tristana')",0,3,3
"('Camille', 'Kalista', 'Taliyah', 'Warwick', 'Xin Zhao')",3,0,3
"('Camille', 'Kalista', 'Karthus', 'LeBlanc', 'Warwick')",3,0,3
"('Akshan', 'Karthus', 'Rakan', 'Samira', 'Warwick')",3,0,3
"('Akali', 'Fiora', 'Karma', 'Udyr', 'Varus')",0,3,3
"('Nidalee', 'Qiyana', 'Seraphine', 'Skarner', 'Varus')",3,0,3
"('LeBlanc', 'Skarner', 'Sona', 'Viego', 'Zeri')",0,3,3
"('Corki', 'Lee Sin', 'Nautilus', 'Ryze', 'Smolder')",0,3,3
"('Camille', ""Kai'Sa"", ""Kha'Zix"", 'Rumble', 'Zoe')",0,3,3
"('Ashe', 'Rumble', 'Thresh', 'Vi', 'Yone')",3,0,3
"('Azir', 'Camille', 'Shen', 'Smolder', 'Viego')",3,0,3
"('Ahri', 'Braum', 'Corki', ""K'Sante"", 'Lee Sin')",3,0,3
"('Jinx', 'Nautilus', 'Rumble', 'Syndra', 'Taliyah')",3,0,3
"('Hwei', ""Kai'Sa"", 'Rell', 'Skarner', 'Xin Zhao')",3,0,3
"('Alistar', 'Hwei', 'Jinx', 'Rumble', 'Vi')",0,3,3
"('Alistar', 'Caitlyn', 'Hwei', 'Rumble', 'Warwick')",3,0,3
"('Corki', 'Fiddlesticks', 'Nautilus', 'Ornn', 'Xayah')",0,3,3
"('Camille', 'Draven', 'Fiddlesticks', 'Taric', 'Tristana')",3,0,3
"('Aatrox', 'Nidalee', 'Rakan', 'Sylas', 'Zeri')",3,0,3
"('Fiddlesticks', 'Hwei', 'Jayce', 'Kennen', 'Varus')",3,0,3
"('Braum', 'Graves', 'Jinx', 'Orianna', 'Renekton')",3,0,3
"('Hwei', 'Kalista', 'Lee Sin', 'Nautilus', 'Rumble')",0,3,3
"('Graves', 'Jinx', 'Rumble', 'Soraka', 'Zac')",3,0,3
"('Caitlyn', 'Lee Sin', 'Nautilus', 'Skarner', 'Taliyah')",0,3,3
"('Camille', 'Cassiopeia', 'Malphite', 'Twisted Fate', 'Viego')",0,3,3
"('Jinx', 'Lee Sin', 'Neeko', 'Skarner', 'Twisted Fate')",3,0,3
"('Camille', 'Hwei', ""Kai'Sa"", 'Pyke', 'Viego')",0,3,3
"('Camille', 'Corki', 'Ezreal', 'Nidalee', 'Rell')",3,0,3
"(""K'Sante"", ""Kai'Sa"", 'Karthus', 'Qiyana', 'Rakan')",3,0,3
"('Aatrox', 'LeBlanc', 'Poppy', 'Varus', 'Xin Zhao')",0,3,3
"('Jinx', 'Nidalee', 'Pantheon', 'Rell', 'Renekton')",0,3,3
"('Camille', 'Galio', 'Sivir', 'Syndra', 'Xin Zhao')",3,0,3
"('LeBlanc', 'Lee Sin', 'Rakan', 'Skarner', 'Varus')",3,0,3
"('Jax', 'Karthus', 'Shen', 'Smolder', 'Tristana')",0,3,3
"('Braum', 'Fiddlesticks', 'Renekton', 'Tristana', 'Varus')",3,0,3
"('Corki', 'Nautilus', 'Skarner', 'Sylas', 'Varus')",1,2,3
"('Caitlyn', 'Jayce', 'Karma', 'Lee Sin', 'Vex')",3,0,3
"('Cassiopeia', 'Corki', 'Kindred', 'Nautilus', 'Skarner')",0,3,3
"('Camille', 'Jhin', 'LeBlanc', 'Nautilus', 'Xin Zhao')",3,0,3
"('Aurelion Sol', 'Graves', 'Heimerdinger', 'Kalista', 'Nautilus')",3,0,3
"('Fiora', ""Kai'Sa"", 'Lillia', 'Nautilus', 'Tristana')",0,3,3
"('Hwei', 'Lee Sin', 'Rumble', 'Skarner', 'Zeri')",3,0,3
"('Alistar', 'Brand', 'Jhin', 'Rumble', 'Tristana')",3,0,3
"('Hwei', 'Malphite', 'Rakan', 'Viego', 'Zeri')",1,2,3
"('Blitzcrank', 'Nidalee', 'Renekton', 'Tristana', 'Xayah')",0,3,3
"('Akshan', 'Lillia', 'Seraphine', 'Vayne', 'Zeri')",3,0,3
"('Aatrox', 'Blitzcrank', ""Kai'Sa"", 'Lillia', 'Yone')",0,3,3
"('Akshan', 'Jinx', 'Kennen', 'Rakan', 'Udyr')",3,0,3
"('Irelia', 'Nidalee', 'Ornn', 'Senna', 'Twisted Fate')",0,3,3
"('Braum', 'Corki', 'Nilah', 'Nunu & Willump', 'Twisted Fate')",0,3,3
"('Annie', 'Caitlyn', 'Rakan', 'Ryze', 'Viego')",3,0,3
"('Akali', 'Lucian', 'Rell', 'Warwick', 'Xayah')",0,3,3
"('Cassiopeia', 'Karma', 'Master Yi', 'Rumble', 'Varus')",0,3,3
"('Cassiopeia', 'Gragas', ""Kai'Sa"", 'Rakan', 'Viego')",0,3,3
"('Bard', 'Dr. Mundo', 'LeBlanc', 'Viego', 'Zeri')",0,3,3
"('Akshan', 'Jayce', 'Nautilus', 'Nidalee', 'Zeri')",0,3,3
"('Caitlyn', 'Graves', 'Pyke', 'Vayne', 'Zoe')",0,3,3
"('Graves', ""K'Sante"", 'LeBlanc', 'Varus', 'Zoe')",3,0,3
"('Caitlyn', 'Camille', 'Galio', 'Lee Sin', 'Warwick')",3,0,3
"('Alistar', ""Kai'Sa"", 'Lillia', 'Tristana', 'Warwick')",3,0,3
"(""Kai'Sa"", 'Lillia', 'Poppy', 'Pyke', 'Tristana')",0,3,3
"('Corki', 'Kennen', 'Leona', 'Nidalee', 'Tristana')",3,0,3
"('Akali', 'Corki', 'Hwei', 'Kayn', 'Seraphine')",0,3,3
"('Jax', ""Kai'Sa"", 'Rakan', 'Vi', 'Zoe')",0,3,3
"('Jhin', 'Kindred', 'LeBlanc', 'Rumble', 'Twisted Fate')",3,0,3
"('Akshan', 'Braum', 'Ekko', 'Varus', 'Vayne')",3,0,3
"('Blitzcrank', 'Gragas', 'Hwei', 'Jarvan IV', 'Jinx')",3,0,3
"('Hwei', 'Jhin', 'Leona', 'Skarner', 'Udyr')",3,0,3
"('Jinx', 'Lissandra', 'Nautilus', 'Skarner', 'Xin Zhao')",0,3,3
"('Camille', 'Kennen', 'Pantheon', 'Sivir', 'Taliyah')",0,3,3
"('Hwei', ""Kai'Sa"", 'Poppy', ""Rek'Sai"", 'Renekton')",3,0,3
"('Aurelion Sol', ""Kai'Sa"", ""Rek'Sai"", 'Rell', 'Twisted Fate')",3,0,3
"('Ashe', 'Corki', 'Kennen', 'Olaf', 'Seraphine')",0,3,3
"('Jinx', 'Rell', 'Rumble', 'Viego', 'Zac')",3,0,3
"('Jhin', 'Renekton', 'Taliyah', 'Yone', 'Zilean')",0,3,3
"('Fiddlesticks', 'Gangplank', ""Kai'Sa"", 'Leona', 'Tristana')",0,3,3
"('Fiora', 'Leona', 'Taliyah', 'Tristana', 'Varus')",3,0,3
"('Brand', 'Corki', 'Seraphine', 'Twisted Fate', 'Varus')",0,3,3
"('Corki', ""Kha'Zix"", 'Nautilus', 'Senna', 'Vladimir')",3,0,3
"('Graves', 'Jayce', 'Lucian', 'Nami', 'Taliyah')",0,3,3
"('Nautilus', 'Nidalee', 'Senna', 'Tristana', 'Vladimir')",3,0,3
"('Ahri', 'Camille', 'Jayce', 'Nunu & Willump', 'Smolder')",0,3,3
"('Gragas', 'Irelia', 'Karma', 'Taliyah', 'Zeri')",3,0,3
"('Lillia', 'Renekton', 'Seraphine', 'Varus', 'Yasuo')",0,3,3
"('Hecarim', 'Hwei', 'Lucian', 'Nami', 'Twisted Fate')",0,3,3
"('Camille', 'Maokai', 'Nidalee', 'Senna', 'Tristana')",3,0,3
"('Cassiopeia', 'Irelia', 'Nautilus', 'Nunu & Willump', 'Senna')",3,0,3
"('Ashe', ""Bel'Veth"", 'Braum', 'Katarina', 'Sejuani')",3,0,3
"('Aatrox', 'Graves', 'Hwei', ""Kai'Sa"", 'Nautilus')",0,3,3
"('Hwei', 'Rakan', 'Rengar', 'Shen', 'Zeri')",0,3,3
"('Blitzcrank', 'Brand', 'Corki', 'Draven', 'Twisted Fate')",0,3,3
"('Galio', 'Lee Sin', 'Rumble', 'Varus', 'Zoe')",3,0,3
"('Ashe', 'Nautilus', 'Nidalee', 'Rumble', 'Tristana')",0,3,3
"('Ashe', 'Jax', 'Kalista', 'Lee Sin', 'Vex')",3,0,3
"('Ashe', 'Darius', 'Gwen', 'Seraphine', 'Tristana')",3,0,3
"('Ahri', 'Jax', 'Olaf', 'Seraphine', 'Varus')",3,0,3
"('Heimerdinger', ""K'Sante"", 'Lee Sin', 'Seraphine', 'Tristana')",3,0,3
"('Alistar', 'Kalista', 'Katarina', 'Twisted Fate', 'Viego')",0,3,3
"('Fiddlesticks', 'Neeko', 'Nilah', 'Sion', 'Tristana')",3,0,3
"('Aphelios', 'Blitzcrank', 'Cassiopeia', 'Corki', 'Lillia')",0,3,3
"('Olaf', 'Rell', 'Taliyah', 'Tristana', 'Xayah')",3,0,3
"('Cassiopeia', ""Kai'Sa"", 'Katarina', 'Nautilus', 'Viego')",3,0,3
"('LeBlanc', 'Lucian', 'Milio', 'Skarner', 'Vayne')",0,3,3
"('Camille', 'Kalista', 'Skarner', 'Viego', 'Xerath')",3,0,3
"('Ashe', 'Camille', 'Taliyah', 'Twisted Fate', 'Vi')",3,0,3
"('Katarina', 'Kindred', 'Lucian', 'Rumble', 'Taric')",0,3,3
"('Ahri', 'Gragas', 'Jinx', 'Nautilus', 'Viego')",3,0,3
"('Ashe', 'Ekko', 'Nidalee', ""Rek'Sai"", 'Rell')",3,0,3
"('Brand', 'Darius', 'Taric', 'Tristana', 'Varus')",0,3,3
"('Brand', 'Jinx', 'Seraphine', 'Tristana', 'Volibear')",0,3,3
"('Jax', 'Jayce', 'Lucian', 'Nami', 'Taliyah')",0,3,3
"('Camille', 'Hwei', 'Jax', 'Lee Sin', 'Miss Fortune')",3,0,3
"('Aphelios', 'Lulu', 'Poppy', 'Tristana', 'Twisted Fate')",3,0,3
"('Camille', 'Kalista', 'Orianna', ""Rek'Sai"", 'Taric')",3,0,3
"('Ezreal', 'Renekton', 'Taliyah', 'Yasuo', 'Zoe')",3,0,3
"(""Kai'Sa"", 'Nautilus', 'Riven', 'Skarner', 'Zoe')",3,0,3
"('Draven', 'Pyke', 'Shen', 'Skarner', 'Zoe')",3,0,3
"('Ashe', 'Kindred', 'Nautilus', 'Twisted Fate', 'Zoe')",0,3,3
"('Fiora', 'Jax', ""Kai'Sa"", 'Nautilus', 'Zoe')",3,0,3
"('Ashe', 'Graves', 'Jax', 'Pyke', 'Zoe')",0,3,3
"('Jhin', 'Nautilus', 'Skarner', 'Viego', 'Zoe')",0,3,3
"('Fiora', 'Nautilus', ""Rek'Sai"", 'Zeri', 'Zoe')",0,3,3
"('Ashe', ""Bel'Veth"", 'Braum', 'Gnar', 'Orianna')",0,3,3
"('Jayce', 'Neeko', 'Viego', 'Xayah', 'Zoe')",0,3,3
"('Ashe', 'Braum', ""K'Sante"", 'Kindred', 'Zoe')",0,3,3
"('Gnar', 'Lee Sin', 'Thresh', ""Vel'Koz"", 'Zoe')",0,3,3
"('Darius', 'Graves', 'Rell', 'Smolder', 'Zoe')",3,0,3
"('Alistar', 'Lee Sin', 'Shen', 'Tristana', 'Zoe')",0,3,3
"('Jinx', 'Shen', 'Tahm Kench', 'Viego', 'Zoe')",3,0,3
"('Ashe', 'Kalista', 'Skarner', 'Xin Zhao', 'Zoe')",3,0,3
"('Blitzcrank', 'Karthus', 'Renekton', 'Tristana', 'Twitch')",0,3,3
"('Ashe', 'Diana', 'Gnar', 'Rumble', 'Yasuo')",3,0,3
"('Ashe', 'Jax', 'Nidalee', 'Renekton', 'Sona')",3,0,3
"('Hwei', 'Jax', 'Jinx', 'Thresh', 'Viego')",3,0,3
"('Ahri', 'Jinx', 'Pantheon', 'Skarner', 'Thresh')",3,0,3
"('Ahri', 'Rell', 'Twisted Fate', 'Varus', 'Viego')",3,0,3
"('Akali', 'Ezreal', 'Urgot', 'Xin Zhao', 'Yuumi')",0,3,3
"('LeBlanc', 'Rumble', 'Varus', 'Xerath', 'Xin Zhao')",3,0,3
"('Akali', 'Lee Sin', 'Ornn', 'Renekton', 'Senna')",3,0,3
"('Ashe', 'Fiddlesticks', ""Kha'Zix"", 'Nautilus', 'Vex')",3,0,3
"('Aphelios', 'Jayce', 'LeBlanc', 'Lulu', 'Viego')",3,0,3
"('Aphelios', 'Gnar', 'Hwei', ""Rek'Sai"", 'Twisted Fate')",0,3,3
"('Annie', 'Blitzcrank', 'Graves', 'Renekton', 'Varus')",0,3,3
"('Ekko', 'Renekton', 'Seraphine', 'Twisted Fate', 'Zeri')",3,0,3
"(""Bel'Veth"", 'Kalista', 'Kennen', 'Pantheon', 'Yone')",0,3,3
"('Draven', 'Kennen', 'LeBlanc', 'Lee Sin', 'Thresh')",3,0,3
"('Blitzcrank', 'Diana', 'Jax', 'Jhin', 'Pantheon')",0,3,3
"('Gnar', ""Kai'Sa"", 'Rell', 'Taliyah', 'Xin Zhao')",3,0,3
"('Renekton', 'Seraphine', 'Sivir', 'Taliyah', 'Viego')",0,3,3
"('Alistar', ""Kai'Sa"", 'Shaco', 'Skarner', 'Zoe')",0,3,3
"('Ashe', 'Diana', 'Jayce', 'Rumble', ""Vel'Koz"")",0,3,3
"('Graves', 'Hwei', 'Janna', ""Kai'Sa"", 'Renekton')",3,0,3
"('Annie', 'Jinx', 'Rell', 'Riven', 'Viego')",3,0,3
"('Hwei', 'Jax', 'Rell', 'Skarner', 'Twitch')",3,0,3
"('Alistar', 'Skarner', 'Varus', 'Yone', 'Zyra')",3,0,3
"('Akali', 'Cassiopeia', 'Ezreal', 'Graves', 'Rumble')",3,0,3
"('Jax', 'Maokai', 'Samira', 'Tristana', 'Udyr')",3,0,3
"('Ahri', 'Cassiopeia', 'Taric', 'Varus', 'Xin Zhao')",0,3,3
"('Camille', 'Rell', 'Smolder', 'Taliyah', 'Zed')",0,3,3
"('Garen', ""Kai'Sa"", 'Nidalee', 'Skarner', 'Tristana')",2,1,3
"('Hwei', 'Jhin', 'Karma', 'Shen', 'Viego')",3,0,3
"('Bard', 'Illaoi', 'Katarina', 'Twisted Fate', 'Viego')",3,0,3
"('Blitzcrank', 'Kled', 'Sylas', 'Twisted Fate', 'Viego')",0,3,3
"('Brand', 'Nami', 'Skarner', 'Tristana', 'Xin Zhao')",0,3,3
"('Diana', ""Kai'Sa"", 'Rell', 'Tristana', 'Twisted Fate')",3,0,3
"(""Kai'Sa"", 'Master Yi', 'Rell', 'Vex', 'Viego')",0,3,3
"('Camille', 'Master Yi', 'Rumble', 'Twisted Fate', 'Zeri')",0,3,3
"('Ekko', ""Kai'Sa"", 'Kennen', 'Nautilus', 'Pantheon')",0,3,3
"('Aurelion Sol', 'Corki', 'Dr. Mundo', 'Rakan', 'Viego')",3,0,3
"('Garen', 'Jinx', 'Kindred', 'Nunu & Willump', 'Rell')",3,0,3
"('Camille', 'Corki', 'Karthus', 'Pyke', 'Varus')",0,3,3
"('Aphelios', 'Galio', 'Graves', 'Neeko', 'Renekton')",3,0,3
"('Aurelion Sol', 'Blitzcrank', 'Graves', 'Ornn', 'Xayah')",3,0,3
"('Akali', ""Kog'Maw"", 'Rakan', 'Talon', 'Urgot')",0,3,3
"('Braum', 'Caitlyn', 'Twisted Fate', 'Viego', 'Zac')",0,3,3
"('Jax', 'Pantheon', 'Rell', 'Taliyah', 'Zeri')",3,0,3
"('Gwen', 'Nilah', 'Orianna', 'Rakan', 'Renekton')",0,3,3
"('Alistar', 'Gwen', ""Kai'Sa"", 'Tristana', 'Vayne')",3,0,3
"(""Kai'Sa"", ""Kha'Zix"", 'Nautilus', 'Rumble', 'Taliyah')",3,0,3
"('Gwen', 'Hecarim', 'Jinx', 'LeBlanc', 'Rell')",3,0,3
"('Jayce', 'Jhin', 'Lillia', 'Rell', 'Skarner')",3,0,3
"('Ahri', 'Ashe', 'Braum', 'Lee Sin', 'Warwick')",3,0,3
"('Lucian', 'Nidalee', 'Ornn', 'Rell', 'Yone')",3,0,3
"('Jayce', 'Leona', 'Nidalee', 'Twisted Fate', 'Zeri')",0,3,3
"('Fiddlesticks', 'Gragas', 'Rakan', 'Twisted Fate', 'Zeri')",3,0,3
"('Jinx', 'Nidalee', 'Rell', 'Skarner', 'Tristana')",3,0,3
"('Akshan', 'Corki', 'Diana', 'Rell', 'Renekton')",3,0,3
"('Jayce', ""Kai'Sa"", 'Lissandra', ""Rek'Sai"", 'Thresh')",0,3,3
"('Ashe', 'Aurelion Sol', 'Bard', 'Gnar', 'Lee Sin')",0,3,3
"('Gragas', 'Hwei', ""Kai'Sa"", 'Nautilus', 'Udyr')",3,0,3
"('Ashe', 'Jax', 'Jayce', 'Leona', 'Lillia')",0,3,3
"('Akali', ""K'Sante"", ""Kai'Sa"", 'Nocturne', 'Rell')",0,3,3
"('Seraphine', 'Skarner', 'Viego', 'Yone', 'Zeri')",3,0,3
"('Graves', ""Kai'Sa"", 'Rell', 'Skarner', 'Vex')",3,0,3
"('Graves', 'Jax', 'Rell', 'Twisted Fate', 'Ziggs')",3,0,3
"('Aatrox', 'Annie', 'Graves', 'Rell', 'Samira')",0,3,3
"('Camille', ""Cho'Gath"", 'Evelynn', 'Gnar', 'Yone')",3,0,3
"('Jax', 'Lucian', 'Nidalee', 'Rell', 'Yone')",3,0,3
"('Corki', 'Hwei', 'Lillia', 'Seraphine', 'Yone')",0,3,3
"('Camille', 'Corki', 'Nidalee', 'Rell', 'Sivir')",3,0,3
"('Seraphine', 'Sivir', 'Taliyah', 'Tristana', 'Volibear')",0,3,3
"('Akshan', 'Hecarim', 'Jinx', 'Ornn', 'Rell')",3,0,3
"(""Kai'Sa"", 'Ornn', 'Rell', 'Syndra', 'Viego')",3,0,3
"(""Kai'Sa"", 'Nautilus', 'Qiyana', 'Sejuani', 'Skarner')",3,0,3
"(""Kai'Sa"", 'Nidalee', 'Orianna', 'Rell', 'Renekton')",3,0,3
"('Irelia', ""Kai'Sa"", 'Lillia', 'Neeko', 'Rell')",0,3,3
"('Cassiopeia', 'Hwei', 'Nautilus', 'Viego', 'Volibear')",3,0,3
"('Malphite', 'Seraphine', 'Varus', 'Viego', 'Yasuo')",3,0,3
"('Aurelion Sol', 'Graves', ""Kai'Sa"", 'Nautilus', 'Sett')",3,0,3
"('Kalista', 'Nidalee', 'Rell', 'Tristana', 'Twisted Fate')",0,3,3
"('Qiyana', 'Skarner', 'Taliyah', 'Varus', 'Vayne')",0,3,3
"('Ahri', 'Lee Sin', 'Rakan', 'Renekton', 'Varus')",1,2,3
"('Ashe', 'Gangplank', 'Irelia', 'Rell', 'Talon')",3,0,3
"('Nidalee', 'Qiyana', 'Rell', 'Smolder', 'Varus')",3,0,3
"('Ahri', 'Hwei', 'Jhin', ""K'Sante"", 'Viego')",0,3,3
"('LeBlanc', 'Lee Sin', 'Lucian', 'Nami', 'Smolder')",0,3,3
"('Blitzcrank', 'Hwei', 'Lee Sin', 'Rumble', 'Smolder')",3,0,3
"('Corki', 'Jayce', 'Katarina', 'Master Yi', 'Rakan')",3,0,3
"('Alistar', 'Hwei', 'Skarner', 'Tristana', 'Viego')",3,0,3
"('Elise', 'Jayce', 'Kalista', 'Nautilus', 'Twisted Fate')",3,0,3
"('Aphelios', 'Braum', 'Lillia', 'Ryze', 'Tristana')",3,0,3
"('Diana', 'Jinx', 'Nautilus', 'Rumble', 'Tristana')",3,0,3
"('Kennen', ""Kha'Zix"", 'Lulu', 'Twisted Fate', 'Zeri')",0,3,3
"('Ashe', 'Garen', 'Graves', 'Rumble', 'Twisted Fate')",0,3,3
"('Ashe', 'Brand', 'Corki', 'Nautilus', 'Yone')",0,3,3
"('Aatrox', 'Ashe', 'Lillia', 'Rell', 'Talon')",3,0,3
"('Ahri', 'Caitlyn', 'Camille', ""K'Sante"", 'Viego')",0,3,3
"('Aurelion Sol', 'Kindred', 'Rakan', 'Rumble', 'Zeri')",3,0,3
"('Rumble', 'Taliyah', 'Thresh', 'Tristana', 'Varus')",0,3,3
"('Ashe', 'Rell', 'Twisted Fate', 'Udyr', 'Zoe')",3,0,3
"('Hwei', 'Jax', 'Jinx', 'Lillia', 'Yasuo')",0,3,3
"(""K'Sante"", 'Kalista', 'Nautilus', 'Nidalee', 'Tristana')",3,0,3
"('Draven', 'Lux', 'Nidalee', 'Sion', 'Yasuo')",3,0,3
"('LeBlanc', 'Nautilus', 'Nidalee', 'Yasuo', 'Zeri')",0,3,3
"('Heimerdinger', 'Lee Sin', 'Rell', 'Yasuo', 'Zeri')",3,0,3
"(""Bel'Veth"", 'Jhin', 'Rakan', 'Rumble', 'Yasuo')",3,0,3
"('Cassiopeia', 'Graves', 'Nautilus', 'Yasuo', 'Zeri')",3,0,3
"('Kennen', 'Lux', 'Rell', ""Vel'Koz"", 'Viego')",3,0,3
"('Aatrox', ""Kai'Sa"", 'Nautilus', 'Taliyah', 'Yasuo')",0,3,3
"('Camille', 'Nautilus', 'Nidalee', 'Renekton', 'Varus')",3,0,3
"('Ashe', 'Jax', 'Nunu & Willump', 'Pyke', 'Tristana')",3,0,3
"(""Kai'Sa"", 'Maokai', 'Pantheon', 'Yone', 'Zac')",0,3,3
"('Camille', 'Ezreal', 'Karthus', 'Miss Fortune', 'Zed')",0,3,3
"('Rumble', 'Sylas', 'Varus', 'Viego', 'Warwick')",0,3,3
"('Akshan', 'Ashe', 'Camille', 'Lee Sin', 'Rumble')",3,0,3
"('Alistar', 'Hwei', 'Jinx', 'Lee Sin', 'Yasuo')",3,0,3
"('Corki', ""K'Sante"", 'Karthus', 'Nautilus', 'Taliyah')",3,0,3
"('Ashe', 'Corki', 'Kindred', 'Milio', 'Viego')",3,0,3
"('Aurelion Sol', 'Camille', 'Jayce', 'Talon', 'Ziggs')",3,0,3
"('Caitlyn', 'Cassiopeia', 'Lee Sin', 'Lux', 'Yone')",0,3,3
"('Kalista', 'Kled', 'Nidalee', 'Poppy', 'Viego')",0,3,3
"('Ahri', 'Caitlyn', 'Rell', 'Rumble', 'Viego')",3,0,3
"(""Kai'Sa"", 'Katarina', 'Nautilus', 'Twisted Fate', 'Viego')",0,3,3
"('Ahri', 'Graves', ""Kai'Sa"", 'Nautilus', 'Udyr')",3,0,3
"('Diana', 'Graves', 'Jinx', ""K'Sante"", 'Rakan')",3,0,3
"('LeBlanc', 'Rell', 'Renekton', 'Twitch', 'Viego')",0,3,3
"('Draven', 'Kalista', 'Nidalee', 'Rell', 'Twisted Fate')",0,3,3
"('Rell', 'Ryze', 'Smolder', 'Viego', 'Zoe')",3,0,3
"('Galio', 'Jhin', 'Lillia', 'Pantheon', 'Ryze')",3,0,3
"('Irelia', 'Skarner', 'Taliyah', 'Viego', 'Zeri')",0,3,3
"('Camille', 'Jayce', 'Nautilus', 'Samira', 'Taliyah')",0,3,3
"('Cassiopeia', 'Karthus', 'Rell', 'Samira', 'Twisted Fate')",0,3,3
"('Aatrox', 'Blitzcrank', 'Corki', 'Nidalee', 'Tristana')",1,2,3
"('Alistar', 'Ashe', 'Hecarim', 'Skarner', 'Swain')",3,0,3
"(""Kai'Sa"", 'Lee Sin', 'Nautilus', 'Skarner', 'Sylas')",3,0,3
"('Ahri', ""Kai'Sa"", 'Maokai', 'Qiyana', 'Viego')",0,3,3
"('Akshan', 'Aphelios', 'Nidalee', 'Skarner', 'Thresh')",3,0,3
"('Akshan', 'Ashe', ""Kai'Sa"", 'Lillia', 'Twisted Fate')",3,0,3
"('Akali', 'Ashe', 'Braum', ""Kha'Zix"", 'Zac')",0,3,3
"('Akshan', 'Corki', 'Darius', 'Lillia', 'Nautilus')",3,0,3
"('Akshan', 'Ekko', 'Lucian', 'Nami', 'Skarner')",3,0,3
"('LeBlanc', 'Leona', 'Renekton', 'Viego', 'Zeri')",0,3,3
"('Akshan', 'Camille', 'Ezreal', 'Hecarim', 'Xerath')",0,3,3
"('Akshan', 'Caitlyn', 'Hwei', 'Jayce', 'Nidalee')",3,0,3
"('Akshan', 'Jhin', 'Karthus', 'Seraphine', 'Shen')",0,3,3
"('Graves', 'Jhin', 'Katarina', 'Nautilus', 'Nocturne')",3,0,3
"('Ezreal', 'Hwei', 'Jayce', 'Nocturne', 'Udyr')",3,0,3
"('Brand', 'Ezreal', 'Nocturne', 'Viego', 'Zoe')",3,0,3
"('Jayce', 'Nidalee', 'Nocturne', 'Rell', 'Zeri')",0,3,3
"('Ashe', 'LeBlanc', 'Nocturne', 'Rell', 'Viego')",3,0,3
"('Aatrox', 'Brand', 'Hwei', 'Lucian', 'Nami')",3,0,3
"(""K'Sante"", 'Lillia', 'Miss Fortune', 'Nautilus', 'Viego')",3,0,3
"('Gwen', 'Jayce', 'Rakan', 'Skarner', 'Twitch')",0,3,3
"('Corki', 'Lillia', 'Nautilus', 'Renekton', 'Viego')",3,0,3
"('Irelia', 'Lillia', 'Nautilus', 'Senna', 'Twisted Fate')",3,0,3
"('Jayce', ""Kai'Sa"", 'Lillia', 'Nautilus', 'Pantheon')",0,3,3
"('Ashe', 'Nasus', 'Nautilus', 'Pantheon', 'Taliyah')",0,3,3
"(""Kai'Sa"", 'Mordekaiser', 'Pantheon', 'Pyke', 'Warwick')",3,0,3
"('Draven', 'Evelynn', ""K'Sante"", 'Kalista', 'Pantheon')",3,0,3
"('Corki', 'Fiddlesticks', 'Gragas', 'Kennen', 'Pantheon')",0,3,3
"('Jinx', 'Nautilus', 'Nidalee', 'Pantheon', 'Tryndamere')",3,0,3
"('Elise', 'Kalista', 'Nautilus', 'Pantheon', 'Qiyana')",3,0,3
"('Nautilus', 'Pantheon', 'Senna', 'Taliyah', 'Udyr')",3,0,3
"('Alistar', 'Corki', 'Kindred', 'Pantheon', 'Rumble')",0,3,3
"(""Kai'Sa"", 'Nautilus', 'Pantheon', 'Taliyah', 'Zed')",3,0,3
"('Lillia', 'Nilah', 'Pantheon', 'Rakan', 'Skarner')",0,3,3
"('Kalista', 'Nautilus', 'Nidalee', 'Pantheon', 'Skarner')",0,3,3
"('Heimerdinger', 'Janna', 'Nidalee', 'Pantheon', 'Zeri')",3,0,3
"('Ashe', 'Gwen', 'Jax', 'Pantheon', ""Vel'Koz"")",0,3,3
"('Master Yi', 'Nautilus', 'Pantheon', 'Rumble', 'Seraphine')",0,3,3
"('Aphelios', 'Kindred', 'Lulu', 'Pantheon', 'Rumble')",0,3,3
"('Dr. Mundo', 'Graves', 'Rell', 'Ryze', 'Samira')",0,3,3
"(""Kai'Sa"", 'Karthus', 'Nautilus', 'Rumble', 'Tristana')",0,3,3
"('Blitzcrank', 'Jax', 'Jinx', 'Kennen', 'Yasuo')",3,0,3
"('Dr. Mundo', 'Ezreal', 'Karma', 'Twisted Fate', 'Viego')",0,3,3
"(""Bel'Veth"", 'Camille', 'Diana', 'Malphite', 'Varus')",0,3,3
"('Dr. Mundo', ""Kai'Sa"", 'Karthus', 'Neeko', 'Twisted Fate')",3,0,3
"('Caitlyn', ""Rek'Sai"", 'Renekton', 'Thresh', 'Twisted Fate')",3,0,3
"('Aphelios', 'Jax', 'Lee Sin', 'Thresh', 'Twisted Fate')",3,0,3
"('Caitlyn', 'Ekko', ""K'Sante"", 'Rell', 'Viego')",3,0,3
"('Ashe', ""Bel'Veth"", 'Braum', 'LeBlanc', 'Shen')",3,0,3
"('Camille', 'Jinx', 'Rumble', 'Thresh', 'Viego')",0,3,3
"('Ashe', 'Galio', 'LeBlanc', 'Riven', 'Xin Zhao')",0,3,3
"('Galio', 'LeBlanc', 'Renekton', 'Varus', 'Warwick')",0,3,3
"('Ashe', 'Galio', 'Katarina', 'Shaco', 'Viego')",3,0,3
"('Hwei', 'Nautilus', 'Senna', 'Viego', 'Volibear')",0,3,3
"('Draven', 'Hecarim', 'Katarina', 'Nocturne', 'Pyke')",0,3,3
"('Hwei', 'Jayce', ""Kog'Maw"", 'Skarner', 'Tryndamere')",0,3,3
"('Corki', 'Leona', 'Lillia', 'Tristana', 'Tryndamere')",0,3,3
"('Aatrox', 'Jhin', 'Nautilus', 'Sylas', 'Viego')",0,3,3
"('Corki', 'Kennen', 'Sona', 'Twisted Fate', 'Viego')",0,3,3
"('Rell', 'Twisted Fate', ""Vel'Koz"", 'Viego', 'Warwick')",3,0,3
"('Heimerdinger', ""K'Sante"", ""Kai'Sa"", 'Karthus', 'Leona')",3,0,3
"('Poppy', 'Skarner', 'Varus', 'Viego', 'Vladimir')",0,3,3
"('Ezreal', 'Heimerdinger', 'Morgana', 'Skarner', 'Yone')",3,0,3
"('Ashe', 'Brand', 'Jax', 'Nautilus', 'Vex')",0,3,3
"('Braum', 'Garen', 'Jinx', 'Taliyah', 'Tristana')",0,3,3
"('Cassiopeia', 'Corki', 'Ezreal', ""Kha'Zix"", 'Rakan')",0,3,3
"('Alistar', 'Camille', 'Taliyah', 'Zed', 'Zeri')",3,0,3
"('Ekko', ""Kai'Sa"", 'Kled', 'Nautilus', ""Rek'Sai"")",3,0,3
"('Ekko', ""K'Sante"", 'Karthus', 'Rakan', 'Xayah')",0,3,3
"('Alistar', 'Lillia', 'Pantheon', 'Skarner', 'Smolder')",0,3,3
"('Brand', 'Olaf', 'Rell', 'Rengar', 'Varus')",0,3,3
"('Corki', 'Diana', ""Kha'Zix"", 'Rell', 'Skarner')",3,0,3
"('Ashe', 'Braum', 'Graves', 'Malphite', 'Seraphine')",3,0,3
"('Braum', 'Singed', ""Vel'Koz"", 'Zac', 'Zeri')",0,3,3
"('Malphite', 'Nidalee', 'Rell', 'Samira', 'Tristana')",0,3,3
"('Ashe', 'Jayce', 'Nautilus', 'Nidalee', 'Twisted Fate')",0,3,3
"('Akshan', 'Lillia', 'Rakan', 'Smolder', 'Xayah')",0,3,3
"('Blitzcrank', 'Kled', 'Lee Sin', 'Orianna', 'Zeri')",3,0,3
"('Aurelion Sol', 'Fiora', 'Janna', 'Sivir', 'Vi')",3,0,3
"(""Kai'Sa"", 'Nautilus', 'Sett', 'Taliyah', 'Tristana')",0,3,3
"('Darius', 'Kindred', 'Lucian', 'Rakan', 'Syndra')",3,0,3
"('Ashe', 'Jayce', 'Karthus', 'Skarner', 'Varus')",3,0,3
"('Jayce', ""K'Sante"", 'Lucian', 'Nidalee', 'Rell')",3,0,3
"('Lee Sin', 'Rumble', 'Varus', 'Vladimir', 'Yone')",0,3,3
"('Aatrox', 'Draven', 'Elise', 'Nautilus', 'Renekton')",0,3,3
"('Azir', 'Kalista', 'Neeko', 'Twisted Fate', 'Viego')",0,3,3
"('Jhin', ""K'Sante"", 'Leona', 'Taliyah', 'Tristana')",0,3,3
"('Kalista', 'Lillia', 'Nautilus', 'Qiyana', 'Skarner')",3,0,3
"('Jhin', 'LeBlanc', 'Lee Sin', 'Pyke', 'Twisted Fate')",0,3,3
"('Braum', 'Kindred', 'Rumble', 'Varus', 'Vex')",3,0,3
"('Hwei', 'Kalista', 'Lee Sin', 'Malphite', 'Thresh')",3,0,3
"('Jinx', 'Lee Sin', 'Ryze', 'Seraphine', 'Syndra')",0,3,3
"('Katarina', 'Rakan', 'Ryze', 'Sivir', 'Vi')",0,3,3
"('Ashe', 'Blitzcrank', 'Hecarim', 'Hwei', 'Rumble')",3,0,3
"('Dr. Mundo', 'Hecarim', 'Hwei', 'Jinx', 'Neeko')",0,3,3
"('Brand', 'Fiora', 'Irelia', ""Kai'Sa"", 'Nautilus')",0,3,3
"('Aurelion Sol', 'Corki', 'LeBlanc', 'Qiyana', 'Viego')",3,0,3
"('Braum', 'Jax', 'Lissandra', 'Viego', 'Zeri')",0,3,3
"('Blitzcrank', 'Karthus', 'Malphite', 'Tristana', 'Zeri')",0,3,3
"('Corki', 'Taliyah', 'Thresh', 'Urgot', 'Yone')",3,0,3
"('Ashe', 'Galio', 'Nunu & Willump', 'Rengar', 'Seraphine')",3,0,3
"('Blitzcrank', 'Jhin', 'Rengar', 'Taliyah', 'Tristana')",3,0,3
"('Akali', ""K'Sante"", 'Kindred', 'Rell', 'Zeri')",0,3,3
"('Hwei', 'Kindred', 'Nautilus', 'Skarner', 'Tristana')",0,3,3
"('Corki', 'Gwen', 'Kindred', 'Rell', 'Samira')",0,3,3
"('Aatrox', 'Akshan', 'Elise', 'Jhin', 'Rengar')",3,0,3
"('Braum', 'Sylas', 'Twitch', 'Vayne', 'Viego')",3,0,3
"('Aurelion Sol', 'Nautilus', 'Senna', 'Tryndamere', 'Udyr')",0,3,3
"('Fiddlesticks', 'Kindred', 'Lucian', 'Nautilus', 'Urgot')",3,0,3
"('Corki', ""K'Sante"", 'Lillia', 'Nautilus', 'Yasuo')",3,0,3
"('Aatrox', 'Hwei', 'Nautilus', 'Taliyah', 'Varus')",0,3,3
"('Ashe', 'Elise', 'Jayce', 'Tristana', 'Varus')",0,3,3
"('Akshan', 'Elise', ""Kai'Sa"", 'Nasus', 'Nautilus')",3,0,3
"('Cassiopeia', 'Jax', 'Nautilus', 'Rengar', 'Udyr')",3,0,3
"('Lucian', 'Nami', 'Olaf', 'Taliyah', 'Tristana')",3,0,3
"('Corki', 'Diana', 'Irelia', 'Taliyah', 'Taric')",3,0,3
"('Alistar', 'Camille', 'Hecarim', 'Hwei', ""Vel'Koz"")",0,3,3
"('Akshan', ""Kha'Zix"", 'Rengar', 'Varus', 'Zilean')",3,0,3
"('Aphelios', 'Skarner', 'Sylas', 'Thresh', 'Viego')",3,0,3
"('Jax', 'Rell', 'Twisted Fate', 'Viego', 'Zeri')",0,3,3
"('Jayce', 'Nautilus', 'Rumble', 'Twisted Fate', 'Zeri')",3,0,3
"('Katarina', 'Milio', 'Viego', 'Volibear', 'Zeri')",3,0,3
"('Gwen', 'Qiyana', 'Rakan', 'Twisted Fate', 'Zeri')",3,0,3
"('Akshan', 'Nidalee', 'Rakan', 'Ryze', 'Smolder')",0,3,3
"('Azir', 'Irelia', 'Rengar', 'Zeri', 'Zilean')",0,3,3
"('Anivia', 'Milio', ""Rek'Sai"", 'Tryndamere', 'Zeri')",3,0,3
"('Camille', 'Gragas', 'Karthus', 'Viego', 'Zeri')",3,0,3
"('Blitzcrank', 'Fiora', 'Hwei', 'Jarvan IV', ""Kai'Sa"")",0,3,3
"('Nami', 'Pantheon', 'Rumble', 'Sejuani', 'Smolder')",0,3,3
"('Ashe', 'Aurelion Sol', 'Jarvan IV', 'Ornn', 'Varus')",3,0,3
"('Akali', 'Leona', 'Malphite', 'Viego', 'Zeri')",0,3,3
"('Akali', 'Blitzcrank', 'Lillia', 'Renekton', 'Twitch')",0,3,3
"(""Kai'Sa"", 'Karthus', 'Leona', 'Skarner', 'Twisted Fate')",3,0,3
"('Cassiopeia', 'Nautilus', 'Tristana', 'Udyr', 'Viego')",0,3,3
"('Hwei', 'Jax', 'Lillia', 'Poppy', 'Senna')",3,0,3
"('Brand', ""Kai'Sa"", 'Poppy', 'Thresh', 'Twisted Fate')",0,3,3
"('Ekko', ""K'Sante"", 'Pyke', 'Seraphine', 'Tristana')",3,0,3
"('Brand', 'Ezreal', 'Gnar', 'Leona', 'Talon')",0,3,3
"('Akshan', 'Caitlyn', 'Ekko', 'Rengar', 'Soraka')",3,0,3
"('Aphelios', 'Camille', 'Ekko', 'Sona', 'Tristana')",3,0,3
"('Caitlyn', 'Lux', 'Nidalee', 'Tryndamere', 'Twisted Fate')",0,3,3
"('Alistar', 'Ezreal', ""Rek'Sai"", 'Renekton', 'Sylas')",0,3,3
"('Jax', 'Lillia', 'Lulu', 'Sivir', 'Tristana')",3,0,3
"('Aphelios', 'Lee Sin', 'Leona', 'Skarner', 'Vex')",3,0,3
"('Caitlyn', 'Camille', 'Nidalee', 'Renekton', 'Skarner')",0,3,3
"('Ashe', ""K'Sante"", 'Poppy', 'Soraka', 'Taliyah')",0,3,3
"('Blitzcrank', 'Elise', 'Kalista', 'Qiyana', 'Riven')",0,3,3
"('Akshan', 'Braum', 'Gwen', 'Lucian', ""Rek'Sai"")",3,0,3
"('Ekko', 'Irelia', ""Kai'Sa"", 'Renata Glasc', 'Tristana')",0,3,3
"('Alistar', 'Cassiopeia', 'Fiddlesticks', 'Irelia', 'Zeri')",0,3,3
"('Ashe', 'Ekko', 'Jax', 'Rell', 'Skarner')",3,0,3
"('Cassiopeia', 'Gnar', 'Leona', 'Nidalee', 'Qiyana')",0,3,3
"(""Kha'Zix"", 'Mordekaiser', 'Nautilus', 'Syndra', 'Zeri')",0,3,3
"('Ashe', 'Graves', 'Irelia', 'Rengar', 'Varus')",0,3,3
"('Ashe', 'Graves', 'LeBlanc', 'Rell', 'Rengar')",3,0,3
"('Camille', 'Nasus', 'Senna', 'Shaco', 'Yone')",3,0,3
"('Gwen', ""Kai'Sa"", 'Lee Sin', 'Rakan', 'Syndra')",0,3,3
"('Corki', 'Hwei', 'Poppy', 'Rakan', 'Twisted Fate')",0,3,3
"('Caitlyn', 'Camille', 'Nautilus', 'Taliyah', 'Viego')",0,3,3
"('Corki', 'Hwei', 'Kindred', 'Rell', 'Wukong')",3,0,3
"('Kalista', 'Lillia', 'Nautilus', 'Renekton', 'Viktor')",0,3,3
"('Jayce', 'Jinx', 'Kennen', 'Lillia', 'Thresh')",0,3,3
"('Draven', 'Ekko', 'Neeko', 'Urgot', 'Yone')",3,0,3
"('Alistar', 'Lee Sin', 'Rumble', 'Smolder', 'Viktor')",0,3,3
"('Jinx', 'Thresh', 'Twisted Fate', 'Vex', 'Vi')",3,0,3
"('Corki', 'LeBlanc', 'Lee Sin', 'Rakan', 'Tryndamere')",3,0,3
"('Irelia', 'Miss Fortune', 'Nidalee', 'Skarner', 'Thresh')",3,0,3
"('Corki', 'Kindred', 'Nautilus', 'Orianna', 'Rumble')",3,0,3
"('Aatrox', 'Corki', 'Lillia', 'Nautilus', 'Urgot')",3,0,3
"('Annie', 'Jinx', 'Nautilus', 'Twisted Fate', 'Viego')",0,3,3
"('Dr. Mundo', 'Jhin', 'Nidalee', 'Pyke', 'Yone')",3,0,3
"('Annie', 'Graves', 'Rell', 'Sivir', 'Urgot')",3,0,3
"('Graves', 'LeBlanc', 'Skarner', 'Varus', 'Zoe')",3,0,3
"('Ashe', 'Corki', 'Jax', 'Nidalee', 'Rumble')",3,0,3
"('Ezreal', 'Graves', 'Kennen', 'LeBlanc', 'Nautilus')",3,0,3
"('Annie', 'Jayce', 'Maokai', 'Viego', 'Zeri')",3,0,3
"('Camille', 'Jinx', 'Nautilus', 'Taliyah', 'Viego')",1,2,3
"('Nautilus', 'Senna', 'Taliyah', 'Yasuo', 'Zac')",3,0,3
"('Corki', 'Gragas', 'Irelia', 'Lee Sin', 'Nautilus')",3,0,3
"('Corki', 'Jax', 'Nami', 'Neeko', 'Shaco')",3,0,3
"('Akali', 'Jayce', ""Kai'Sa"", 'Lee Sin', 'Maokai')",3,0,3
"('Diana', 'Graves', ""Kai'Sa"", 'Rell', 'Tryndamere')",3,0,3
"('Elise', 'Kennen', 'Maokai', 'Varus', 'Viego')",3,0,3
"('Caitlyn', 'Janna', ""K'Sante"", 'Lee Sin', 'Taliyah')",3,0,3
"('Galio', ""Kai'Sa"", 'Lee Sin', 'Rell', 'Sett')",0,3,3
"('Alistar', 'Gnar', ""Kai'Sa"", 'Sylas', 'Viego')",3,0,3
"('Jax', 'Lee Sin', 'Nautilus', 'Samira', 'Syndra')",3,0,3
"('Elise', ""Kai'Sa"", 'Nautilus', 'Skarner', 'Tristana')",3,0,3
"('Elise', 'Jinx', 'Nautilus', 'Qiyana', 'Renekton')",3,0,3
"('Camille', 'Gragas', 'Jinx', ""Kha'Zix"", 'Nautilus')",3,0,3
"('Gnar', 'Leona', 'Orianna', 'Viego', 'Zeri')",3,0,3
"('Graves', 'Irelia', 'Kennen', 'Lucian', 'Nami')",0,3,3
"('Graves', 'Lux', 'Rakan', 'Smolder', 'Vladimir')",3,0,3
"('Ashe', 'Camille', 'Fiddlesticks', 'Hwei', 'Rengar')",0,3,3
"('Akali', 'Ashe', 'Camille', 'Nautilus', 'Viego')",0,3,3
"('Jinx', 'Kennen', 'Rumble', 'Urgot', 'Viego')",0,3,3
"('Alistar', 'Fiora', 'Jayce', 'Sejuani', 'Zeri')",0,3,3
"('Aphelios', 'Irelia', 'Lillia', 'Lulu', 'Pantheon')",0,3,3
"('Jhin', 'Ornn', 'Thresh', 'Tristana', 'Viego')",3,0,3
"('Jhin', 'Karthus', 'Leona', 'Tryndamere', 'Yone')",0,3,3
"('Ashe', 'Gragas', 'LeBlanc', 'Lee Sin', 'Nautilus')",3,0,3
"('Ashe', ""Bel'Veth"", 'Camille', 'Lillia', 'Skarner')",3,0,3
"('Ashe', 'Corki', 'Nautilus', 'Skarner', 'Taliyah')",3,0,3
"('Ahri', ""Kai'Sa"", 'Lee Sin', 'Pyke', 'Skarner')",3,0,3
"('Camille', ""Kai'Sa"", 'Lee Sin', 'Neeko', 'Skarner')",3,0,3
"('Darius', 'Jinx', 'Neeko', 'Skarner', 'Thresh')",3,0,3
"('Azir', 'Jinx', 'Nidalee', 'Rengar', 'Sona')",3,0,3
"('Aurelion Sol', 'Braum', 'Rengar', 'Samira', 'Xin Zhao')",3,0,3
"('Jayce', 'Pyke', 'Rengar', 'Taliyah', 'Tristana')",3,0,3
"('Ashe', 'Braum', 'Lee Sin', 'Rengar', 'Taliyah')",3,0,3
"('Alistar', 'Azir', 'Cassiopeia', 'Poppy', 'Varus')",3,0,3
"('Diana', 'Miss Fortune', 'Nautilus', 'Rumble', 'Tristana')",3,0,3
"('Corki', 'Dr. Mundo', 'Lillia', 'Pantheon', 'Rell')",3,0,3
"('Hwei', 'Lucian', 'Lux', 'Nidalee', 'Poppy')",3,0,3
"('Annie', 'Graves', 'Jayce', 'Nilah', 'Rell')",3,0,3
"('Jinx', 'Lillia', 'Rumble', 'Talon', 'Thresh')",3,0,3
"('Draven', 'Nidalee', 'Ryze', 'Thresh', 'Zed')",0,3,3
"('Lulu', 'Singed', 'Skarner', 'Viego', 'Zeri')",0,3,3
"('Akshan', 'Alistar', ""Kai'Sa"", 'Sejuani', 'Vladimir')",3,0,3
"('Darius', ""Kai'Sa"", 'Karthus', 'Rell', 'Yone')",0,3,3
"('Alistar', 'Fiora', ""K'Sante"", ""Kai'Sa"", 'Nidalee')",0,3,3
"('Darius', 'Hwei', 'Jinx', 'Rell', 'Viego')",0,3,3
"('Cassiopeia', 'Hwei', ""Kha'Zix"", 'Nami', 'Zeri')",0,3,3
"('Aphelios', 'Aurelion Sol', 'Irelia', 'Kindred', 'Rell')",0,3,3
"('Ashe', 'Dr. Mundo', ""Kha'Zix"", 'Rell', 'Viktor')",3,0,3
"('Alistar', 'Diana', 'Hwei', 'Kled', 'Samira')",3,0,3
"('Kennen', 'Senna', 'Viego', 'Zeri', 'Zoe')",3,0,3
"('Kindred', 'Nautilus', 'Skarner', 'Taliyah', 'Zoe')",0,3,3
"('Ashe', 'Braum', 'Hwei', ""K'Sante"", ""Kha'Zix"")",0,3,3
"('Aatrox', 'Aphelios', 'Poppy', ""Rek'Sai"", 'Zoe')",3,0,3
"('Rell', 'Taliyah', 'Tristana', 'Twisted Fate', 'Zeri')",3,0,3
"('Jinx', ""K'Sante"", ""Rek'Sai"", 'Ryze', 'Thresh')",3,0,3
"('Braum', 'Camille', 'Hwei', ""Kai'Sa"", 'Karthus')",3,0,3
"('Akshan', 'Alistar', 'Camille', ""Kai'Sa"", 'Karthus')",0,3,3
"('Aurelion Sol', 'Camille', 'Rakan', 'Viego', 'Zeri')",1,2,3
"('Camille', 'Gragas', 'Seraphine', 'Taliyah', 'Xayah')",3,0,3
"('Graves', 'Hwei', 'Illaoi', 'Jinx', 'Rell')",3,0,3
"('Aatrox', 'Hecarim', 'Katarina', 'Rell', 'Samira')",0,3,3
"('Akali', 'Cassiopeia', 'Corki', ""Kha'Zix"", 'Leona')",0,3,3
"('Kindred', 'Lucian', 'Lulu', 'Pyke', 'Ryze')",3,0,3
"('Akali', 'Jinx', 'Lulu', 'Nasus', 'Vi')",3,0,3
"('Aphelios', 'Corki', 'Kennen', 'Lillia', 'Thresh')",0,3,3
"('Camille', 'Corki', 'Karthus', 'LeBlanc', 'Leona')",3,0,3
"('Graves', ""Kai'Sa"", 'Katarina', 'Rakan', 'Rumble')",3,0,3
"('Ashe', 'Gragas', 'Shen', 'Taric', 'Tristana')",3,0,3
"('Hecarim', 'Kalista', 'Nautilus', 'Shen', 'Taliyah')",0,3,3
"('Corki', 'Kindred', 'Lulu', 'Shen', 'Sylas')",0,3,3
"('Lee Sin', 'Lucian', 'Nami', 'Shen', 'Taliyah')",0,3,3
"('Janna', 'Kassadin', 'Shen', 'Viego', 'Zeri')",0,3,3
"('Ashe', 'Nidalee', 'Shen', 'Taric', 'Yasuo')",0,3,3
"('Akali', 'Draven', 'Rakan', 'Riven', 'Viego')",0,3,3
"('Aphelios', ""Bel'Veth"", 'LeBlanc', 'Lulu', 'Tryndamere')",3,0,3
"(""Kai'Sa"", 'Rakan', 'Rumble', 'Viego', 'Yone')",3,0,3
"('Blitzcrank', 'Jinx', ""Rek'Sai"", 'Urgot', 'Xerath')",0,3,3
"(""Kai'Sa"", 'Rell', 'Taliyah', 'Tryndamere', 'Yasuo')",3,0,3
"('Alistar', 'Hwei', 'Jax', 'Lee Sin', 'Zeri')",3,0,3
"('Ashe', 'Camille', 'Hecarim', 'Hwei', 'Twisted Fate')",0,3,3
"('Ashe', 'Brand', 'Braum', ""K'Sante"", 'Pantheon')",3,0,3
"('Brand', 'Jayce', 'Kalista', 'Skarner', 'Twisted Fate')",0,3,3
"('Akali', 'Ashe', 'Nidalee', 'Tahm Kench', 'Tristana')",3,0,3
"('Bard', 'Corki', 'Hecarim', 'Hwei', 'Skarner')",0,3,3
"('Hwei', ""Kai'Sa"", 'Malphite', 'Pantheon', 'Rell')",3,0,3
"(""Bel'Veth"", 'Draven', 'Gnar', 'LeBlanc', 'Maokai')",0,3,3
"('Aphelios', 'Lucian', 'Udyr', 'Urgot', 'Zilean')",3,0,3
"('Corki', 'Gwen', 'Kennen', 'Rakan', 'Tristana')",0,3,3
"('Aatrox', 'Fiddlesticks', 'Sivir', 'Yone', 'Zilean')",0,3,3
"('Kalista', 'Nautilus', 'Olaf', ""Rek'Sai"", 'Singed')",3,0,3
"('Ezreal', 'Graves', ""K'Sante"", 'Maokai', 'Vex')",0,3,3
"('Cassiopeia', 'Nidalee', 'Poppy', 'Skarner', 'Tristana')",0,3,3
"('Ekko', 'Jhin', 'Lee Sin', 'Leona', 'Twisted Fate')",3,0,3
"('Ashe', 'Kennen', ""Kha'Zix"", 'Rell', 'Smolder')",0,3,3
"('Nidalee', 'Qiyana', 'Skarner', 'Sona', 'Varus')",3,0,3
"('Jayce', 'Kindred', 'Lulu', 'Zac', 'Zeri')",3,0,3
"('Cassiopeia', 'Jax', 'Leona', 'Lillia', 'Tristana')",3,0,3
"('Corki', 'Jhin', 'Lillia', 'Nautilus', 'Ryze')",0,3,3
"('Aurelion Sol', 'Jhin', 'Karma', 'Kled', 'Lee Sin')",3,0,3
"('Jhin', 'Lissandra', 'Malphite', 'Pyke', 'Viego')",0,3,3
"('Fiddlesticks', 'Jhin', 'Neeko', 'Pantheon', 'Tryndamere')",0,3,3
"('Hwei', 'Jayce', ""Kai'Sa"", 'Nautilus', 'Udyr')",0,3,3
"('Akali', 'Bard', 'Graves', 'Quinn', 'Varus')",3,0,3
"('Jhin', 'Pantheon', 'Pyke', 'Skarner', 'Syndra')",0,3,3
"('Corki', 'Gnar', 'Kindred', 'Lux', 'Syndra')",0,3,3
"('Hwei', ""K'Sante"", ""Kai'Sa"", 'Karthus', 'Pyke')",2,1,3
"('Hwei', 'Jinx', 'Lee Sin', 'Rell', 'Rumble')",0,3,3
"('Akshan', 'Camille', ""K'Sante"", 'Kalista', 'Karthus')",0,3,3
"('Darius', 'Hecarim', 'LeBlanc', 'Seraphine', 'Varus')",0,3,3
"('Nautilus', 'Nidalee', 'Rumble', 'Varus', 'Viego')",0,3,3
"('Akali', 'Blitzcrank', ""Kai'Sa"", 'Kennen', 'Rengar')",3,0,3
"('Corki', 'Kalista', 'Rell', 'Shen', 'Taliyah')",3,0,3
"('Graves', ""Kai'Sa"", 'LeBlanc', 'Nautilus', 'Rumble')",0,3,3
"('Ashe', 'Irelia', 'Kennen', 'Taliyah', 'Varus')",3,0,3
"('LeBlanc', 'Lulu', 'Nautilus', 'Poppy', 'Tristana')",3,0,3
"(""Kai'Sa"", 'Leona', 'Nasus', 'Nidalee', 'Yasuo')",3,0,3
"('Akshan', 'Jax', ""Kai'Sa"", 'Nautilus', 'Nidalee')",3,0,3
"('Gangplank', 'Hwei', 'Nidalee', 'Varus', 'Yone')",3,0,3
"('Leona', 'Lillia', 'Varus', 'Volibear', 'Yasuo')",3,0,3
"('Jinx', 'Katarina', 'Seraphine', 'Twisted Fate', 'Viego')",0,3,3
"('Braum', 'Fiora', 'Hecarim', ""Kai'Sa"", 'Twisted Fate')",0,3,3
"('Akshan', 'Ashe', 'Braum', 'Fiora', 'Nidalee')",1,2,3
"('Ekko', 'Hecarim', 'Jax', 'Rell', 'Varus')",3,0,3
"('Caitlyn', 'Darius', 'Nautilus', 'Nidalee', 'Tristana')",0,3,3
"('Illaoi', 'Jayce', 'Rakan', 'Seraphine', 'Udyr')",3,0,3
"('Hwei', 'Lee Sin', 'Lux', 'Renekton', 'Sivir')",3,0,3
"(""K'Sante"", 'Lux', 'Nidalee', 'Tryndamere', 'Varus')",0,3,3
"('Hwei', 'Illaoi', 'Jinx', 'Poppy', 'Thresh')",0,3,3
"('Graves', 'Nautilus', 'Orianna', 'Poppy', 'Zeri')",3,0,3
"(""Cho'Gath"", 'Graves', ""Kai'Sa"", 'Nautilus', 'Viego')",3,0,3
"('Ashe', 'Cassiopeia', 'Graves', 'Rell', 'Viego')",0,3,3
"('Graves', 'Hwei', ""Kai'Sa"", 'Kled', 'Thresh')",0,3,3
"('Jinx', 'Rakan', 'Taliyah', 'Twisted Fate', 'Vi')",3,0,3
"(""Kai'Sa"", 'Lee Sin', 'Nautilus', 'Skarner', 'Zoe')",0,3,3
"('Ashe', 'Rumble', 'Twisted Fate', 'Varus', 'Xin Zhao')",3,0,3
"('Camille', 'Cassiopeia', 'Nautilus', 'Pantheon', 'Taliyah')",3,0,3
"('Rell', 'Rumble', 'Samira', 'Viego', 'Yone')",0,3,3
"(""Cho'Gath"", 'Rakan', 'Sylas', 'Twisted Fate', 'Viego')",0,3,3
"('Graves', 'LeBlanc', 'Rumble', 'Smolder', 'Thresh')",0,3,3
"('Hwei', 'Lee Sin', 'Rakan', 'Skarner', 'Smolder')",3,0,3
"('Lucian', 'Nami', 'Nidalee', 'Renekton', 'Twisted Fate')",3,0,3
"('Aurelion Sol', 'Kennen', 'Lux', 'Rengar', 'Varus')",3,0,3
"('Ashe', 'Camille', 'Jayce', 'Lillia', 'Skarner')",3,0,3
"('Jayce', 'Jhin', 'Lux', 'Master Yi', 'Rakan')",3,0,3
"(""Bel'Veth"", 'Braum', 'Caitlyn', 'Lux', 'Rumble')",3,0,3
"('Ashe', 'Draven', 'Hecarim', 'Lux', 'Urgot')",3,0,3
"('Kindred', 'Nautilus', 'Twisted Fate', 'Udyr', 'Zeri')",3,0,3
"('Graves', 'Kennen', 'Rakan', 'Varus', 'Zoe')",0,3,3
"('Ashe', ""Bel'Veth"", 'Rakan', 'Warwick', 'Zac')",0,3,3
"(""Kai'Sa"", ""Rek'Sai"", 'Rell', 'Talon', 'Twisted Fate')",3,0,3
"('Jhin', 'Nidalee', 'Rakan', 'Tristana', 'Volibear')",0,3,3
"('Jinx', 'Skarner', 'Taliyah', 'Thresh', 'Twisted Fate')",0,3,3
"(""Kai'Sa"", ""Rek'Sai"", 'Renekton', 'Taric', 'Yone')",0,3,3
"('Bard', 'Caitlyn', 'Kindred', 'Lissandra', 'Warwick')",0,3,3
"('Cassiopeia', 'Lee Sin', 'Nautilus', 'Samira', 'Zoe')",0,3,3
"('Graves', 'Hwei', ""Kai'Sa"", 'Rakan', 'Skarner')",3,0,3
"('Hwei', 'Nunu & Willump', 'Singed', 'Sivir', 'Varus')",3,0,3
"('Akshan', ""Kai'Sa"", 'Nautilus', 'Nidalee', 'Skarner')",1,2,3
"('Alistar', 'Corki', 'Hecarim', 'Katarina', 'Kled')",3,0,3
"('Akshan', 'Ashe', 'Bard', 'Darius', 'Sylas')",3,0,3
"('Ashe', 'Corki', 'Darius', 'Taliyah', 'Zoe')",0,3,3
"('Alistar', 'Darius', 'Lucian', 'Maokai', 'Yasuo')",3,0,3
"('Malphite', 'Nautilus', 'Rumble', 'Samira', 'Tristana')",3,0,3
"('Alistar', 'Aphelios', 'Darius', ""Kha'Zix"", 'Viktor')",3,0,3
"('Corki', 'Darius', 'Karthus', 'Swain', 'Yone')",0,3,3
"('Camille', 'Lillia', 'Nautilus', 'Varus', 'Yasuo')",3,0,3
"(""Bel'Veth"", 'Braum', 'Camille', 'Hwei', 'Lucian')",3,0,3
"('Darius', 'Galio', 'Lillia', 'Sivir', 'Yuumi')",0,3,3
"('Darius', 'Kalista', 'Nautilus', 'Qiyana', 'Sejuani')",0,3,3
"('Ashe', 'Braum', 'Darius', 'Katarina', 'Viego')",3,0,3
"('Ashe', 'Diana', ""K'Sante"", 'Nidalee', 'Taric')",3,0,3
"('Kalista', 'Nautilus', 'Rumble', 'Skarner', 'Viego')",3,0,3
"(""Kai'Sa"", ""Kha'Zix"", 'Lulu', 'Riven', 'Sylas')",3,0,3
"('Maokai', 'Nautilus', 'Rumble', 'Tristana', 'Varus')",3,0,3
"('Hwei', ""Kai'Sa"", 'Rengar', 'Skarner', 'Taric')",0,3,3
"('Galio', 'Janna', 'Jinx', 'Kindred', 'Skarner')",0,3,3
"('Ashe', 'Camille', 'Nautilus', 'Nidalee', 'Tristana')",0,3,3
"('Caitlyn', 'Hwei', 'Lux', 'Master Yi', 'Nasus')",0,3,3
"(""Kai'Sa"", 'Malphite', 'Nautilus', 'Nidalee', 'Tristana')",3,0,3
"('Aphelios', 'Blitzcrank', 'Taliyah', 'Udyr', 'Yone')",3,0,3
"('Hecarim', 'Jax', ""K'Sante"", ""Kai'Sa"", 'LeBlanc')",0,3,3
"('Ashe', 'Braum', 'Corki', 'Elise', 'Rumble')",0,3,3
"('Aphelios', 'Master Yi', 'Syndra', 'Thresh', 'Vladimir')",3,0,3
"('Alistar', 'Ashe', 'Nidalee', 'Skarner', 'Tristana')",2,1,3
"('Dr. Mundo', 'Hwei', 'Jinx', 'Lee Sin', 'Thresh')",3,0,3
"('Hwei', 'Janna', 'Urgot', 'Varus', 'Viego')",3,0,3
"('Ashe', ""Bel'Veth"", 'Hwei', 'Malphite', 'Nautilus')",3,0,3
"('Ashe', 'Blitzcrank', 'Hwei', ""K'Sante"", 'Viego')",0,3,3
"('Ahri', 'Ashe', 'Braum', 'Kled', 'Xin Zhao')",3,0,3
"('Ashe', 'Nidalee', 'Skarner', 'Tristana', 'Volibear')",3,0,3
"('Akali', 'Camille', ""Kai'Sa"", 'Skarner', 'Viego')",0,3,3
"('Aurelion Sol', 'Nocturne', 'Rakan', 'Shen', 'Zeri')",3,0,3
"('Diana', ""Kha'Zix"", 'Pyke', 'Tryndamere', 'Varus')",3,0,3
"('Aurelion Sol', 'Darius', 'Graves', ""Kai'Sa"", 'Pyke')",3,0,3
"('Orianna', 'Pantheon', 'Seraphine', 'Taliyah', 'Xayah')",3,0,3
"('Akshan', 'Ashe', 'Kennen', 'Taric', 'Viego')",3,0,3
"('Annie', 'Graves', 'Jinx', 'Nautilus', 'Tryndamere')",0,3,3
"('Aatrox', 'Corki', 'Skarner', 'Taliyah', 'Twisted Fate')",3,0,3
"('Ashe', 'Brand', 'Lulu', 'Ornn', 'Tristana')",3,0,3
"('Ashe', 'Seraphine', 'Twisted Fate', 'Udyr', 'Zed')",3,0,3
"('Ashe', 'Camille', 'Lee Sin', 'Lissandra', 'Seraphine')",0,3,3
"('Lissandra', 'Rakan', 'Skarner', 'Viego', 'Zeri')",3,0,3
"('Corki', 'Hecarim', 'Lucian', 'Nami', 'Singed')",3,0,3
"('Azir', 'Braum', 'Camille', ""Kha'Zix"", 'Zeri')",3,0,3
"('Braum', 'Ekko', 'Gnar', 'Pantheon', 'Zeri')",0,3,3
"('Akali', 'Aurelion Sol', 'Camille', 'Draven', 'Viego')",0,3,3
"('Alistar', 'Ekko', 'Mordekaiser', 'Smolder', 'Tristana')",3,0,3
"('Ahri', 'Camille', 'Jhin', 'Nidalee', 'Pantheon')",0,3,3
"('Braum', 'Lee Sin', 'Sejuani', 'Smolder', 'Taliyah')",3,0,3
"('Camille', 'Gragas', ""Kai'Sa"", 'Lee Sin', 'Pantheon')",3,0,3
"('Graves', 'Hwei', 'Rakan', 'Rumble', 'Samira')",0,3,3
"(""Kai'Sa"", 'Nautilus', 'Nidalee', 'Ornn', 'Tristana')",3,0,3
"('Kalista', 'Lee Sin', 'Nocturne', 'Renata Glasc', 'Syndra')",3,0,3
"('Hwei', 'Karma', 'Ornn', ""Rek'Sai"", 'Varus')",3,0,3
"('Ashe', 'Gragas', 'Heimerdinger', 'Lee Sin', 'Rumble')",0,3,3
"('Akali', 'Hwei', 'Lee Sin', 'Rakan', 'Zeri')",3,0,3
"('Graves', 'Nautilus', 'Pantheon', 'Taliyah', 'Zeri')",3,0,3
"('Aphelios', 'Aurelion Sol', 'Gragas', 'Skarner', 'Viego')",0,3,3
"('Akali', 'Heimerdinger', ""Rek'Sai"", 'Skarner', 'Varus')",3,0,3
"('Jinx', 'Pantheon', 'Sylas', 'Taric', 'Viego')",3,0,3
"('Darius', 'Hwei', 'Karma', 'Pantheon', 'Xayah')",3,0,3
"('Hecarim', 'Kalista', 'Nautilus', 'Orianna', 'Pantheon')",0,3,3
"('Galio', 'Hecarim', 'Nautilus', 'Pantheon', 'Samira')",0,3,3
"('Ashe', 'Lee Sin', 'Pantheon', 'Seraphine', 'Syndra')",3,0,3
"('Braum', 'Caitlyn', 'Pantheon', 'Taliyah', 'Yone')",3,0,3
"('Aphelios', 'Graves', 'Lulu', 'Orianna', 'Pantheon')",3,0,3
"('Annie', 'Rakan', 'Viego', 'Xayah', 'Yone')",3,0,3
"('Ashe', 'Darius', 'Jinx', 'Nunu & Willump', 'Yone')",3,0,3
"('Aphelios', 'Gragas', 'Kindred', 'Skarner', 'Yone')",3,0,3
"('Rell', 'Renekton', 'Rumble', 'Varus', 'Yone')",3,0,3
"('Hwei', 'Seraphine', 'Skarner', 'Smolder', 'Udyr')",3,0,3
"('Ashe', 'Hwei', 'Senna', 'Viego', 'Warwick')",3,0,3
"('Akali', ""Bel'Veth"", 'Camille', ""Kai'Sa"", 'Skarner')",3,0,3
"(""Kai'Sa"", 'Renekton', 'Seraphine', 'Taliyah', 'Viego')",3,0,3
"('Kalista', 'Maokai', 'Nautilus', 'Tryndamere', 'Viktor')",0,3,3
"('Aatrox', 'Fiddlesticks', 'Karthus', 'Riven', 'Varus')",3,0,3
"('Rumble', 'Taliyah', 'Tristana', 'Varus', 'Warwick')",0,3,3
"('Gragas', ""Kai'Sa"", 'Renekton', 'Sett', 'Tryndamere')",0,3,3
"('Camille', ""Kha'Zix"", 'Nautilus', 'Syndra', 'Zeri')",0,3,3
"('Aphelios', ""Bel'Veth"", 'Gnar', 'LeBlanc', 'Lulu')",3,0,3
"('Corki', 'Lillia', 'Rell', 'Urgot', 'Varus')",3,0,3
"('Dr. Mundo', 'Hwei', 'Nautilus', 'Varus', 'Viego')",0,3,3
"('Corki', 'Nidalee', 'Pyke', 'Sett', 'Yone')",0,3,3
"('Ahri', ""Bel'Veth"", 'Jax', 'Nautilus', 'Zeri')",0,3,3
"(""Bel'Veth"", 'Camille', ""Kai'Sa"", 'Ryze', 'Skarner')",3,0,3
"('Jhin', 'Lee Sin', 'Rumble', 'Yasuo', 'Zoe')",3,0,3
"('Ashe', 'LeBlanc', 'Lee Sin', 'Rell', 'Skarner')",3,0,3
"('Galio', 'Nautilus', 'Renekton', 'Taliyah', 'Zeri')",0,3,3
"('Fiora', 'Lux', 'Nautilus', 'Varus', 'Xin Zhao')",3,0,3
"('Hwei', 'Nidalee', 'Skarner', 'Yone', 'Zeri')",3,0,3
"('Aphelios', ""K'Sante"", 'Lulu', 'Nidalee', 'Tryndamere')",3,0,3
"('Braum', 'Ezreal', ""K'Sante"", 'LeBlanc', 'Viego')",3,0,3
"('Ahri', 'Lee Sin', 'Nautilus', 'Samira', 'Skarner')",3,0,3
"('Braum', 'Galio', 'Jinx', 'Kindred', 'Rumble')",1,2,3
"('Aphelios', 'Renekton', 'Seraphine', 'Vi', 'Zac')",3,0,3
"('Cassiopeia', 'Gragas', ""Kai'Sa"", 'Pyke', 'Skarner')",3,0,3
"(""Bel'Veth"", 'Draven', 'Hwei', 'Jax', 'Nautilus')",3,0,3
"('Corki', 'Fiora', 'Kalista', 'Karthus', 'Nautilus')",3,0,3
"('Draven', 'Hwei', 'Jax', 'Taliyah', 'Viego')",0,3,3
"('Fiora', 'Kalista', 'Lee Sin', 'Renata Glasc', 'Twisted Fate')",0,3,3
"('Ahri', 'Camille', 'Draven', 'Kalista', ""Rek'Sai"")",0,3,3
"('Alistar', 'Diana', 'Lee Sin', 'Nilah', 'Skarner')",3,0,3
"('Galio', 'Gragas', 'Lee Sin', 'Pyke', 'Zeri')",3,0,3
"('Corki', 'Lissandra', 'Rakan', ""Rek'Sai"", 'Skarner')",3,0,3
"('Cassiopeia', ""K'Sante"", ""Kai'Sa"", 'Karthus', 'Nautilus')",0,3,3
"('Ashe', 'Orianna', 'Rumble', 'Seraphine', 'Viego')",3,0,3
"('Ashe', 'Brand', 'Lee Sin', 'Neeko', 'Riven')",0,3,3
"('Jayce', ""Kai'Sa"", 'Pantheon', 'Viego', 'Viktor')",3,0,3
"('Ekko', 'Jax', 'Qiyana', 'Senna', 'Zeri')",3,0,3
"('Lee Sin', 'Pyke', 'Ryze', 'Yasuo', 'Zeri')",3,0,3
"(""Kai'Sa"", 'Nautilus', 'Nidalee', 'Qiyana', 'Twisted Fate')",3,0,3
"('Camille', 'Ekko', 'Pyke', 'Shen', 'Twisted Fate')",3,0,3
"('Aatrox', ""Kai'Sa"", 'Rakan', 'Sylas', 'Viego')",3,0,3
"('Bard', 'Caitlyn', 'Corki', 'Hecarim', 'Tryndamere')",0,3,3
"('Caitlyn', 'Lillia', 'Qiyana', 'Rakan', 'Tryndamere')",3,0,3
"('Blitzcrank', 'Nidalee', 'Rumble', 'Tristana', 'Twitch')",0,3,3
"('Jayce', 'Jinx', 'Kayle', 'Lillia', 'Thresh')",3,0,3
"('Corki', 'Lee Sin', 'Nunu & Willump', 'Rakan', 'Rumble')",3,0,3
"('Rengar', 'Skarner', 'Taliyah', 'Thresh', 'Tristana')",0,3,3
"('Akali', 'Kalista', 'Nautilus', 'Rengar', 'Skarner')",0,3,3
"('Aatrox', 'Nautilus', 'Nidalee', 'Tristana', 'Zed')",3,0,3
"('Katarina', 'Lee Sin', 'Ornn', 'Rell', 'Varus')",3,0,3
"('Alistar', 'Elise', ""K'Sante"", 'Tristana', 'Zeri')",0,3,3
"('Ahri', 'Fiora', ""Kai'Sa"", 'Senna', 'Viego')",3,0,3
"('Leona', 'Skarner', 'Twisted Fate', 'Varus', 'Xin Zhao')",3,0,3
"('Blitzcrank', 'Jinx', 'Taliyah', 'Tristana', 'Tryndamere')",0,3,3
"('Camille', 'Ornn', 'Senna', 'Vex', 'Viego')",0,3,3
"('Jax', ""Kai'Sa"", 'Nautilus', ""Rek'Sai"", 'Taliyah')",0,3,3
"('Irelia', ""Kai'Sa"", 'Karthus', 'Nautilus', 'Skarner')",3,0,3
"('Jhin', 'Kled', 'Lissandra', 'Rumble', 'Viego')",0,3,3
"('Aatrox', 'Ashe', 'Hwei', 'Nautilus', 'Viego')",3,0,3
"('Hwei', 'Lucian', 'Pyke', 'Ryze', 'Viego')",0,3,3
"('Kalista', 'Poppy', 'Sylas', 'Taric', 'Viego')",0,3,3
"(""Kai'Sa"", 'Nidalee', 'Orianna', 'Poppy', 'Rakan')",0,3,3
"('Corki', 'Kennen', 'Lulu', 'Shaco', 'Zeri')",3,0,3
"('Aatrox', 'Ashe', 'Azir', 'Karthus', 'Varus')",3,0,3
"('Kindred', 'Lulu', 'Lux', 'Skarner', 'Twitch')",0,3,3
"('Kindred', 'Orianna', 'Warwick', 'Zeri', 'Zoe')",0,3,3
"('Taliyah', 'Taric', 'Twisted Fate', 'Viego', 'Zeri')",0,3,3
"('Hwei', 'Lee Sin', 'Rakan', 'Rumble', 'Zeri')",0,3,3
"('Annie', 'Camille', ""Kai'Sa"", 'Rakan', ""Rek'Sai"")",3,0,3
"('Gnar', 'Hwei', ""Kai'Sa"", 'Leona', 'Rengar')",3,0,3
"('Jhin', 'Lillia', 'Mordekaiser', 'Nautilus', 'Qiyana')",3,0,3
"('Gangplank', 'Janna', ""Kai'Sa"", 'Nidalee', 'Zed')",0,3,3
"('Gragas', 'Jinx', 'Lillia', 'Thresh', 'Tristana')",3,0,3
"('Jinx', ""K'Sante"", 'Leona', 'Nidalee', 'Pyke')",3,0,3
"('Hecarim', ""Kai'Sa"", 'Rakan', 'Shen', 'Tryndamere')",3,0,3
"(""Bel'Veth"", 'Ezreal', 'Lulu', 'Rumble', 'Zoe')",3,0,3
"('Fiora', 'Graves', 'Kalista', 'Lulu', 'Neeko')",3,0,3
"('Ashe', 'Braum', 'Galio', 'Skarner', 'Viego')",3,0,3
"('Jayce', 'Lee Sin', 'Lulu', 'Rumble', 'Varus')",0,3,3
"('Jax', 'Rakan', 'Twisted Fate', 'Xayah', 'Xin Zhao')",3,0,3
"('Akali', 'Samira', 'Skarner', 'Viego', 'Zac')",0,3,3
"('Aphelios', 'Blitzcrank', 'Lillia', 'Mordekaiser', 'Tristana')",3,0,3
"('Brand', 'Kalista', 'Kindred', 'Rumble', 'Skarner')",3,0,3
"('Ezreal', 'Kennen', 'LeBlanc', 'Skarner', 'Viego')",0,3,3
"('Blitzcrank', 'Gnar', 'Katarina', 'Miss Fortune', 'Pantheon')",3,0,3
"('Ashe', 'Lillia', 'Nautilus', 'Pyke', 'Skarner')",3,0,3
"('Ashe', 'Braum', 'Diana', 'Karthus', 'Skarner')",3,0,3
"('Azir', 'Braum', 'Graves', 'Jax', 'Jinx')",0,3,3
"('Nilah', 'Senna', 'Skarner', 'Tristana', 'Zyra')",3,0,3
"('Hwei', 'Lucian', 'Master Yi', 'Nautilus', 'Skarner')",3,0,3
"('Ashe', 'Camille', 'Hwei', ""Rek'Sai"", 'Sejuani')",3,0,3
"('Graves', ""Kai'Sa"", 'Renekton', 'Sylas', 'Zac')",0,3,3
"(""Kai'Sa"", 'Malphite', 'Nautilus', ""Rek'Sai"", 'Rumble')",0,3,3
"('Hecarim', ""Kai'Sa"", 'Poppy', 'Volibear', 'Ziggs')",0,3,3
"('Jax', 'Jinx', 'Lillia', 'Nautilus', 'Yone')",0,3,3
"('Gangplank', ""Kai'Sa"", 'Twisted Fate', 'Viego', 'Zoe')",3,0,3
"('Corki', 'Nidalee', 'Rell', 'Skarner', 'Tristana')",1,2,3
"('Corki', 'Garen', 'Rakan', 'Vi', 'Viktor')",3,0,3
"('Brand', 'Graves', 'Skarner', 'Yuumi', 'Zeri')",3,0,3
"('Akali', 'Brand', ""Kai'Sa"", 'Lulu', 'Viego')",3,0,3
"('Kled', 'Olaf', 'Rumble', 'Varus', 'Vex')",0,3,3
"('Jarvan IV', 'Kled', 'Nilah', 'Taric', 'Viktor')",0,3,3
"('Camille', 'Jayce', ""Kai'Sa"", 'Karthus', 'Tristana')",0,3,3
"('Bard', 'Ekko', 'Jax', ""Kai'Sa"", 'Pantheon')",3,0,3
"('Ashe', 'Dr. Mundo', 'Hwei', 'Pyke', 'Xin Zhao')",3,0,3
"('Aurelion Sol', 'Corki', 'Jax', 'Nautilus', 'Xin Zhao')",0,3,3
"('Hecarim', 'Jinx', 'Lulu', 'Neeko', 'Tryndamere')",0,3,3
"('Darius', 'Hecarim', ""Kai'Sa"", 'Katarina', 'Morgana')",3,0,3
"('Akali', 'Corki', 'Hecarim', ""K'Sante"", 'Rakan')",0,3,3
"('Lee Sin', 'Malphite', 'Rumble', 'Sylas', 'Zeri')",0,3,3
"('Akshan', 'Fiora', 'Gragas', 'Nidalee', 'Varus')",3,0,3
"('Blitzcrank', 'Corki', 'Fiora', 'Rumble', 'Udyr')",3,0,3
"('Fiora', 'Lee Sin', 'Neeko', 'Varus', 'Zyra')",3,0,3
"('Fiora', 'Hecarim', 'Nautilus', 'Orianna', 'Samira')",3,0,3
"('Fiora', 'Jinx', 'Taric', 'Vi', 'Zoe')",3,0,3
"('Hwei', 'Nautilus', 'Skarner', 'Twisted Fate', 'Zeri')",0,3,3
"('Ornn', 'Rakan', 'Sivir', 'Taliyah', 'Viego')",0,3,3
"('Aatrox', 'Katarina', ""Rek'Sai"", 'Vayne', 'Zoe')",0,3,3
"('Braum', 'Fizz', 'Jinx', 'Kindred', 'Rumble')",3,0,3
"('Ahri', 'Kindred', 'Lucian', 'Rell', 'Rumble')",3,0,3
"('Alistar', 'Ezreal', 'Fiora', 'Gragas', 'Hwei')",3,0,3
"('Ahri', 'Jarvan IV', 'Rakan', 'Rumble', 'Zeri')",3,0,3
"('Kennen', 'Lillia', 'Rakan', 'Tristana', 'Zeri')",0,3,3
"('Lee Sin', 'Nunu & Willump', 'Renekton', 'Senna', 'Seraphine')",3,0,3
"('Aurelion Sol', 'Darius', 'Lee Sin', 'Nilah', 'Rakan')",3,0,3
"('Corki', 'Katarina', 'Lee Sin', 'Rell', 'Rumble')",3,0,3
"(""Bel'Veth"", 'Gnar', 'Hwei', ""Kai'Sa"", 'Pyke')",0,3,3
"('Gragas', 'Jayce', 'Lee Sin', 'Lucian', 'Thresh')",3,0,3
"('Akali', 'Alistar', 'Hecarim', 'Jinx', 'Tryndamere')",3,0,3
"('Graves', 'Leona', 'Singed', 'Twisted Fate', 'Zeri')",3,0,3
"('Ahri', 'Jax', 'Nidalee', 'Sivir', 'Swain')",3,0,3
"('Diana', 'Lillia', 'Renekton', 'Taric', 'Varus')",0,3,3
"('Aphelios', 'Blitzcrank', 'Lillia', 'Twisted Fate', 'Urgot')",3,0,3
"('Ezreal', 'Illaoi', 'Rell', 'Skarner', 'Sylas')",3,0,3
"('Ezreal', 'Fiddlesticks', 'Senna', 'Volibear', 'Zoe')",3,0,3
"('Darius', 'Hwei', ""Kha'Zix"", 'Rell', 'Tristana')",3,0,3
"('Corki', 'Nidalee', 'Skarner', 'Tristana', 'Zac')",0,3,3
"('Bard', 'Gragas', 'LeBlanc', 'Sivir', 'Viego')",3,0,3
"('Corki', 'Lillia', 'Nautilus', 'Varus', 'Yasuo')",0,3,3
"('Jax', 'Jhin', 'LeBlanc', 'Shyvana', 'Skarner')",3,0,3
"('Camille', 'Hwei', 'Jax', 'Jhin', 'Nidalee')",3,0,3
"('Cassiopeia', 'Pantheon', 'Skarner', 'Tristana', 'Twitch')",3,0,3
"('Jax', 'Skarner', 'Syndra', 'Thresh', 'Varus')",3,0,3
"('Jhin', 'Kennen', 'Nidalee', 'Pantheon', 'Rell')",0,3,3
"('Alistar', 'Corki', ""K'Sante"", 'Lillia', 'Zeri')",3,0,3
"('Akali', 'Camille', ""Kai'Sa"", 'Lee Sin', 'Pyke')",3,0,3
"('Garen', 'Rakan', 'Taliyah', 'Varus', 'Xin Zhao')",3,0,3
"('Kayn', 'Lucian', 'Milio', 'Sion', 'Twisted Fate')",3,0,3
"('Braum', 'Graves', ""Kog'Maw"", 'LeBlanc', 'Skarner')",3,0,3
"('Alistar', 'Ashe', 'Hecarim', 'Orianna', 'Riven')",0,3,3
"('Aatrox', 'Galio', ""Kai'Sa"", 'Rell', 'Viego')",0,3,3
"('Braum', 'Hwei', 'Kalista', 'Kindred', 'Rumble')",0,3,3
"('Akshan', 'Camille', 'Galio', 'Lillia', 'Seraphine')",3,0,3
"('Hwei', 'Malphite', 'Rakan', 'Xin Zhao', 'Zeri')",3,0,3
"('LeBlanc', 'Lee Sin', 'Nautilus', 'Vayne', 'Zeri')",3,0,3
"('Fiddlesticks', ""Kai'Sa"", 'Lillia', 'Qiyana', 'Riven')",0,3,3
"('Master Yi', 'Shen', 'Taric', 'Vex', 'Zeri')",3,0,3
"('Brand', 'Hwei', 'Nautilus', 'Varus', 'Vayne')",0,3,3
"('Corki', 'Graves', ""Kai'Sa"", 'Nautilus', 'Rumble')",0,3,3
"('Azir', 'Nunu & Willump', 'Rell', 'Renekton', 'Samira')",3,0,3
"('Ahri', ""Kai'Sa"", 'Kindred', 'Nautilus', 'Yasuo')",3,0,3
"('Alistar', 'Aurelion Sol', ""Kai'Sa"", 'Kindred', 'Twisted Fate')",3,0,3
"('Akshan', 'Ashe', 'Cassiopeia', 'Kennen', 'LeBlanc')",0,3,3
"('Aatrox', 'Aphelios', 'Diana', 'Nunu & Willump', 'Rell')",3,0,3
"('Akshan', 'Lulu', 'Nidalee', 'Rakan', 'Zeri')",0,3,3
"('Ashe', 'Hwei', 'Irelia', 'Lillia', 'Skarner')",3,0,3
"('Akshan', 'Gwen', 'Janna', 'Lee Sin', 'Xerath')",3,0,3
"('Akshan', 'Fiora', ""Kai'Sa"", 'Nidalee', 'Renata Glasc')",0,3,3
"('Akshan', 'Ashe', 'Gragas', 'Janna', 'Nidalee')",0,3,3
"('Akshan', 'Kled', 'Nidalee', 'Nilah', 'Rakan')",3,0,3
"('Akshan', 'Gnar', 'Smolder', 'Taliyah', 'Zac')",0,3,3
"('Dr. Mundo', 'Draven', 'Nautilus', 'Nidalee', 'Qiyana')",0,3,3
"('Akshan', 'Kled', 'Nautilus', 'Taliyah', 'Zeri')",3,0,3
"('Aatrox', 'Kindred', 'Syndra', 'Taric', 'Varus')",3,0,3
"(""Kai'Sa"", 'LeBlanc', 'Nunu & Willump', 'Riven', 'Sett')",3,0,3
"('Heimerdinger', 'Qiyana', 'Samira', 'Sett', 'Viego')",0,3,3
"('Akali', 'Senna', 'Sett', 'Zed', 'Zeri')",3,0,3
"('Akali', 'Galio', 'Rell', 'Varus', 'Viego')",0,3,3
"('Akali', 'Ashe', 'Nidalee', 'Sivir', 'Tristana')",3,0,3
"('Ahri', 'Graves', 'Kalista', 'Riven', 'Thresh')",3,0,3
"('Cassiopeia', 'Jinx', ""Rek'Sai"", 'Thresh', 'Twisted Fate')",3,0,3
"('Kalista', 'Lillia', 'Nautilus', 'Skarner', 'Yone')",3,0,3
"('Ashe', 'Diana', 'Rakan', 'Skarner', 'Yasuo')",0,3,3
"('Ashe', 'Braum', 'Corki', 'Fiddlesticks', 'Skarner')",3,0,3
"('Akshan', 'Karthus', 'Nautilus', 'Smolder', 'Varus')",3,0,3
"('Aatrox', 'Alistar', ""Kai'Sa"", 'Qiyana', 'Viego')",0,3,3
"('Diana', 'Kalista', 'Neeko', 'Poppy', 'Rumble')",3,0,3
"('Jax', ""Kai'Sa"", 'Lillia', 'Rell', 'Tristana')",3,0,3
"('Corki', 'Lillia', 'Teemo', 'Yone', 'Zilean')",0,3,3
"('Ashe', 'Kalista', 'Lillia', 'Skarner', 'Yasuo')",3,0,3
"('Aphelios', 'Rakan', 'Rengar', 'Rumble', 'Yasuo')",0,3,3
"('Corki', 'Kalista', 'Nidalee', 'Renata Glasc', 'Renekton')",3,0,3
"('Hwei', 'Kalista', ""Kha'Zix"", 'Kled', 'Nautilus')",0,3,3
"('Hwei', 'Lucian', 'Lulu', 'Nami', 'Viego')",3,0,3
"('Ashe', 'Corki', 'Lillia', 'Nautilus', 'Twisted Fate')",0,3,3
"('Aurelion Sol', 'Graves', ""Kai'Sa"", 'Nautilus', 'Skarner')",3,0,3
"('Hecarim', 'Hwei', 'Rakan', 'Rumble', 'Samira')",3,0,3
"('Aurelion Sol', 'Lulu', 'Sett', 'Warwick', 'Zeri')",3,0,3
"('Ekko', 'Lulu', 'Qiyana', 'Volibear', 'Zeri')",3,0,3
"('Aurelion Sol', 'Irelia', 'Master Yi', 'Neeko', 'Varus')",3,0,3
"('Caitlyn', 'Diana', 'Jax', 'Lux', ""Rek'Sai"")",3,0,3
"('Hwei', 'Jax', ""Rek'Sai"", 'Rell', 'Varus')",3,0,3
"('Alistar', 'Corki', 'Elise', ""Kai'Sa"", 'Skarner')",0,3,3
"('Ezreal', 'Karma', 'Sylas', 'Vi', 'Volibear')",3,0,3
"('Corki', 'Jayce', 'LeBlanc', 'Lux', 'Xin Zhao')",0,3,3
"('Ahri', 'Renekton', 'Thresh', 'Varus', 'Viego')",3,0,3
"('Fiddlesticks', 'Jhin', 'Kled', 'Leona', 'Yone')",0,3,3
"('Jinx', 'Lee Sin', 'Lissandra', 'Rakan', 'Renekton')",3,0,3
"('Aphelios', 'Brand', 'Karthus', 'Neeko', 'Renekton')",0,3,3
"('Ashe', 'Renekton', 'Seraphine', 'Talon', 'Zac')",0,3,3
"('Camille', 'Galio', 'Graves', 'Rakan', 'Zeri')",3,0,3
"('Hwei', 'Lulu', 'Malphite', 'Nilah', 'Nunu & Willump')",0,3,3
"('Akshan', 'Sivir', 'Skarner', 'Taliyah', 'Thresh')",3,0,3
"('Nidalee', 'Rell', 'Tristana', 'Twisted Fate', 'Zeri')",3,0,3
"('Illaoi', ""Kai'Sa"", 'Nautilus', 'Orianna', 'Vi')",0,3,3
"('Alistar', ""Kai'Sa"", 'Katarina', 'Kindred', 'Volibear')",3,0,3
"('Irelia', ""Kai'Sa"", 'Katarina', 'Nautilus', 'Nidalee')",0,3,3
"('Camille', 'Hwei', 'Jinx', 'Lulu', 'Xin Zhao')",3,0,3
"('Ashe', 'Brand', 'Braum', 'Dr. Mundo', 'Tristana')",2,1,3
"('Ashe', 'Milio', 'Tryndamere', 'Vex', 'Xin Zhao')",0,3,3
"('Bard', 'Cassiopeia', 'Smolder', 'Tristana', 'Viego')",3,0,3
"('Dr. Mundo', 'Hwei', 'Nautilus', 'Samira', 'Viego')",3,0,3
"('Graves', 'Hwei', 'Kennen', 'Nautilus', 'Zeri')",0,3,3
"('Camille', 'Maokai', 'Nidalee', 'Senna', 'Syndra')",3,0,3
"(""Kai'Sa"", 'Nautilus', 'Renekton', 'Sylas', 'Viego')",0,3,3
"('Ezreal', 'Nidalee', 'Renekton', 'Tristana', 'Zac')",0,3,3
"('Draven', 'Gwen', 'Pantheon', 'Sylas', 'Xin Zhao')",0,3,3
"('Ashe', 'Brand', 'Camille', 'LeBlanc', 'Varus')",0,3,3
"('Lillia', 'Lucian', 'Nami', 'Skarner', 'Tristana')",3,0,3
"('Kalista', 'Lee Sin', 'Orianna', 'Rakan', 'Twisted Fate')",0,3,3
"('Graves', 'Kalista', 'Nautilus', 'Skarner', 'Yone')",3,0,3
"('Diana', 'Jhin', ""K'Sante"", 'Rengar', 'Senna')",3,0,3
"('Ashe', 'Nidalee', 'Skarner', 'Taric', 'Tristana')",3,0,3
"('Irelia', 'LeBlanc', 'Rakan', 'Rengar', 'Zeri')",0,3,3
"(""Bel'Veth"", 'Blitzcrank', 'Rengar', 'Taliyah', 'Varus')",0,3,3
"('Ashe', 'Azir', 'Jayce', 'Rengar', 'Taric')",3,0,3
"('Galio', 'Kalista', 'Pyke', 'Skarner', 'Viego')",0,3,3
"('Blitzcrank', 'Camille', 'Jhin', 'Nidalee', 'Twisted Fate')",0,3,3
"('Lucian', 'Milio', 'Ornn', 'Taliyah', 'Tristana')",0,3,3
"('Hwei', ""Kai'Sa"", 'Nautilus', 'Olaf', ""Rek'Sai"")",3,0,3
"('Darius', ""Kai'Sa"", 'Karthus', 'Orianna', 'Rell')",3,0,3
"('Camille', 'Jayce', 'Lillia', 'Miss Fortune', 'Yone')",0,3,3
"('Ashe', 'Braum', 'Irelia', 'Kindred', 'Syndra')",3,0,3
"('Lucian', 'Nami', 'Nidalee', 'Nunu & Willump', 'Wukong')",3,0,3
"('Camille', 'Corki', 'Lee Sin', 'Leona', 'Nunu & Willump')",3,0,3
"('Hwei', 'Lee Sin', 'Rumble', 'Urgot', 'Varus')",0,3,3
"('Corki', 'Nautilus', 'Neeko', 'Sett', 'Viego')",3,0,3
"('Alistar', 'Hecarim', ""Kai'Sa"", 'Kennen', 'Tristana')",0,3,3
"('Graves', 'Rakan', 'Swain', 'Twisted Fate', 'Yone')",3,0,3
"('Blitzcrank', 'Hwei', ""Kai'Sa"", 'Kindred', 'Skarner')",0,3,3
"('Camille', 'Karthus', 'Taric', 'Tristana', 'Twisted Fate')",0,3,3
"('Ashe', 'Aurelion Sol', 'Hecarim', 'Milio', 'Tahm Kench')",3,0,3
"('Akshan', 'Jinx', 'Lillia', 'Skarner', 'Thresh')",2,1,3
"('Brand', 'Lulu', 'Shen', 'Varus', 'Xin Zhao')",0,3,3
"('LeBlanc', 'Shen', 'Viego', 'Zeri', 'Zyra')",0,3,3
"('Ekko', 'Hecarim', 'Maokai', 'Shen', 'Zeri')",0,3,3
"('Karthus', 'Skarner', 'Thresh', 'Tristana', 'Varus')",3,0,3
"('Aphelios', 'Cassiopeia', 'Jayce', 'Kindred', 'Rell')",3,0,3
"('Heimerdinger', 'Rell', 'Udyr', 'Vayne', 'Yasuo')",0,3,3
"('Camille', 'Senna', 'Seraphine', 'Taliyah', 'Yone')",0,3,3
"('Fizz', 'Graves', 'Hecarim', 'Nautilus', 'Nilah')",0,3,3
"('Ashe', 'Corki', 'Fiora', 'Nidalee', 'Tahm Kench')",3,0,3
"('Fiora', 'Gragas', ""Kai'Sa"", 'Taliyah', 'Twisted Fate')",3,0,3
"('Corki', 'LeBlanc', 'Lee Sin', 'Poppy', 'Rell')",0,3,3
"('Poppy', 'Rakan', 'Taliyah', 'Tristana', 'Xayah')",3,0,3
"(""Bel'Veth"", 'Poppy', 'Xerath', 'Yasuo', 'Zeri')",3,0,3
"('Caitlyn', 'Camille', 'Jayce', 'Lux', 'Taliyah')",3,0,3
"('Ashe', 'Camille', 'Graves', 'Hwei', 'Kalista')",3,0,3
"('Aatrox', 'Nautilus', 'Nidalee', 'Orianna', 'Tristana')",0,3,3
"('Cassiopeia', 'Graves', 'Pantheon', 'Seraphine', 'Varus')",0,3,3
"('Aurelion Sol', 'Graves', 'Skarner', 'Tryndamere', 'Zeri')",3,0,3
"('Camille', ""Kai'Sa"", 'Lee Sin', 'Nautilus', 'Vex')",3,0,3
"('Jinx', 'Orianna', 'Rakan', 'Rumble', 'Vi')",0,3,3
"('Braum', 'Corki', 'Ornn', 'Taliyah', 'Zed')",0,3,3
"('Camille', 'Corki', 'Nidalee', 'Tryndamere', 'Varus')",3,0,3
"('Lillia', 'Nautilus', 'Qiyana', 'Skarner', 'Varus')",3,0,3
"('Aatrox', 'Caitlyn', 'Galio', 'Lux', 'Master Yi')",3,0,3
"('Corki', 'Qiyana', 'Rengar', 'Xerath', 'Zac')",0,3,3
"('Corki', 'Gragas', 'Lee Sin', 'Nautilus', 'Ziggs')",0,3,3
"('Jinx', 'Nasus', 'Nautilus', 'Taliyah', 'Viego')",0,3,3
"('Graves', 'Nautilus', 'Skarner', 'Varus', 'Vex')",0,3,3
"('Alistar', 'Ashe', 'Corki', 'Graves', 'Rumble')",0,3,3
"('Akali', 'Alistar', 'Graves', ""K'Sante"", ""Kai'Sa"")",0,3,3
"('Ezreal', 'Galio', 'Gwen', 'Hwei', ""Kha'Zix"")",0,3,3
"('Rell', 'Rumble', 'Taliyah', 'Tristana', 'Yone')",3,0,3
"('LeBlanc', 'Lux', 'Nidalee', 'Tristana', 'Twisted Fate')",0,3,3
"('Aphelios', 'Dr. Mundo', 'Kindred', 'Nunu & Willump', 'Thresh')",0,3,3
"('Ashe', 'Caitlyn', 'Kindred', 'LeBlanc', 'Poppy')",3,0,3
"('Jayce', 'Nidalee', 'Rell', 'Twisted Fate', 'Zeri')",3,0,3
"('Alistar', 'Gnar', ""Kai'Sa"", 'Kindred', 'Orianna')",3,0,3
"('Brand', ""K'Sante"", 'Neeko', 'Tryndamere', 'Varus')",3,0,3
"('Blitzcrank', 'Draven', 'Karthus', 'Nocturne', 'Tristana')",3,0,3
"('Jayce', 'Orianna', 'Pantheon', 'Sona', 'Zeri')",3,0,3
"('Gragas', 'Kalista', 'Renata Glasc', 'Sett', 'Viego')",3,0,3
"('Aatrox', 'Hwei', ""Kai'Sa"", 'Renata Glasc', 'Viego')",3,0,3
"('Aatrox', 'Hecarim', 'Hwei', ""Kai'Sa"", 'Lux')",0,3,3
"('Gragas', 'Jhin', 'LeBlanc', 'Leona', 'Pantheon')",3,0,3
"('Aurelion Sol', ""K'Sante"", 'Pantheon', 'Samira', 'Skarner')",0,3,3
"('Camille', 'Hwei', 'Orianna', 'Sivir', 'Viego')",3,0,3
"('Hwei', 'Illaoi', 'Sona', 'Xin Zhao', 'Zeri')",0,3,3
"(""Bel'Veth"", 'Corki', 'Soraka', 'Yasuo', 'Zilean')",0,3,3
"('Ashe', 'Katarina', 'Sejuani', 'Skarner', 'Sona')",3,0,3
"('LeBlanc', 'Pantheon', 'Senna', 'Sett', 'Twisted Fate')",0,3,3
"('Darius', 'Jinx', 'Lillia', 'Nautilus', 'Viego')",3,0,3
"('Camille', 'Graves', 'Hwei', ""Kog'Maw"", 'Nautilus')",0,3,3
"('Bard', 'Gnar', 'Kennen', ""Kha'Zix"", 'Zeri')",0,3,3
"(""Kai'Sa"", 'Kennen', 'Nautilus', ""Rek'Sai"", 'Talon')",2,1,3
"('Ashe', 'Mordekaiser', 'Nidalee', 'Poppy', 'Qiyana')",3,0,3
"('Corki', 'Gnar', 'Hwei', 'Viego', 'Zac')",0,3,3
"('Qiyana', 'Rell', 'Rengar', 'Sett', 'Varus')",3,0,3
"('Camille', 'Cassiopeia', 'Katarina', 'Nautilus', 'Viego')",0,3,3
"('Gragas', ""K'Sante"", ""Kai'Sa"", 'Kindred', 'Varus')",3,0,3
"('Nautilus', 'Skarner', 'Taliyah', 'Talon', 'Varus')",3,0,3
"('Cassiopeia', 'Kindred', 'Nautilus', 'Rumble', 'Talon')",0,3,3
"('Fizz', 'Illaoi', 'Kalista', 'Pantheon', 'Poppy')",0,3,3
"('Aurelion Sol', 'Blitzcrank', ""K'Sante"", ""Kha'Zix"", 'Varus')",0,3,3
"('Ashe', ""Bel'Veth"", 'Hwei', 'Seraphine', 'Twisted Fate')",0,3,3
"('Ashe', 'Nautilus', 'Rumble', 'Talon', 'Viego')",0,3,3
"('Galio', 'Janna', 'Nidalee', 'Qiyana', 'Zeri')",3,0,3
"('Ashe', 'Bard', 'Qiyana', 'Rumble', 'Viego')",0,3,3
"(""Bel'Veth"", 'Caitlyn', 'Pantheon', 'Ryze', 'Skarner')",0,3,3
"('Jax', 'Jinx', 'Lillia', 'Nautilus', 'Qiyana')",3,0,3
"('Ashe', 'Kindred', 'Qiyana', 'Rakan', 'Rumble')",3,0,3
"('Ashe', 'Corki', 'Skarner', 'Twisted Fate', 'Viego')",1,2,3
"('Alistar', 'Ashe', 'Kled', 'Taliyah', 'Tristana')",0,3,3
"('Alistar', 'Jinx', ""Kha'Zix"", 'LeBlanc', 'Skarner')",3,0,3
"('Ashe', 'Braum', 'Kayle', 'LeBlanc', 'Viego')",3,0,3
"(""Bel'Veth"", 'Blitzcrank', 'Jhin', 'Taliyah', 'Tryndamere')",3,0,3
"('Gwen', 'Karma', 'Kindred', 'Swain', 'Yasuo')",3,0,3
"('Heimerdinger', 'LeBlanc', 'Nautilus', 'Tryndamere', 'Xin Zhao')",3,0,3
"('Aatrox', ""K'Sante"", 'Miss Fortune', 'Nunu & Willump', 'Rakan')",3,0,3
"('Draven', 'Jayce', 'Nunu & Willump', 'Pantheon', 'Thresh')",0,3,3
"('Cassiopeia', 'Leona', 'Rengar', 'Wukong', 'Zoe')",0,3,3
"('Corki', 'Rell', 'Skarner', 'Sylas', 'Twisted Fate')",0,3,3
"('Jax', 'Jinx', 'Nidalee', 'Qiyana', 'Rakan')",3,0,3
"('Ashe', 'Orianna', 'Skarner', 'Taric', 'Viego')",0,3,3
"('Alistar', ""Kai'Sa"", 'Qiyana', 'Rumble', 'Shaco')",0,3,3
"('Aatrox', 'Fizz', 'Jinx', 'Lillia', 'Thresh')",0,3,3
"('Alistar', 'Corki', 'Lee Sin', 'Skarner', 'Twisted Fate')",3,0,3
"('Ashe', 'Aurelion Sol', 'Camille', 'Hwei', 'Pantheon')",3,0,3
"('Ahri', 'Ezreal', 'Gragas', 'Janna', 'Viego')",3,0,3
"('Alistar', 'Skarner', 'Tryndamere', 'Varus', 'Zac')",3,0,3
"('LeBlanc', 'Nautilus', 'Nilah', ""Rek'Sai"", 'Udyr')",0,3,3
"('Ahri', 'Ashe', 'Camille', 'Lillia', 'Thresh')",3,0,3
"('Illaoi', 'Jayce', ""Kai'Sa"", 'Lillia', 'Pyke')",3,0,3
"('Corki', 'Fiora', 'Graves', 'Lux', 'Swain')",3,0,3
"('Aurelion Sol', 'Bard', 'Kindred', 'Tryndamere', 'Zeri')",3,0,3
"('Aphelios', 'Aurelion Sol', 'Kindred', 'Renekton', 'Rumble')",3,0,3
"('Corki', 'Gragas', ""K'Sante"", 'Rengar', 'Syndra')",0,3,3
"('Corki', 'Gragas', 'Hwei', 'Lee Sin', 'Skarner')",3,0,3
"('Ashe', 'Gragas', 'Karthus', 'Rell', 'Tristana')",3,0,3
"('Nidalee', 'Rell', 'Samira', 'Varus', 'Volibear')",3,0,3
"('Elise', ""Kai'Sa"", 'Karthus', 'Sett', 'Yone')",3,0,3
"('Akali', ""Kai'Sa"", 'Nidalee', 'Pantheon', 'Pyke')",0,3,3
"(""Kai'Sa"", 'Rell', 'Rumble', 'Viego', 'Yone')",0,3,3
"('Blitzcrank', 'Gragas', ""Kai'Sa"", 'Nidalee', 'Qiyana')",0,3,3
"('Hwei', 'Jinx', 'Master Yi', 'Shen', 'Thresh')",3,0,3
"('Akali', 'Ashe', 'Draven', 'Gragas', 'Lee Sin')",3,0,3
"(""Kai'Sa"", 'Karthus', 'Leona', 'Skarner', 'Tristana')",0,3,3
"('Janna', 'Jayce', 'Nasus', 'Nidalee', 'Zeri')",0,3,3
"('Caitlyn', 'Gragas', 'Lux', 'Taliyah', 'Tristana')",3,0,3
"('Corki', ""Kai'Sa"", 'Ornn', 'Rell', 'Zac')",0,3,3
"(""Kai'Sa"", 'Nautilus', 'Varus', 'Viego', 'Zac')",3,0,3
"('Kalista', 'Master Yi', 'Rell', 'Rumble', 'Viego')",0,3,3
"('Ashe', 'Fiora', 'Nocturne', 'Taric', 'Zac')",3,0,3
"('Camille', 'Corki', 'Fiddlesticks', 'LeBlanc', 'Lucian')",0,3,3
"('Jayce', 'Jhin', 'Karthus', 'Rell', 'Tryndamere')",3,0,3
"('Elise', 'Gnar', 'Nidalee', 'Varus', 'Yone')",0,3,3
"('Kalista', 'Lillia', 'Poppy', 'Twisted Fate', 'Yasuo')",3,0,3
"('Jinx', 'Kennen', 'Nidalee', 'Poppy', 'Tristana')",3,0,3
"('Ashe', 'Elise', 'Lillia', 'Skarner', 'Tristana')",3,0,3
"('Ashe', 'Aurelion Sol', 'Braum', 'Graves', 'Illaoi')",3,0,3
"('Ezreal', 'Kennen', 'Rakan', ""Rek'Sai"", 'Tristana')",3,0,3
"('Ezreal', 'Fiddlesticks', 'Rumble', 'Tristana', 'Varus')",3,0,3
"('Corki', 'Jayce', 'Rakan', 'Rumble', 'Viego')",3,0,3
"('Ashe', 'Hwei', 'Master Yi', 'Nautilus', 'Urgot')",3,0,3
"('Camille', 'Ivern', 'Jinx', 'Katarina', 'Thresh')",3,0,3
"('Bard', 'Caitlyn', 'Jayce', 'Nidalee', 'Urgot')",0,3,3
"('Aatrox', 'Ashe', 'Gwen', 'Nautilus', 'Tristana')",0,3,3
"('Ahri', 'Jax', ""Rek'Sai"", 'Skarner', 'Zeri')",3,0,3
"('Anivia', 'Darius', ""Kai'Sa"", 'Pyke', 'Viego')",3,0,3
"('Galio', 'Graves', 'Jax', ""Kog'Maw"", 'Thresh')",3,0,3
"(""Bel'Veth"", 'Hwei', 'Illaoi', 'Neeko', 'Smolder')",3,0,3
"(""Bel'Veth"", 'Garen', 'Rakan', 'Samira', 'Zac')",3,0,3
"('Aphelios', 'Dr. Mundo', 'Graves', 'Rumble', 'Twisted Fate')",3,0,3
"('Katarina', 'Lee Sin', 'Lucian', 'Nami', 'Renekton')",0,3,3
"('Gwen', 'Leona', 'Nidalee', 'Yone', 'Zeri')",3,0,3
"('Camille', 'Kindred', 'Kled', 'Nunu & Willump', 'Zeri')",0,3,3
"('Camille', 'Jayce', ""Kai'Sa"", 'Lillia', 'Rell')",0,3,3
"('Fiddlesticks', 'Jax', 'Rakan', 'Smolder', 'Tristana')",0,3,3
"('Aatrox', 'Jinx', 'Nautilus', 'Orianna', 'Zac')",0,3,3
"('Corki', 'Fiddlesticks', 'Jhin', 'Nidalee', 'Ornn')",0,3,3
"('Ahri', 'Blitzcrank', ""Kai'Sa"", 'Ornn', 'Viego')",0,3,3
"('Akshan', ""Kai'Sa"", 'Rell', 'Skarner', 'Taliyah')",0,3,3
"('Akshan', 'Graves', 'Rakan', 'Skarner', 'Ziggs')",3,0,3
"('Blitzcrank', 'Jhin', 'Kindred', 'Renekton', 'Syndra')",0,3,3
"('Jayce', 'Jinx', 'Lulu', 'Rengar', 'Zac')",3,0,3
"('Ashe', 'Braum', 'Diana', 'Vladimir', 'Yasuo')",3,0,3
"('Fiddlesticks', 'Fiora', ""Kai'Sa"", 'Tristana', 'Xin Zhao')",0,3,3
"('Graves', 'Jax', ""Kai'Sa"", 'Nautilus', 'Syndra')",0,3,3
"('Ashe', 'Azir', 'Graves', 'Rakan', 'Twisted Fate')",3,0,3
"('Jinx', 'Morgana', 'Skarner', 'Taliyah', 'Yone')",3,0,3
"('Hwei', 'Master Yi', 'Rakan', 'Skarner', 'Varus')",3,0,3
"(""Bel'Veth"", 'Draven', 'Gragas', 'Jax', 'Nautilus')",0,3,3
"('Diana', 'Nilah', 'Pantheon', 'Rakan', 'Xin Zhao')",0,3,3
"('Corki', 'Katarina', 'Lillia', 'Nautilus', 'Skarner')",0,3,3
"('Hecarim', ""Kai'Sa"", 'Katarina', 'Nautilus', 'Tryndamere')",0,3,3
"('Hecarim', 'Jax', ""Kai'Sa"", 'Katarina', 'Thresh')",0,3,3
"('Akali', ""Cho'Gath"", ""Kha'Zix"", 'Senna', 'Twisted Fate')",0,3,3
"('Fiora', 'LeBlanc', 'Leona', 'Shyvana', 'Zeri')",3,0,3
"('Corki', ""Kai'Sa"", 'Nasus', 'Poppy', 'Shyvana')",0,3,3
"('Corki', 'Kennen', 'Seraphine', 'Shyvana', 'Twisted Fate')",3,0,3
"('Ashe', 'Singed', 'Smolder', 'Viego', 'Zyra')",3,0,3
"('Lee Sin', 'Nautilus', 'Skarner', 'Twisted Fate', 'Varus')",0,3,3
"('Blitzcrank', 'Gwen', 'Hwei', ""Kai'Sa"", 'Taliyah')",3,0,3
"('Camille', 'Gragas', 'Irelia', ""Kai'Sa"", 'Master Yi')",0,3,3
"('Akali', 'Hecarim', 'Jinx', 'Maokai', 'Thresh')",3,0,3
"('Akshan', 'Ashe', 'Irelia', 'Lillia', 'Varus')",0,3,3
"('Alistar', 'Hecarim', 'Kennen', 'LeBlanc', 'Zeri')",3,0,3
"(""Bel'Veth"", 'Camille', ""Kai'Sa"", 'Nautilus', 'Twisted Fate')",0,3,3
"('Aurelion Sol', 'Camille', 'Gragas', 'Jhin', 'Lee Sin')",0,3,3
"('Draven', 'Poppy', 'Renekton', 'Taliyah', 'Tristana')",0,3,3
"('Ahri', 'Graves', 'Jax', ""Kai'Sa"", 'Maokai')",3,0,3
"('Aphelios', 'Kennen', 'Nidalee', 'Thresh', 'Zoe')",0,3,3
"('Caitlyn', 'Cassiopeia', 'Janna', 'LeBlanc', 'Lee Sin')",0,3,3
"('Blitzcrank', 'Jhin', 'Nidalee', 'Skarner', 'Tristana')",3,0,3
"(""Kai'Sa"", 'Nautilus', 'Nidalee', 'Renekton', 'Tristana')",0,3,3
"('Ashe', 'Camille', 'Hwei', 'Kindred', 'Pyke')",3,0,3
"('Annie', 'Jinx', 'Kennen', 'Master Yi', 'Thresh')",3,0,3
"('Ezreal', 'Master Yi', 'Senna', 'Skarner', 'Zac')",3,0,3
"('Alistar', 'Kalista', 'LeBlanc', 'Shyvana', 'Vayne')",3,0,3
"('Gragas', 'Karma', 'Katarina', ""Kha'Zix"", 'Nilah')",3,0,3
"('Hecarim', 'Jayce', ""Kai'Sa"", 'Katarina', 'Nautilus')",0,3,3
"('Jinx', 'Nautilus', 'Rengar', 'Rumble', 'Syndra')",0,3,3
"('Galio', 'Lillia', 'Master Yi', 'Nilah', 'Rakan')",0,3,3
"('Caitlyn', ""K'Sante"", 'Lillia', 'Lux', 'Yone')",0,3,3
"('Diana', 'Galio', 'Kled', 'Sivir', 'Tristana')",3,0,3
"('Ashe', 'Irelia', 'Kled', 'Nautilus', 'Sejuani')",3,0,3
"('Ashe', ""Bel'Veth"", 'Blitzcrank', 'Katarina', 'Kled')",3,0,3
"('Hwei', 'Kindred', 'Kled', 'Nilah', 'Taric')",3,0,3
"('Ashe', 'Braum', 'Corki', 'Elise', 'Kled')",3,0,3
"(""Kai'Sa"", 'Kindred', 'Kled', 'Taliyah', 'Thresh')",3,0,3
"('Camille', 'Fiddlesticks', 'Nidalee', 'Renekton', 'Zeri')",3,0,3
"('Gragas', 'Graves', 'Thresh', 'Twisted Fate', 'Varus')",3,0,3
"('Gragas', 'Rakan', 'Tristana', 'Varus', 'Viego')",3,0,3
"('Corki', 'Ezreal', 'Gnar', 'Nidalee', 'Rell')",3,0,3
"('Jax', ""Kha'Zix"", 'Nautilus', 'Twisted Fate', 'Varus')",0,3,3
"('Hwei', 'Jax', 'Jinx', 'Nautilus', 'Zac')",0,3,3
"(""K'Sante"", 'Nidalee', 'Shen', 'Taric', 'Zeri')",3,0,3
"('Gragas', 'Seraphine', 'Sylas', 'Tristana', 'Varus')",0,3,3
"('Camille', 'Galio', 'Jinx', 'Nautilus', 'Nidalee')",0,3,3
"('Camille', 'Corki', 'Ivern', 'Singed', 'Zeri')",3,0,3
"('Draven', 'Lillia', 'Nautilus', 'Rumble', 'Yone')",0,3,3
"('Renata Glasc', 'Renekton', 'Rumble', 'Twisted Fate', 'Viego')",0,3,3
"('Corki', 'Jayce', 'Rell', 'Taliyah', 'Varus')",0,3,3
"('Galio', 'Graves', 'Kennen', 'Nautilus', 'Zeri')",3,0,3
"('Alistar', 'Kindred', 'Pantheon', 'Rumble', 'Zeri')",0,3,3
"('Corki', 'Gragas', 'Jinx', 'Nautilus', 'Taliyah')",0,3,3
"('Ashe', 'Gnar', 'LeBlanc', 'Lee Sin', 'Seraphine')",3,0,3
"('Caitlyn', 'Graves', 'Kennen', 'Morgana', 'Yasuo')",3,0,3
"('Aatrox', 'Corki', 'Ezreal', 'Nidalee', 'Rumble')",0,3,3
"('Ashe', 'Lee Sin', 'Seraphine', 'Syndra', 'Twisted Fate')",3,0,3
"('Ashe', 'Corki', 'Lillia', 'Nautilus', 'Volibear')",0,3,3
"(""Bel'Veth"", 'Draven', 'Nautilus', 'Neeko', 'Renekton')",3,0,3
"('Corki', ""K'Sante"", 'Kindred', 'Neeko', 'Swain')",3,0,3
"('Nautilus', 'Taliyah', 'Tristana', 'Vayne', 'Zeri')",3,0,3
"('LeBlanc', 'Lee Sin', 'Lucian', 'Nami', 'Tryndamere')",2,1,3
"('Camille', 'Lee Sin', 'Pyke', 'Sylas', 'Twitch')",3,0,3
"('Rakan', 'Twisted Fate', 'Twitch', 'Viego', 'Viktor')",3,0,3
"('Ahri', ""Bel'Veth"", 'Rakan', 'Sylas', 'Twitch')",3,0,3
"('Aphelios', 'Taliyah', 'Thresh', 'Viego', 'Wukong')",3,0,3
"('Ashe', 'Gragas', 'Lillia', 'Rell', 'Zed')",0,3,3
"('Akshan', 'Ashe', 'Camille', 'Rakan', 'Taliyah')",0,3,3
"('Azir', 'Graves', 'Jinx', 'Sion', 'Thresh')",0,3,3
"('Kennen', ""Rek'Sai"", 'Thresh', 'Twisted Fate', 'Zeri')",3,0,3
"('Aatrox', 'Ashe', 'Jax', 'Taliyah', 'Tristana')",0,3,3
"('Aphelios', 'Graves', 'Nami', 'Pantheon', 'Rumble')",0,3,3
"('Gragas', 'Jinx', 'Lillia', 'Thresh', 'Tryndamere')",3,0,3
"('Aphelios', 'Cassiopeia', 'Graves', 'Jayce', 'Nautilus')",0,3,3
"('Graves', 'Jinx', ""K'Sante"", 'Orianna', 'Rell')",0,3,3
"('Ashe', 'Lee Sin', 'Ryze', 'Seraphine', 'Twisted Fate')",0,3,3
"('Ahri', 'Ashe', ""K'Sante"", 'Kindred', 'Senna')",3,0,3
"('Draven', 'Nautilus', 'Rumble', 'Skarner', 'Tristana')",3,0,3
"('Lillia', 'Nautilus', 'Skarner', 'Twisted Fate', 'Yone')",0,3,3
"('Illaoi', 'Kindred', 'Thresh', 'Tristana', 'Twisted Fate')",0,3,3
"('Katarina', 'Ornn', 'Seraphine', 'Twisted Fate', 'Viego')",0,3,3
"('Bard', 'Jhin', 'Kindred', 'Orianna', 'Rumble')",3,0,3
"('Corki', 'Maokai', 'Olaf', 'Senna', 'Zeri')",0,3,3
"('Hwei', 'Kled', 'Leona', 'Nilah', 'Viego')",0,3,3
"('Nidalee', 'Pantheon', 'Skarner', 'Tristana', 'Twisted Fate')",3,0,3
"('Jayce', 'Jhin', 'Nasus', 'Neeko', 'Nidalee')",3,0,3
"('Cassiopeia', 'Jhin', 'Rakan', 'Xin Zhao', 'Yasuo')",3,0,3
"('Fiora', 'Gragas', ""Kai'Sa"", 'Karthus', 'Rell')",3,0,3
"('Ahri', 'Braum', 'Ezreal', 'Lee Sin', 'Warwick')",0,3,3
"('Akshan', ""K'Sante"", 'Karthus', 'Nautilus', 'Sivir')",3,0,3
"('Graves', 'Jhin', 'Lux', 'Singed', 'Skarner')",3,0,3
"('Aphelios', ""K'Sante"", 'LeBlanc', 'Nidalee', 'Rengar')",0,3,3
"('Akshan', 'Lillia', 'Tryndamere', 'Yuumi', 'Zeri')",3,0,3
"('Galio', 'Jax', ""Kai'Sa"", 'Rakan', 'Viego')",0,3,3
"('Blitzcrank', 'Jax', ""K'Sante"", ""Kai'Sa"", 'Katarina')",0,3,3
"('Corki', 'Diana', 'Jinx', 'Lulu', 'Nasus')",0,3,3
"(""K'Sante"", ""Kog'Maw"", 'LeBlanc', 'Lulu', 'Nidalee')",3,0,3
"('Cassiopeia', 'Lee Sin', 'Nilah', 'Rakan', 'Tristana')",0,3,3
"(""Rek'Sai"", 'Taric', 'Viktor', 'Yasuo', 'Zeri')",3,0,3
"('Ezreal', 'Kennen', 'Taliyah', 'Taric', 'Zed')",3,0,3
"('Ezreal', 'Gragas', 'Karma', 'Taric', 'Viego')",0,3,3
"('Ezreal', 'Gnar', 'Lissandra', 'Skarner', 'Viego')",3,0,3
"('Camille', 'Galio', 'Jhin', 'Karma', 'Kindred')",0,3,3
"('Ashe', 'Corki', 'Kennen', 'Taliyah', 'Tristana')",3,0,3
"('Garen', 'Gwen', 'Jayce', 'Rakan', 'Zeri')",0,3,3
"('Alistar', 'Cassiopeia', 'Graves', 'LeBlanc', 'Twisted Fate')",3,0,3
"('Corki', 'Fiddlesticks', 'Rakan', 'Shen', 'Zeri')",0,3,3
"('Cassiopeia', 'Rakan', ""Rek'Sai"", 'Skarner', 'Zeri')",0,3,3
"('Irelia', 'Kalista', 'Lux', 'Nautilus', 'Viego')",3,0,3
"('Fiddlesticks', 'Irelia', 'Poppy', 'Smolder', 'Zac')",0,3,3
"('Alistar', 'Illaoi', ""Kai'Sa"", 'Nidalee', 'Veigar')",0,3,3
"('Corki', 'Fiddlesticks', 'Lillia', 'Nasus', 'Smolder')",3,0,3
"('Ashe', 'Aurelion Sol', 'Braum', 'Lee Sin', 'Skarner')",1,2,3
"('Ashe', 'Blitzcrank', 'Jayce', 'Singed', 'Viego')",0,3,3
"('Graves', 'Hwei', ""K'Sante"", 'Seraphine', 'Varus')",3,0,3
"('Katarina', 'Lee Sin', 'Rakan', 'Riven', 'Zeri')",3,0,3
"(""Bel'Veth"", 'Braum', 'Jinx', 'LeBlanc', 'Skarner')",3,0,3
"('Ahri', ""Bel'Veth"", 'Rell', 'Tryndamere', 'Zeri')",0,3,3
"('Cassiopeia', 'Kalista', 'Lucian', 'Taliyah', 'Taric')",0,3,3
"('Jax', 'Lucian', 'Taric', 'Vi', 'Zoe')",0,3,3
"('Kindred', 'Nautilus', 'Taliyah', 'Tryndamere', 'Twisted Fate')",3,0,3
"('Irelia', 'Jax', ""Kai'Sa"", 'Skarner', 'Zyra')",0,3,3
"('Jax', 'Jhin', ""Kha'Zix"", 'LeBlanc', 'Rell')",0,3,3
"('Akshan', 'Graves', ""Kai'Sa"", 'Rakan', 'Tryndamere')",0,3,3
"('Janna', 'Sett', 'Twisted Fate', 'Viego', 'Zac')",3,0,3
"('Cassiopeia', ""Kai'Sa"", 'Nautilus', ""Rek'Sai"", 'Tryndamere')",0,3,3
"('Illaoi', 'Kayn', 'Rumble', 'Sylas', 'Varus')",0,3,3
"('Blitzcrank', 'Master Yi', 'Neeko', 'Ornn', 'Tristana')",3,0,3
"('Lillia', 'Miss Fortune', 'Nautilus', 'Skarner', 'Yone')",0,3,3
"('LeBlanc', 'Leona', 'Mordekaiser', 'Viego', 'Zeri')",3,0,3
"('Caitlyn', 'Katarina', 'Kennen', 'Lux', 'Viego')",3,0,3
"('Camille', ""Cho'Gath"", 'Karthus', 'Lucian', 'Seraphine')",3,0,3
"('Corki', 'Galio', 'Seraphine', 'Smolder', 'Viego')",3,0,3
"('Ashe', 'Hecarim', 'Hwei', 'Rell', 'Riven')",0,3,3
"(""Kai'Sa"", 'Kennen', 'Lillia', 'Rell', 'Tristana')",2,1,3
"('Aatrox', 'Blitzcrank', 'Cassiopeia', 'Graves', 'Lucian')",3,0,3
"('Kennen', ""Kog'Maw"", 'Lee Sin', 'Thresh', 'Vex')",3,0,3
"('Blitzcrank', 'Caitlyn', 'Fiddlesticks', 'Tristana', 'Twisted Fate')",3,0,3
"('Anivia', 'Ashe', 'Nautilus', 'Quinn', 'Viego')",3,0,3
"('Ashe', 'Braum', 'Illaoi', ""Rek'Sai"", 'Zac')",3,0,3
"('Rell', 'Riven', 'Sylas', 'Viego', 'Ziggs')",3,0,3
"('Ezreal', 'Fiddlesticks', 'Graves', 'Renekton', 'Syndra')",0,3,3
"('Jax', 'Jinx', 'Lee Sin', 'Lux', 'Nautilus')",3,0,3
"('Galio', 'Hecarim', 'Rakan', 'Renekton', 'Zeri')",3,0,3
"('Kalista', ""Kha'Zix"", 'Rakan', 'Twisted Fate', 'Zoe')",0,3,3
"(""Bel'Veth"", 'Galio', 'Morgana', 'Skarner', 'Zeri')",3,0,3
"('Corki', 'Nidalee', 'Poppy', 'Rakan', 'Xayah')",3,0,3
"('Blitzcrank', 'Fiora', ""Kai'Sa"", 'Lillia', 'Zac')",0,3,3
"('Camille', 'Galio', 'Jhin', 'Nautilus', 'Rengar')",3,0,3
"('Jinx', 'Kennen', 'Lillia', 'Rell', 'Tristana')",3,0,3
"('Akali', ""Kai'Sa"", 'Kennen', 'Pantheon', ""Rek'Sai"")",0,3,3
"('Maokai', 'Nidalee', 'Rumble', 'Tristana', 'Twisted Fate')",3,0,3
"('Hwei', 'Illaoi', ""Kai'Sa"", 'Lee Sin', 'Leona')",3,0,3
"('Aatrox', 'Lillia', 'Pyke', 'Twitch', 'Yone')",3,0,3
"('Akali', 'Seraphine', 'Sivir', 'Viego', 'Zac')",3,0,3
"('Gwen', 'Sivir', 'Viego', 'Yuumi', 'Zac')",0,3,3
"('Akshan', 'Cassiopeia', 'Hecarim', 'Jax', 'Pyke')",3,0,3
"('Fiora', 'Jinx', 'Lee Sin', 'Lissandra', 'Thresh')",3,0,3
"('Hecarim', 'Mordekaiser', 'Rakan', 'Tryndamere', 'Twitch')",3,0,3
"('Alistar', 'Heimerdinger', ""Kai'Sa"", 'Pantheon', 'Talon')",0,3,3
"('Blitzcrank', 'Corki', 'Karthus', 'Kennen', 'Varus')",3,0,3
"('Bard', 'Sivir', 'Skarner', 'Viego', 'Zoe')",3,0,3
"('Ashe', 'Fiora', 'Hwei', ""Kha'Zix"", 'Rakan')",3,0,3
"('Akali', 'Aurelion Sol', 'Jhin', 'Lee Sin', 'Rakan')",3,0,3
"('Jhin', 'Rakan', 'Skarner', 'Talon', 'Viego')",0,3,3
"('Akali', 'Alistar', 'Fiora', 'Lee Sin', 'Xayah')",3,0,3
"('Camille', 'Jinx', 'Lulu', 'Taliyah', 'Yasuo')",0,3,3
"('Akshan', 'Brand', 'Ezreal', 'Rakan', 'Renekton')",0,3,3
"('Camille', 'Ekko', 'Galio', 'Tryndamere', 'Varus')",3,0,3
"(""Rek'Sai"", 'Senna', 'Skarner', 'Varus', 'Yone')",3,0,3
"('Kalista', 'Nautilus', 'Orianna', 'Twisted Fate', 'Vi')",3,0,3
"('Ashe', 'Lillia', 'Pyke', 'Skarner', 'Tristana')",1,2,3
"('Ezreal', 'Lillia', 'Rell', 'Skarner', 'Tristana')",0,3,3
"('Azir', 'Rakan', 'Taliyah', 'Yasuo', 'Zeri')",0,3,3
"('Dr. Mundo', 'Hwei', 'Lillia', 'Lucian', 'Rell')",0,3,3
"('Hwei', 'Jhin', 'Nidalee', 'Rumble', 'Tristana')",3,0,3
"('Aphelios', ""K'Sante"", 'Kennen', 'Olaf', 'Thresh')",0,3,3
"('Aatrox', 'Ashe', 'Jhin', 'LeBlanc', 'Udyr')",0,3,3
"('Alistar', 'Ezreal', 'Skarner', 'Twisted Fate', 'Viego')",0,3,3
"('Akshan', 'Brand', 'Camille', 'Twisted Fate', 'Varus')",3,0,3
"('Jayce', 'Jinx', 'Lillia', 'Rell', 'Tristana')",3,0,3
"(""Kai'Sa"", 'LeBlanc', 'Nami', 'Shaco', 'Skarner')",3,0,3
"('Hwei', ""K'Sante"", 'Rakan', 'Samira', 'Viego')",0,3,3
"('Nidalee', 'Rakan', 'Skarner', 'Smolder', 'Zeri')",3,0,3
"('Aphelios', 'Maokai', 'Neeko', 'Twisted Fate', 'Yasuo')",3,0,3
"('Ashe', 'Hwei', 'Jax', 'Rakan', 'Rengar')",3,0,3
"('Kalista', 'Nasus', 'Swain', 'Taliyah', 'Tristana')",0,3,3
"('Ashe', 'Lulu', 'Master Yi', 'Rumble', 'Vex')",0,3,3
"('Akali', ""Kai'Sa"", 'Nautilus', 'Skarner', 'Vi')",0,3,3
"('Ezreal', 'Jayce', 'Qiyana', 'Taliyah', ""Vel'Koz"")",0,3,3
"('Heimerdinger', 'Miss Fortune', 'Rakan', 'Smolder', 'Taliyah')",0,3,3
"('Aatrox', 'Jinx', 'Lillia', 'Rell', 'Twisted Fate')",0,3,3
"('Corki', 'Fiora', 'Karthus', 'Rakan', 'Varus')",0,3,3
"('Jinx', 'Kennen', 'Master Yi', 'Rakan', 'Tristana')",3,0,3
"('Corki', ""K'Sante"", 'Nidalee', 'Rell', 'Tristana')",0,3,3
"('Aurelion Sol', 'Kindred', 'Miss Fortune', 'Skarner', 'Thresh')",3,0,3
"('Aurelion Sol', 'Camille', 'Corki', 'Nautilus', 'Nidalee')",3,0,3
"('Camille', 'Heimerdinger', ""K'Sante"", 'Nidalee', 'Tristana')",3,0,3
"('Ashe', 'Nunu & Willump', 'Pantheon', 'Varus', 'Vex')",3,0,3
"('Aphelios', 'Camille', 'Elise', 'Janna', 'Yasuo')",0,3,3
"('Bard', 'Jayce', 'Jhin', 'Qiyana', 'Viego')",0,3,3
"('Gragas', 'Renata Glasc', 'Varus', 'Viego', 'Yasuo')",3,0,3
"('Jax', 'Jinx', 'Taliyah', 'Thresh', 'Tristana')",3,0,3
"('Camille', 'Nautilus', 'Nunu & Willump', 'Tristana', 'Zeri')",1,2,3
"('Alistar', 'Nidalee', 'Pantheon', 'Smolder', 'Yone')",0,3,3
"('Ahri', 'Graves', 'Skarner', 'Sona', 'Zeri')",0,3,3
"('Ashe', 'Hwei', ""Kai'Sa"", 'Lee Sin', 'Sion')",3,0,3
"(""Kai'Sa"", 'Lissandra', 'Rakan', 'Tryndamere', 'Viego')",3,0,3
"(""Kai'Sa"", 'Lillia', 'Pyke', 'Qiyana', 'Rumble')",0,3,3
"('Azir', 'Kalista', 'Rell', 'Rumble', 'Viego')",3,0,3
"('Corki', 'Galio', 'Jayce', 'Karthus', 'Urgot')",3,0,3
"('Azir', 'Poppy', 'Rakan', 'Renekton', ""Vel'Koz"")",0,3,3
"('Aphelios', 'Graves', 'Hwei', 'Jax', 'Seraphine')",0,3,3
"('Aatrox', 'Akshan', 'Nautilus', 'Nidalee', 'Samira')",0,3,3
"('Aatrox', 'Akshan', 'Kalista', 'Nautilus', 'Nunu & Willump')",3,0,3
"('Blitzcrank', 'Corki', 'Skarner', 'Taliyah', 'Viego')",0,3,3
"('Ashe', 'Kennen', 'Pyke', 'Sivir', 'Taliyah')",0,3,3
"('Akali', 'Blitzcrank', 'Graves', ""Kai'Sa"", 'Skarner')",3,0,3
"('Hwei', 'Nautilus', 'Samira', 'Tryndamere', 'Viego')",0,3,3
"('Annie', 'Ezreal', 'Mordekaiser', 'Rakan', 'Rengar')",0,3,3
"('Annie', 'Ashe', 'Karma', 'Malphite', 'Viego')",3,0,3
"('Annie', 'Ashe', 'Darius', 'Nidalee', 'Poppy')",3,0,3
"('Annie', ""Rek'Sai"", 'Sivir', 'Taliyah', 'Tryndamere')",3,0,3
"('Heimerdinger', 'Jinx', 'Kennen', 'Neeko', 'Viego')",0,3,3
"('Camille', ""Kai'Sa"", 'Renekton', 'Syndra', 'Talon')",3,0,3
"('Cassiopeia', ""Kai'Sa"", 'Rakan', 'Taliyah', 'Vi')",3,0,3
"('Ashe', 'Braum', 'Hwei', 'Jax', ""Rek'Sai"")",3,0,3
"('Aatrox', 'Hwei', 'Jax', 'Rakan', 'Zeri')",3,0,3
"('Dr. Mundo', 'Qiyana', 'Rakan', ""Rek'Sai"", 'Varus')",3,0,3
"('Darius', 'Jinx', 'Lissandra', ""Rek'Sai"", 'Rell')",0,3,3
"('Heimerdinger', 'Jhin', 'LeBlanc', ""Rek'Sai"", 'Renekton')",3,0,3
"('Jax', 'Rakan', ""Rek'Sai"", 'Sylas', 'Varus')",3,0,3
"(""K'Sante"", 'Nidalee', 'Pyke', 'Varus', 'Yone')",0,3,3
"('Aphelios', 'Blitzcrank', 'Hecarim', 'Jax', 'LeBlanc')",3,0,3
"('Hwei', 'Jayce', 'Jhin', 'Karma', ""Kha'Zix"")",3,0,3
"('Gwen', ""Kai'Sa"", 'Master Yi', 'Pyke', 'Talon')",0,3,3
"('Akshan', 'Kalista', 'Kennen', 'Rengar', 'Thresh')",3,0,3
"('Jhin', 'Kindred', 'Maokai', 'Rumble', 'Tristana')",0,3,3
"('Galio', 'Graves', 'Rakan', 'Rumble', 'Zeri')",0,3,3
"('Caitlyn', 'Camille', 'Lillia', 'Rumble', 'Tristana')",3,0,3
"('Caitlyn', 'Hwei', 'Rengar', 'Taric', 'Zed')",0,3,3
"('Nidalee', 'Senna', 'Skarner', 'Tristana', 'Twisted Fate')",3,0,3
"('Anivia', 'Bard', 'Ezreal', ""Rek'Sai"", 'Twisted Fate')",3,0,3
"('Jayce', 'LeBlanc', 'Senna', 'Swain', 'Viego')",0,3,3
"('Camille', 'Lucian', 'Rell', ""Vel'Koz"", 'Vi')",3,0,3
"('Blitzcrank', 'Gnar', 'Graves', 'Syndra', 'Varus')",3,0,3
"('Ashe', 'Graves', 'Kennen', 'Rell', 'Vayne')",0,3,3
"('Camille', 'Gnar', ""Kai'Sa"", ""Rek'Sai"", 'Taliyah')",0,3,3
"('Braum', 'Jayce', 'Lee Sin', ""Vel'Koz"", 'Zeri')",3,0,3
"('Annie', 'Camille', 'Hecarim', 'Kalista', 'Rumble')",0,3,3
"('Jinx', 'Lee Sin', 'Mordekaiser', 'Neeko', 'Thresh')",3,0,3
"(""Bel'Veth"", 'Irelia', ""Kai'Sa"", 'Kennen', 'Pyke')",0,3,3
"('Jax', 'Kindred', 'Lissandra', 'Lucian', 'Rell')",0,3,3
"('Annie', 'Camille', 'Draven', 'Kennen', 'Kindred')",3,0,3
"('Hwei', 'Jhin', 'Rell', 'Twisted Fate', 'Viego')",3,0,3
"('Camille', 'Jhin', 'Rengar', 'Shaco', 'Syndra')",3,0,3
"('Corki', 'Pantheon', 'Poppy', 'Shaco', 'Zed')",3,0,3
"('Gnar', ""Kai'Sa"", 'Nidalee', 'Rell', 'Tristana')",0,3,3
"('Alistar', ""K'Sante"", 'Skarner', 'Taliyah', 'Xayah')",0,3,3
"('Caitlyn', 'Camille', 'Katarina', 'Viego', 'Zyra')",0,3,3
"('Galio', 'LeBlanc', 'Lee Sin', 'Leona', 'Tristana')",0,3,3
"('Ashe', 'Lulu', 'Nidalee', 'Twisted Fate', 'Zoe')",3,0,3
"('Corki', 'LeBlanc', 'Lee Sin', 'Nautilus', 'Warwick')",3,0,3
"('Akali', 'Hwei', ""Kha'Zix"", 'Pyke', 'Varus')",3,0,3
"('Aatrox', 'Camille', 'Jayce', 'Lucian', 'Taliyah')",3,0,3
"('Ahri', 'Hecarim', ""Kai'Sa"", 'Nasus', 'Nautilus')",1,2,3
"('Ashe', ""Kai'Sa"", 'Karthus', 'Katarina', 'Renekton')",0,3,3
"('Corki', 'Hwei', 'Kindred', 'Milio', 'Rumble')",0,3,3
"('Caitlyn', 'Jayce', 'Lux', 'Nunu & Willump', 'Vladimir')",0,3,3
"('Aatrox', 'Hwei', ""Kai'Sa"", ""Kha'Zix"", 'Nautilus')",3,0,3
"('Blitzcrank', 'Camille', 'Hwei', 'Jhin', 'Kindred')",3,0,3
"('Alistar', 'Aurelion Sol', ""Kai'Sa"", 'Sett', 'Viego')",3,0,3
"('Fiora', 'Taliyah', 'Taric', 'Tristana', 'Twitch')",3,0,3
"('Sivir', 'Taliyah', 'Thresh', 'Volibear', 'Yone')",3,0,3
"('Ashe', 'Camille', 'Irelia', 'Pantheon', 'Syndra')",0,3,3
"('Graves', 'Hwei', 'Kalista', 'Nautilus', 'Renekton')",0,3,3
"('Gnar', ""Kai'Sa"", 'Katarina', 'Master Yi', 'Pantheon')",0,3,3
"('Ahri', 'Ashe', 'Graves', 'Rakan', 'Skarner')",0,3,3
"('Hwei', 'Irelia', 'Jhin', 'Lee Sin', 'Rumble')",3,0,3
"('Akshan', 'Gnar', ""Kog'Maw"", 'Master Yi', 'Poppy')",3,0,3
"('Camille', 'Kalista', 'Katarina', 'Taliyah', 'Twisted Fate')",3,0,3
"('Akali', 'Darius', ""Kai'Sa"", 'Leona', 'Taliyah')",3,0,3
"('Ashe', 'Corki', 'Nasus', 'Neeko', 'Viego')",3,0,3
"('Kindred', 'Leona', 'Skarner', 'Smolder', 'Xerath')",0,3,3
"(""Kog'Maw"", 'Lulu', ""Rek'Sai"", 'Tristana', 'Zac')",0,3,3
"('Ashe', 'Aurelion Sol', 'Graves', 'Jax', 'Varus')",3,0,3
"('Gragas', 'Graves', 'Kalista', 'Nautilus', 'Taliyah')",3,0,3
"('Ashe', 'Kindred', 'LeBlanc', 'Poppy', 'Rakan')",0,3,3
"('Lee Sin', 'Malphite', 'Pyke', 'Samira', 'Twisted Fate')",0,3,3
"('Camille', 'Kalista', 'LeBlanc', 'Lee Sin', 'Skarner')",3,0,3
"('Hecarim', 'Lulu', 'Rumble', 'Varus', 'Vex')",0,3,3
"('Lucian', 'Nami', 'Rumble', 'Viego', 'Zac')",0,3,3
"('Ashe', 'Braum', 'Jax', 'Karthus', 'Yasuo')",3,0,3
"('Ashe', 'Hwei', 'Kindred', 'Ornn', 'Seraphine')",0,3,3
"('Blitzcrank', 'Camille', 'Kalista', 'Nidalee', 'Renekton')",0,3,3
"('Jinx', 'Nautilus', 'Rumble', 'Twisted Fate', 'Yone')",0,3,3
"('Caitlyn', 'Karma', 'LeBlanc', 'Skarner', 'Viego')",3,0,3
"('Alistar', 'Camille', ""Kai'Sa"", 'Katarina', ""Rek'Sai"")",3,0,3
"(""K'Sante"", 'Lulu', 'Nidalee', 'Renekton', 'Zeri')",3,0,3
"('Hwei', 'Rakan', 'Varus', 'Xin Zhao', 'Yone')",0,3,3
"('Corki', 'Jinx', 'Kennen', 'Nautilus', 'Zac')",0,3,3
"('Cassiopeia', 'Corki', 'Draven', 'Pyke', 'Viego')",3,0,3
"('Cassiopeia', 'Graves', 'Hwei', 'Renekton', 'Varus')",0,3,3
"('Cassiopeia', ""Kai'Sa"", 'Rakan', 'Skarner', 'Viego')",0,3,3
"('Kalista', 'Nidalee', 'Pyke', 'Skarner', 'Tristana')",0,3,3
"('Hwei', 'Kalista', 'Nautilus', 'Skarner', 'Viego')",0,3,3
"('Braum', 'Camille', 'Galio', 'Nidalee', 'Varus')",3,0,3
"('Gwen', 'Lillia', 'Nautilus', 'Varus', 'Yone')",0,3,3
"(""Kai'Sa"", 'Pyke', 'Skarner', 'Twisted Fate', 'Viego')",3,0,3
"('Akali', 'Nautilus', 'Poppy', 'Sivir', 'Viego')",3,0,3
"('Caitlyn', 'Karma', 'Lux', 'Nidalee', 'Skarner')",0,3,3
"('Akshan', 'Blitzcrank', 'Nidalee', 'Tryndamere', 'Varus')",3,0,3
"('Corki', 'Kled', 'Lissandra', 'Rakan', 'Talon')",0,3,3
"('Ashe', 'Azir', 'Braum', 'Skarner', 'Xin Zhao')",3,0,3
"('Ekko', 'Jinx', 'Nautilus', 'Pantheon', 'Skarner')",0,3,3
"('Corki', 'Jinx', 'Maokai', 'Nami', 'Rumble')",3,0,3
"('Aphelios', 'Hwei', 'Lee Sin', 'Skarner', 'Varus')",0,3,3
"('Aphelios', 'Hwei', 'Lee Sin', 'Pantheon', 'Rumble')",3,0,3
"('Alistar', 'Ashe', 'Cassiopeia', 'Hecarim', 'LeBlanc')",3,0,3
"('Ashe', 'Irelia', 'Rumble', 'Syndra', 'Vi')",0,3,3
"('Caitlyn', 'Kindred', 'Lux', 'Yone', 'Zac')",0,3,3
"('Hwei', ""Kai'Sa"", 'Malphite', 'Nautilus', 'Viego')",3,0,3
"('Ashe', 'Braum', 'Katarina', 'Kindred', 'Nasus')",0,3,3
"('Camille', 'Hecarim', ""Kai'Sa"", 'Kled', 'Xerath')",3,0,3
"('Aatrox', 'Braum', 'Caitlyn', 'Kindred', 'Orianna')",3,0,3
"('Gragas', 'Kennen', 'Lee Sin', 'Lucian', 'Skarner')",3,0,3
"('Aphelios', 'Skarner', 'Syndra', 'Taliyah', 'Zilean')",0,3,3
"('Fiddlesticks', ""Kai'Sa"", 'Mordekaiser', 'Skarner', 'Yone')",0,3,3
"('Alistar', 'Aphelios', 'Azir', 'Taliyah', 'Urgot')",3,0,3
"('Darius', 'Galio', 'Jinx', 'Rell', 'Viego')",3,0,3
"('Ashe', 'Diana', ""K'Sante"", 'Varus', 'Viego')",3,0,3
"('Corki', 'Gragas', 'Nautilus', 'Rengar', 'Zed')",0,3,3
"('Annie', 'Ezreal', 'Graves', 'Heimerdinger', 'Skarner')",3,0,3
"('Ashe', 'Darius', 'Kled', 'Seraphine', 'Taliyah')",0,3,3
"('Bard', 'Galio', 'Graves', 'Sett', 'Varus')",3,0,3
"('Ashe', 'Hecarim', 'Hwei', 'Jax', 'Rell')",3,0,3
"('Aatrox', 'Hecarim', ""Kai'Sa"", 'Nautilus', 'Talon')",0,3,3
"('Galio', 'Hecarim', ""Kai'Sa"", 'Poppy', 'Rell')",3,0,3
"('Rell', 'Twisted Fate', 'Viego', 'Zeri', 'Zoe')",0,3,3
"('Ashe', 'Gangplank', 'Nidalee', 'Skarner', 'Tristana')",0,3,3
"('Corki', 'Ezreal', 'Sona', 'Twisted Fate', 'Viego')",3,0,3
"('Kindred', 'Malphite', 'Soraka', ""Vel'Koz"", 'Yone')",0,3,3
"('Akali', 'Kindred', 'Nautilus', 'Qiyana', 'Zeri')",0,3,3
"('Gangplank', 'Jinx', 'Kindred', 'Nautilus', 'Syndra')",3,0,3
"('Ahri', 'Brand', 'Jhin', 'Kindred', 'Twisted Fate')",3,0,3
"('Brand', 'Kindred', 'Kled', 'Skarner', 'Taliyah')",3,0,3
"('Ezreal', 'Jax', 'Kindred', 'Orianna', 'Rell')",0,3,3
"('Annie', 'Ashe', 'Kindred', 'Nautilus', 'Pantheon')",0,3,3
"('Camille', 'Draven', 'Pantheon', ""Rek'Sai"", 'Syndra')",0,3,3
"('Akali', 'Draven', 'Karma', 'Master Yi', 'Nidalee')",0,3,3
"('Camille', 'Gnar', 'Katarina', 'Nidalee', 'Varus')",3,0,3
"('Draven', 'Gwen', 'Jax', 'Maokai', 'Twisted Fate')",3,0,3
"('Ashe', 'LeBlanc', 'Nautilus', 'Rumble', 'Viego')",3,0,3
"('Caitlyn', 'Gnar', 'Lillia', 'Nautilus', 'Zed')",0,3,3
"('Annie', 'Ashe', 'Gwen', ""Rek'Sai"", 'Thresh')",3,0,3
"(""Cho'Gath"", 'Jax', 'Kindred', 'Nautilus', 'Sylas')",3,0,3
"('Camille', 'Galio', 'Kindred', 'Rell', 'Samira')",2,1,3
"('Hwei', 'Jhin', 'Seraphine', 'Twisted Fate', 'Viego')",0,3,3
"('Elise', 'Hwei', 'Jarvan IV', ""Kai'Sa"", 'Skarner')",0,3,3
"('Elise', 'Gnar', ""Kai'Sa"", 'Skarner', 'Twisted Fate')",3,0,3
"('Brand', 'Nautilus', 'Rumble', 'Tristana', 'Varus')",3,0,3
"('Rell', 'Renekton', 'Samira', 'Taliyah', 'Yone')",0,3,3
"('Ahri', 'Rell', 'Sivir', 'Udyr', 'Xin Zhao')",0,3,3
"('Blitzcrank', ""Kai'Sa"", 'LeBlanc', 'Lee Sin', 'Renekton')",2,1,3
"(""Kai'Sa"", 'Neeko', 'Pantheon', 'Wukong', 'Yone')",3,0,3
"('Camille', 'Graves', 'Hwei', 'Jinx', 'Leona')",3,0,3
"('Ashe', 'Lillia', 'Tristana', 'Urgot', 'Varus')",3,0,3
"('Draven', 'Hecarim', 'LeBlanc', 'Nautilus', 'Renekton')",3,0,3
"('Caitlyn', 'Irelia', 'Lux', 'Rumble', 'Sejuani')",0,3,3
"('Corki', 'Galio', 'Nautilus', 'Twisted Fate', 'Viego')",0,3,3
"('Draven', 'Nautilus', 'Nidalee', 'Skarner', 'Tristana')",0,3,3
"('Draven', ""Rek'Sai"", 'Rumble', 'Thresh', 'Tristana')",3,0,3
"('Brand', 'Hwei', 'Nautilus', 'Renekton', 'Viego')",3,0,3
"('Diana', 'Neeko', 'Skarner', 'Tristana', 'Varus')",0,3,3
"('Blitzcrank', ""K'Sante"", 'Nidalee', 'Tristana', 'Varus')",3,0,3
"('Jinx', 'Nautilus', 'Skarner', 'Taliyah', 'Tristana')",2,1,3
"('Lucian', 'Nami', 'Nidalee', 'Urgot', 'Yone')",3,0,3
"('Galio', 'Rell', 'Talon', 'Varus', 'Zac')",3,0,3
"('Aurelion Sol', ""K'Sante"", ""Kai'Sa"", 'Nautilus', 'Warwick')",0,3,3
"('Jayce', ""K'Sante"", ""Kai'Sa"", 'Nidalee', 'Rell')",3,0,3
"(""Kai'Sa"", 'Mordekaiser', 'Nidalee', 'Pyke', 'Tristana')",0,3,3
"('Akshan', 'Blitzcrank', ""Kai'Sa"", 'Lillia', 'Rumble')",3,0,3
"('Alistar', 'Jinx', 'Tristana', 'Udyr', 'Viego')",3,0,3
"(""Kai'Sa"", 'Nidalee', 'Pantheon', 'Renekton', 'Twisted Fate')",3,0,3
"('Gwen', 'Jhin', 'Neeko', ""Rek'Sai"", 'Xerath')",0,3,3
"('Graves', 'Jhin', 'Neeko', 'Sona', 'Vayne')",3,0,3
"('Aphelios', 'Camille', 'Orianna', 'Rakan', 'Sylas')",0,3,3
"('Camille', 'Graves', 'Hwei', 'Miss Fortune', 'Nautilus')",0,3,3
"('Caitlyn', 'Camille', 'Rumble', 'Talon', 'Viego')",0,3,3
"('Graves', 'Hwei', 'Rakan', ""Rek'Sai"", 'Tristana')",0,3,3
"('Akshan', 'Caitlyn', 'Lillia', 'Skarner', 'Zilean')",3,0,3
"('Ashe', 'LeBlanc', 'Olaf', 'Ornn', 'Taric')",3,0,3
"('Fiora', ""Kai'Sa"", 'Nautilus', ""Rek'Sai"", 'Taliyah')",0,3,3
"('Jayce', ""Kai'Sa"", 'Poppy', 'Seraphine', 'Syndra')",0,3,3
"('Diana', 'Gnar', 'Viego', 'Yuumi', 'Zeri')",3,0,3
"('Aphelios', 'Blitzcrank', 'Graves', 'Ryze', 'Vladimir')",0,3,3
"('Graves', 'Hwei', 'Rumble', 'Senna', 'Zeri')",3,0,3
"('Gnar', ""Kai'Sa"", 'Katarina', 'Lillia', 'Poppy')",3,0,3
"('Camille', 'Gragas', 'Jax', 'Kindred', 'Sivir')",0,3,3
"('Ahri', 'Hecarim', ""Kai'Sa"", 'Rell', 'Trundle')",3,0,3
"('Akali', 'Gragas', ""Kai'Sa"", 'Nautilus', 'Xin Zhao')",3,0,3
"('Jax', ""Kai'Sa"", 'Rell', 'Skarner', 'Zeri')",0,3,3
"('Hwei', ""Kai'Sa"", 'Nautilus', 'Olaf', 'Zac')",0,3,3
"('Gnar', 'Taliyah', 'Varus', 'Yone', 'Zac')",3,0,3
"('Brand', 'Nautilus', 'Tristana', 'Twisted Fate', 'Zeri')",3,0,3
"('Hecarim', 'Jhin', 'Skarner', 'Taliyah', 'Teemo')",3,0,3
"('Fiora', 'Janna', 'Jayce', 'Kalista', 'Nidalee')",3,0,3
"('Nautilus', 'Nunu & Willump', 'Pantheon', 'Samira', 'Tristana')",0,3,3
"('Olaf', 'Renata Glasc', 'Taliyah', 'Tristana', 'Varus')",3,0,3
"('Gnar', 'Hwei', 'LeBlanc', 'Nilah', ""Rek'Sai"")",3,0,3
"('Aurelion Sol', 'Camille', 'Kalista', 'Master Yi', 'Neeko')",3,0,3
"('Corki', 'Gragas', ""Kai'Sa"", 'Nautilus', 'Xin Zhao')",0,3,3
"('Camille', 'Hwei', ""Kai'Sa"", 'Nautilus', 'Udyr')",3,0,3
"('Annie', 'Corki', 'Gragas', ""Kha'Zix"", 'Poppy')",3,0,3
"('Aurelion Sol', 'Caitlyn', 'Lux', 'Tryndamere', 'Viego')",0,3,3
"('Akali', 'Jinx', 'Rell', 'Viego', 'Zac')",3,0,3
"('Alistar', 'Corki', ""Kai'Sa"", 'Kennen', 'Nidalee')",3,0,3
"('Jinx', 'Nautilus', 'Renekton', 'Taliyah', 'Yone')",2,1,3
"('Bard', 'Cassiopeia', 'Udyr', 'Varus', 'Yone')",3,0,3
"('Blitzcrank', 'Gragas', 'Renekton', 'Varus', 'Yasuo')",3,0,3
"('Blitzcrank', 'Fiddlesticks', 'Pantheon', 'Tristana', 'Zeri')",0,3,3
"('Ashe', 'Garen', 'Jayce', 'Milio', 'Taliyah')",0,3,3
"('Annie', 'Graves', 'Nasus', 'Twitch', ""Vel'Koz"")",3,0,3
"('Darius', ""Kai'Sa"", 'Nautilus', 'Qiyana', 'Taliyah')",3,0,3
"('Camille', 'Galio', 'Lee Sin', 'Thresh', 'Twitch')",3,0,3
"('Jayce', 'Jhin', 'Kindred', 'Rell', 'Ryze')",3,0,3
"(""Kai'Sa"", 'Kayn', 'LeBlanc', 'Leona', 'Skarner')",3,0,3
"('Ashe', 'Graves', 'Jayce', 'Katarina', 'Nautilus')",0,3,3
"('Graves', 'Jhin', ""K'Sante"", 'Pantheon', 'Zoe')",3,0,3
"('Ashe', 'Ekko', 'Irelia', 'Janna', 'Jax')",0,3,3
"('Ashe', 'Corki', 'Jax', 'Lillia', 'Lulu')",3,0,3
"('Cassiopeia', 'Hecarim', 'Orianna', 'Rell', 'Twisted Fate')",3,0,3
"('Ahri', 'Cassiopeia', 'Kalista', 'Lee Sin', 'Pyke')",0,3,3
"('Aphelios', 'Blitzcrank', 'Viego', 'Vladimir', 'Zyra')",3,0,3
"('Aatrox', 'Alistar', 'Ezreal', 'Lee Sin', 'Orianna')",0,3,3
"('Fiora', 'Jhin', 'Karthus', 'Nautilus', 'Tristana')",3,0,3
"('Diana', 'Hecarim', 'Janna', 'Lucian', 'Malphite')",3,0,3
"('Ashe', 'Braum', 'Hwei', 'Rumble', 'Vi')",3,0,3
"('Briar', 'Jhin', 'LeBlanc', 'Leona', 'Sylas')",0,3,3
"('Azir', 'Jax', ""Kai'Sa"", 'Nautilus', 'Taliyah')",0,3,3
"('Galio', 'Kindred', 'Lulu', 'Skarner', 'Zeri')",3,0,3
"(""K'Sante"", ""Kai'Sa"", 'Nidalee', 'Skarner', 'Twisted Fate')",3,0,3
"('Hecarim', 'Jhin', 'LeBlanc', 'Nautilus', 'Rumble')",3,0,3
"('Ashe', 'Kalista', 'Karthus', 'Sejuani', 'Yasuo')",3,0,3
"('Aatrox', 'Annie', 'Aphelios', ""Bel'Veth"", 'Seraphine')",3,0,3
"('Bard', 'Irelia', 'Jhin', 'Rumble', 'Tristana')",3,0,3
"('Alistar', 'Hwei', 'Jarvan IV', 'Jayce', 'Seraphine')",3,0,3
"('Ashe', 'Gragas', 'Hwei', 'Jayce', ""K'Sante"")",0,3,3
"('Elise', 'Nautilus', 'Skarner', 'Twitch', 'Viego')",0,3,3
"('Camille', 'Lulu', 'Vex', 'Xin Zhao', 'Zeri')",3,0,3
"('Ashe', 'Hwei', 'Kindred', 'Lux', 'Pantheon')",3,0,3
"(""Kai'Sa"", 'Nautilus', 'Skarner', 'Twisted Fate', 'Viego')",2,1,3
"('Aatrox', 'Jinx', 'Nautilus', 'Nidalee', 'Talon')",3,0,3
"('Bard', ""Kai'Sa"", 'Karthus', 'Skarner', 'Twisted Fate')",3,0,3
"('Gnar', 'Karthus', 'Katarina', 'Lucian', 'Nami')",3,0,3
"('Alistar', ""Kai'Sa"", 'Skarner', 'Sylas', 'Yasuo')",3,0,3
"('Braum', 'Graves', 'Jax', 'Katarina', 'Varus')",3,0,3
"(""Kai'Sa"", 'Kindred', 'LeBlanc', 'Nautilus', 'Skarner')",0,3,3
"('Blitzcrank', 'Hwei', ""Kha'Zix"", 'Varus', 'Yasuo')",0,3,3
"('Caitlyn', 'Cassiopeia', 'Rakan', 'Twisted Fate', 'Viego')",3,0,3
"('Akali', 'Alistar', 'Aphelios', 'Cassiopeia', ""Kha'Zix"")",3,0,3
"('Bard', 'Caitlyn', 'Nidalee', 'Tristana', 'Urgot')",3,0,3
"('Graves', 'Hwei', 'Rakan', 'Tryndamere', 'Varus')",3,0,3
"('Corki', 'Gnar', 'Gragas', 'Orianna', 'Viego')",3,0,3
"('Kalista', 'Lillia', 'Nautilus', 'Swain', 'Zed')",3,0,3
"('Ashe', 'Brand', 'Braum', 'Tristana', 'Zed')",0,3,3
"('Ashe', 'Braum', 'Hwei', 'Lee Sin', 'Poppy')",3,0,3
"('Aatrox', 'Hecarim', 'Jinx', 'LeBlanc', 'Thresh')",3,0,3
"('Aurelion Sol', 'Rakan', ""Rek'Sai"", 'Rumble', 'Varus')",0,3,3
"('Annie', 'Ashe', 'Rakan', ""Rek'Sai"", 'Skarner')",3,0,3
"('Ashe', 'Gragas', 'Lee Sin', 'Syndra', 'Thresh')",3,0,3
"('Ashe', 'Camille', 'Galio', 'Jhin', 'Kindred')",0,3,3
"('Bard', 'Karthus', 'Qiyana', ""Rek'Sai"", 'Ziggs')",3,0,3
"('Diana', ""Kai'Sa"", 'Kindred', 'Taric', 'Twisted Fate')",3,0,3
"('Diana', 'Lee Sin', 'Nautilus', 'Nilah', 'Rumble')",0,3,3
"('Alistar', 'Diana', 'Graves', 'Skarner', 'Smolder')",0,3,3
"('Cassiopeia', 'Kindred', 'Neeko', 'Tristana', 'Varus')",3,0,3
"('Bard', 'Katarina', 'Nidalee', 'Poppy', 'Seraphine')",0,3,3
"('Ashe', 'Kindred', 'LeBlanc', 'Malphite', 'Seraphine')",3,0,3
"('Corki', 'Jax', 'Kindred', 'LeBlanc', 'Thresh')",0,3,3
"('Azir', 'Camille', 'Taliyah', 'Vayne', 'Warwick')",3,0,3
"('Draven', 'Gnar', 'Rell', 'Taliyah', 'Talon')",0,3,3
"('Jayce', 'Jinx', 'Neeko', 'Renekton', 'Taliyah')",3,0,3
"('Akshan', 'Blitzcrank', 'Gragas', 'Jax', ""Kai'Sa"")",1,2,3
"('Akshan', ""K'Sante"", ""Kai'Sa"", 'Nidalee', 'Rakan')",3,0,3
"('Anivia', 'Camille', ""Kai'Sa"", 'Kindred', 'Pantheon')",3,0,3
"('Caitlyn', 'Rengar', 'Rumble', 'Thresh', 'Tryndamere')",3,0,3
"('Camille', 'Jax', ""Kai'Sa"", 'Kassadin', 'Udyr')",3,0,3
"('Jayce', 'Thresh', 'Tristana', 'Twisted Fate', 'Viego')",0,3,3
"('Fiora', ""Kai'Sa"", 'Nautilus', 'Nidalee', 'Yone')",0,3,3
"(""Kai'Sa"", 'Thresh', 'Tryndamere', 'Yone', 'Zyra')",0,3,3
"('LeBlanc', 'Sett', 'Taric', 'Tristana', 'Viego')",3,0,3
"('Blitzcrank', 'Caitlyn', 'Diana', 'Fiddlesticks', 'Skarner')",0,3,3
"('Alistar', 'Diana', ""Kai'Sa"", ""Rek'Sai"", 'Shen')",0,3,3
"('Diana', 'Ekko', 'Lucian', 'Poppy', 'Skarner')",3,0,3
"('Akali', 'Aphelios', 'Kennen', 'Rengar', 'Thresh')",0,3,3
"('Hwei', ""Kai'Sa"", 'Lee Sin', 'Rakan', 'Rumble')",3,0,3
"('Camille', 'Hecarim', ""Kai'Sa"", 'Orianna', 'Rell')",0,3,3
"('Corki', 'Dr. Mundo', 'Hwei', 'Kindred', 'Nautilus')",0,3,3
"('Cassiopeia', 'Galio', 'Jhin', 'Kindred', 'Twisted Fate')",0,3,3
"('Ashe', 'Gangplank', 'Renata Glasc', 'Ryze', 'Xin Zhao')",3,0,3
"('Bard', 'Jinx', 'Kindred', 'Renekton', 'Twisted Fate')",0,3,3
"('Darius', 'Jinx', 'Nidalee', 'Pantheon', 'Twisted Fate')",3,0,3
"('Akali', 'Camille', 'Jinx', 'Kennen', 'Viego')",3,0,3
"('Diana', 'Graves', 'Lucian', 'Nami', 'Sylas')",0,3,3
"('Jinx', 'Kennen', 'Rell', 'Yasuo', 'Zac')",3,0,3
"('Corki', 'Illaoi', 'Lillia', 'Samira', 'Sylas')",3,0,3
"('Aurelion Sol', 'Jax', 'Jinx', 'Thresh', 'Vayne')",0,3,3
"('Aurelion Sol', 'Blitzcrank', 'Elise', 'Lucian', 'Pantheon')",3,0,3
"('Akali', 'Jinx', 'Kindred', 'Pantheon', 'Thresh')",3,0,3
"('Graves', 'Jinx', 'Kled', 'Sylas', 'Thresh')",3,0,3
"('Blitzcrank', 'Jayce', 'Lucian', 'Nidalee', 'Twisted Fate')",0,3,3
"('Akshan', 'Braum', 'Lucian', 'Nidalee', 'Renekton')",3,0,3
"('Ahri', 'Graves', 'Hwei', 'Jinx', ""K'Sante"")",0,3,3
"('Akshan', 'Corki', 'Nautilus', 'Nidalee', 'Rumble')",3,0,3
"('Corki', 'Jhin', ""Rek'Sai"", 'Seraphine', 'Skarner')",0,3,3
"('Ashe', 'Camille', 'Corki', 'Taliyah', 'Varus')",3,0,3
"('Ashe', 'Jayce', 'Lee Sin', 'Rell', 'Sylas')",3,0,3
"('Gnar', 'Lillia', 'Rell', 'Talon', 'Varus')",3,0,3
"('Ahri', 'Darius', ""Kha'Zix"", 'Pyke', 'Samira')",3,0,3
"('Ashe', 'Hecarim', 'Jax', 'Lulu', 'Orianna')",3,0,3
"('Bard', 'Darius', 'Jhin', 'Syndra', 'Udyr')",0,3,3
"('Hecarim', 'Orianna', 'Pyke', 'Varus', 'Zyra')",0,3,3
"('Hwei', 'Jax', ""Kai'Sa"", ""Kha'Zix"", 'Nautilus')",3,0,3
"('Hwei', 'Illaoi', ""Kai'Sa"", 'Kindred', 'Rell')",3,0,3
"(""Kai'Sa"", 'Kindred', 'Rell', 'Skarner', 'Tristana')",3,0,3
"('Galio', 'Graves', 'Irelia', ""Kai'Sa"", 'Nautilus')",3,0,3
"('Nautilus', 'Shen', 'Viego', 'Zeri', 'Zoe')",0,3,3
"('Corki', 'Gragas', 'Rell', 'Skarner', 'Varus')",3,0,3
"('Gragas', 'Graves', 'Nasus', 'Nautilus', 'Varus')",3,0,3
"('Heimerdinger', 'Jhin', 'Twisted Fate', 'Volibear', 'Xin Zhao')",3,0,3
"(""Kai'Sa"", 'Kennen', 'Nautilus', 'Orianna', 'Viego')",3,0,3
"('Ahri', 'Hwei', ""K'Sante"", 'Varus', 'Vi')",0,3,3
"('Jhin', 'Qiyana', 'Rell', 'Rumble', 'Taliyah')",0,3,3
"('Rell', 'Samira', 'Singed', 'Twisted Fate', 'Viego')",0,3,3
"('Aatrox', 'Gnar', 'Lillia', 'Lulu', 'Zeri')",3,0,3
"('Ashe', 'Lulu', 'Nidalee', 'Skarner', 'Viego')",3,0,3
"('Ashe', 'Jax', 'Syndra', 'Varus', 'Viego')",3,0,3
"('Blitzcrank', 'Lissandra', 'Urgot', 'Viego', 'Zeri')",3,0,3
"('Gragas', 'Rakan', ""Rek'Sai"", 'Sivir', 'Twisted Fate')",3,0,3
"('Ashe', 'Darius', 'Lee Sin', 'Malzahar', 'Pyke')",3,0,3
"('Akali', 'Draven', 'Nidalee', 'Rell', 'Twisted Fate')",3,0,3
"('Cassiopeia', 'Dr. Mundo', 'LeBlanc', 'Nautilus', 'Viego')",3,0,3
"('Camille', 'Lillia', 'Sivir', 'Tristana', 'Twisted Fate')",0,3,3
"('Galio', 'Gnar', ""Kai'Sa"", 'Lee Sin', 'Pyke')",3,0,3
"(""Bel'Veth"", 'Gnar', 'Nautilus', 'Syndra', 'Varus')",3,0,3
"('Ashe', 'Hwei', 'Nautilus', 'Rumble', 'Xin Zhao')",0,3,3
"('Corki', 'Graves', ""K'Sante"", 'LeBlanc', 'Leona')",3,0,3
"('Jhin', ""K'Sante"", 'Leona', 'Lillia', 'Tristana')",3,0,3
"(""Kai'Sa"", 'Kennen', 'Kindred', 'Rumble', 'Talon')",3,0,3
"('Corki', 'Hwei', 'Seraphine', 'Skarner', 'Viego')",3,0,3
"('Blitzcrank', 'Corki', 'Hwei', 'Tryndamere', 'Viego')",0,3,3
"('Corki', 'Irelia', 'Maokai', 'Renekton', 'Taliyah')",3,0,3
"('Ashe', ""Bel'Veth"", 'Lux', 'Renekton', 'Viktor')",3,0,3
"('Akali', 'Janna', 'Jinx', 'Karthus', 'Kennen')",0,3,3
"('Diana', 'Rell', 'Skarner', 'Varus', 'Yasuo')",3,0,3
"(""Bel'Veth"", 'Nautilus', 'Nidalee', 'Sion', 'Zeri')",0,3,3
"(""K'Sante"", 'Lillia', 'Nautilus', 'Renekton', 'Varus')",0,3,3
"('Hwei', 'Kayle', 'Lee Sin', 'Nautilus', 'Tristana')",0,3,3
"('Ahri', 'Ashe', 'Jax', 'Kindred', 'Neeko')",3,0,3
"('Ashe', 'Corki', 'Fiddlesticks', 'Rumble', 'Viego')",3,0,3
"('Jax', 'Nautilus', 'Taliyah', 'Tristana', 'Varus')",3,0,3
"('Hwei', 'Malphite', 'Udyr', 'Yuumi', 'Zeri')",3,0,3
"('Ahri', 'Jax', 'Kalista', 'Skarner', 'Vi')",0,3,3
"('Camille', ""Kai'Sa"", 'Nunu & Willump', 'Singed', 'Thresh')",3,0,3
"('Jax', 'LeBlanc', 'Maokai', 'Skarner', 'Xayah')",3,0,3
"('Aurelion Sol', 'Braum', 'Gnar', 'Jhin', ""Kha'Zix"")",0,3,3
"('Aatrox', 'Ashe', 'Corki', 'Nautilus', 'Taliyah')",3,0,3
"('Corki', 'Hecarim', 'Jax', 'Rell', 'Syndra')",3,0,3
"('Hecarim', 'Nasus', 'Rakan', 'Tryndamere', 'Twitch')",0,3,3
"('Ashe', 'Gragas', 'LeBlanc', 'Master Yi', 'Nautilus')",3,0,3
"('Ashe', 'Camille', 'Kindred', 'Twisted Fate', 'Xerath')",3,0,3
"('Ashe', 'Darius', 'Lissandra', 'Nautilus', 'Viego')",3,0,3
"('Jayce', 'Jinx', 'Lillia', 'Rell', 'Volibear')",1,2,3
"('Jhin', 'Leona', 'Nidalee', 'Pantheon', 'Zed')",3,0,3
"('Ahri', 'Alistar', 'Aphelios', 'Illaoi', 'Viego')",3,0,3
"('Galio', 'Jhin', 'Kennen', 'Kindred', 'Nautilus')",0,3,3
"('Annie', 'Graves', 'Lucian', 'Nami', 'Yone')",3,0,3
"('Rakan', 'Renekton', 'Viego', 'Xayah', 'Zac')",0,3,3
"('Draven', 'Fiora', 'Graves', 'Nautilus', 'Taliyah')",3,0,3
"('Gnar', 'Lillia', 'Nautilus', 'Pantheon', 'Zeri')",0,3,3
"('Jax', 'Kalista', 'Karthus', 'Rengar', 'Tristana')",3,0,3
"(""K'Sante"", 'Karthus', 'Milio', 'Qiyana', 'Zeri')",0,3,3
"(""Kai'Sa"", 'Kindred', 'Neeko', 'Poppy', 'Shen')",3,0,3
"('Ashe', 'Janna', ""Rek'Sai"", 'Twisted Fate', 'Yasuo')",0,3,3
"('Aatrox', 'Akali', 'Ashe', 'Leona', 'Viego')",3,0,3
"('Ashe', 'Hwei', 'Janna', 'Lee Sin', 'Yone')",0,3,3
"('Ahri', 'Camille', 'Corki', 'Leona', ""Rek'Sai"")",0,3,3
"('Akshan', 'Ekko', 'Nautilus', 'Skarner', 'Varus')",3,0,3
"('Ashe', 'Corki', 'Seraphine', 'Skarner', 'Taliyah')",3,0,3
"(""K'Sante"", ""Kai'Sa"", 'Rengar', 'Skarner', 'Zoe')",0,3,3
"('Corki', ""Kai'Sa"", 'Lillia', 'Rell', 'Twisted Fate')",3,0,3
"('Camille', 'Galio', 'Gragas', ""Kai'Sa"", 'Viego')",3,0,3
"(""Kai'Sa"", 'Kennen', 'Lee Sin', 'Nautilus', 'Vex')",3,0,3
"('Annie', ""Kai'Sa"", 'Kennen', 'Rell', 'Vi')",0,3,3
"('Hwei', 'Jinx', 'Lee Sin', 'Skarner', 'Thresh')",3,0,3
"('Akali', 'Graves', 'Jinx', 'Kennen', 'Thresh')",3,0,3
"('Ivern', 'Nautilus', 'Skarner', 'Swain', 'Yone')",0,3,3
"('Ashe', 'Camille', 'Jayce', 'Jhin', 'Nidalee')",3,0,3
"('Ashe', 'Hecarim', 'Hwei', 'Jayce', 'Jhin')",3,0,3
"('Illaoi', ""Kai'Sa"", 'Lissandra', 'Rell', 'Skarner')",3,0,3
"('Gragas', 'LeBlanc', 'Lee Sin', 'Rell', 'Zeri')",3,0,3
"(""Kai'Sa"", 'Leona', 'Nidalee', 'Ornn', 'Qiyana')",0,3,3
"('Alistar', 'Aphelios', 'Kindred', 'LeBlanc', 'Renekton')",0,3,3
"('Brand', 'Katarina', 'Rakan', 'Renekton', 'Zeri')",0,3,3
"('Corki', 'Neeko', 'Pyke', 'Twisted Fate', 'Viego')",3,0,3
"('Alistar', 'Ashe', 'Galio', 'Lee Sin', 'Twisted Fate')",3,0,3
"('Aatrox', 'Alistar', 'Corki', 'Galio', 'Kindred')",3,0,3
"('Braum', 'Kennen', 'Taliyah', 'Viego', 'Zeri')",3,0,3
"('Aatrox', 'Galio', 'Taric', 'Udyr', 'Zeri')",3,0,3
"('Draven', 'Galio', 'Heimerdinger', 'Lee Sin', 'Sona')",3,0,3
"('Hwei', 'Lee Sin', 'Nautilus', 'Pantheon', 'Zeri')",0,3,3
"('Ashe', 'Corki', 'Gragas', 'Nidalee', 'Rell')",3,0,3
"('Anivia', ""Bel'Veth"", 'Camille', ""Kai'Sa"", 'Leona')",3,0,3
"('Kindred', 'Nasus', 'Nautilus', 'Taliyah', 'Varus')",3,0,3
"('Gnar', 'Katarina', ""Rek'Sai"", 'Seraphine', 'Twitch')",3,0,3
"('Camille', 'Graves', ""Kai'Sa"", 'Katarina', 'Nautilus')",0,3,3
"('Aatrox', 'Garen', ""Kai'Sa"", 'Skarner', 'Taliyah')",0,3,3
"('Corki', 'Karma', 'LeBlanc', 'Sejuani', 'Viego')",0,3,3
"('Annie', 'Jayce', 'Lucian', 'Nami', 'Zac')",0,3,3
"('Ashe', 'Katarina', 'Kennen', 'Pyke', 'Viego')",3,0,3
"('Ashe', 'Katarina', 'Nautilus', ""Rek'Sai"", 'Twisted Fate')",3,0,3
"('Ashe', 'Camille', 'Galio', 'Gragas', 'Graves')",3,0,3
"('Fiora', 'Jhin', 'Katarina', 'Nidalee', 'Pyke')",0,3,3
"('Aatrox', 'Hecarim', ""Kai'Sa"", 'Katarina', 'Poppy')",3,0,3
"('Katarina', 'Lillia', 'Malphite', 'Renata Glasc', 'Varus')",0,3,3
"('Ezreal', 'Katarina', 'Renekton', 'Shaco', 'Skarner')",0,3,3
"('Hecarim', 'Jax', ""Kai'Sa"", 'Katarina', 'Pyke')",0,3,3
"('Graves', 'Katarina', 'Rakan', 'Sivir', 'Warwick')",3,0,3
"('Jax', 'Jinx', 'Lux', 'Twisted Fate', 'Udyr')",3,0,3
"('Nautilus', 'Nidalee', 'Sivir', 'Twisted Fate', 'Yone')",0,3,3
"('Alistar', 'Kindred', 'Rumble', 'Twisted Fate', 'Zeri')",3,0,3
"('Lee Sin', 'Nautilus', 'Ryze', 'Twisted Fate', 'Zeri')",3,0,3
"('Ashe', 'Jayce', 'Nautilus', 'Taliyah', 'Udyr')",0,3,3
"('Akali', 'Camille', 'Pantheon', 'Rakan', 'Varus')",0,3,3
"('Corki', 'Kennen', 'Lucian', 'Nami', 'Nidalee')",3,0,3
"('Darius', 'Hecarim', 'Jhin', 'Katarina', 'Nautilus')",0,3,3
"('Blitzcrank', 'Garen', ""Kai'Sa"", 'Karthus', 'Katarina')",0,3,3
"('Ashe', 'Kalista', 'Master Yi', 'Orianna', 'Ornn')",3,0,3
"('Akshan', 'Caitlyn', 'Jax', 'Lux', 'Master Yi')",3,0,3
"('Bard', 'Kennen', ""Kog'Maw"", 'Master Yi', ""Rek'Sai"")",3,0,3
"('Alistar', 'Lucian', 'Master Yi', 'Rumble', 'Tristana')",0,3,3
"(""Kai'Sa"", 'Master Yi', 'Mordekaiser', 'Rakan', 'Talon')",3,0,3
"('Ashe', 'Master Yi', 'Ryze', 'Skarner', 'Taliyah')",3,0,3
"('Draven', 'Graves', 'Rell', 'Rumble', 'Syndra')",0,3,3
"('Akali', 'Camille', ""Kai'Sa"", 'Master Yi', 'Skarner')",0,3,3
"('Jinx', 'Master Yi', 'Nautilus', 'Rumble', 'Talon')",3,0,3
"('Annie', 'Jax', 'Kassadin', 'Master Yi', 'Varus')",0,3,3
"('Caitlyn', 'Camille', 'Hwei', 'Lux', 'Master Yi')",3,0,3
"('Alistar', 'Ashe', 'Kled', 'Lee Sin', 'Taliyah')",3,0,3
"('Anivia', 'Ezreal', 'Hwei', ""Rek'Sai"", 'Skarner')",3,0,3
"('Ahri', 'Graves', 'Nasus', 'Nautilus', 'Seraphine')",3,0,3
"('Blitzcrank', 'Irelia', 'Nidalee', 'Samira', 'Ziggs')",0,3,3
"('Lillia', 'Rakan', 'Smolder', 'Taliyah', 'Varus')",0,3,3
"('Ekko', 'Jinx', 'Ornn', 'Thresh', 'Vi')",3,0,3
"('Aphelios', 'Ekko', 'Nautilus', 'Skarner', 'Taliyah')",0,3,3
"('Akshan', 'Ashe', 'Cassiopeia', 'Seraphine', 'Viego')",3,0,3
"('Akshan', 'Blitzcrank', ""Kai'Sa"", 'LeBlanc', 'Lillia')",3,0,3
"('Ashe', 'Graves', 'Rakan', 'Skarner', 'Zac')",3,0,3
"('Corki', 'Garen', 'Tahm Kench', 'Twisted Fate', 'Zac')",0,3,3
"('Alistar', 'Sejuani', 'Twisted Fate', 'Varus', 'Xin Zhao')",3,0,3
"('Bard', 'Diana', 'Jax', 'Jinx', 'Twisted Fate')",3,0,3
"('Camille', 'Jinx', 'Lillia', 'Rell', 'Twisted Fate')",0,3,3
"('Akshan', 'Jinx', 'Kennen', 'Lulu', 'Rumble')",3,0,3
"('Azir', 'Lucian', 'Nami', 'Nunu & Willump', 'Tryndamere')",0,3,3
"('Camille', 'Graves', 'Renekton', 'Swain', 'Tristana')",3,0,3
"('Alistar', 'Fiddlesticks', ""Kai'Sa"", 'Kennen', 'Yone')",3,0,3
"('Diana', 'Lucian', 'Master Yi', 'Varus', 'Zilean')",3,0,3
"('Diana', 'Gragas', ""Kai'Sa"", 'Lee Sin', 'Pyke')",3,0,3
"('Alistar', 'Ashe', 'Camille', 'Diana', 'Master Yi')",3,0,3
"('Akali', 'Corki', 'Jax', 'Rakan', 'Viego')",0,3,3
"('Corki', ""K'Sante"", 'Nidalee', 'Yone', 'Zilean')",0,3,3
"('Camille', 'Fiddlesticks', 'Lissandra', 'Samira', 'Viego')",3,0,3
"('Jinx', 'Lillia', 'Nautilus', 'Skarner', 'Zed')",3,0,3
"('Hwei', ""Kai'Sa"", ""Kha'Zix"", 'Nami', 'Twisted Fate')",0,3,3
"('Hwei', ""Kai'Sa"", 'Pyke', 'Skarner', 'Xin Zhao')",0,3,3
"('Aatrox', ""Kai'Sa"", ""Kha'Zix"", 'Nautilus', 'Zac')",3,0,3
"('Aphelios', 'Cassiopeia', 'Jax', 'Rell', 'Viego')",3,0,3
"('Darius', 'Kalista', 'Nautilus', 'Twisted Fate', 'Xin Zhao')",3,0,3
"(""Kai'Sa"", 'Shen', 'Skarner', 'Twisted Fate', 'Viego')",0,3,3
"('Braum', 'Jayce', 'Jinx', 'Nidalee', 'Twisted Fate')",0,3,3
"(""K'Sante"", ""Kai'Sa"", 'Kindred', 'Nautilus', 'Twisted Fate')",0,3,3
"('Cassiopeia', 'Corki', ""Kai'Sa"", 'Leona', 'Skarner')",3,0,3
"('Blitzcrank', 'Corki', ""Rek'Sai"", 'Rumble', 'Smolder')",3,0,3
"('Karma', 'Neeko', 'Tryndamere', 'Varus', 'Viego')",3,0,3
"('Graves', 'Nautilus', 'Swain', 'Varus', 'Vayne')",3,0,3
"('Camille', 'Jax', 'Jhin', 'Nidalee', 'Tristana')",3,0,3
"('Jax', 'Jinx', 'Karthus', 'Seraphine', 'Viego')",3,0,3
"(""Bel'Veth"", 'Camille', ""K'Sante"", 'Taliyah', 'Varus')",0,3,3
"('Corki', ""K'Sante"", 'Leona', 'Lillia', 'Yone')",3,0,3
"('Kennen', 'Lulu', 'Pantheon', 'Varus', 'Yone')",3,0,3
"('Aphelios', 'Lucian', 'Nautilus', 'Nidalee', 'Rumble')",0,3,3
"('Corki', 'Lillia', 'Nautilus', 'Renekton', 'Yasuo')",3,0,3
"('Corki', 'Jax', 'Kayn', 'Thresh', 'Ziggs')",3,0,3
"('Ashe', 'Braum', 'Nasus', 'Skarner', 'Viego')",0,3,3
"('Ashe', ""Rek'Sai"", 'Renekton', 'Tristana', 'Zoe')",3,0,3
"('Draven', 'Malphite', 'Rell', 'Udyr', 'Yone')",3,0,3
"('Heimerdinger', 'Hwei', 'Kindred', 'Rakan', 'Sivir')",0,3,3
"('Corki', 'Jax', 'Kled', 'Nidalee', 'Rell')",3,0,3
"('Corki', 'Nautilus', 'Taliyah', 'Tryndamere', 'Yone')",0,3,3
"('LeBlanc', 'Nidalee', 'Poppy', 'Skarner', 'Varus')",0,3,3
"('Ashe', 'Hwei', 'Ornn', 'Pyke', 'Viego')",3,0,3
"(""Kai'Sa"", 'Katarina', 'Rakan', 'Renekton', 'Zac')",0,3,3
"('Blitzcrank', 'Fiora', 'Smolder', 'Twisted Fate', 'Viego')",3,0,3
"('Gragas', 'Lux', 'Nautilus', 'Viego', 'Zeri')",3,0,3
"('Bard', 'Gwen', 'Jhin', 'Taliyah', 'Tristana')",3,0,3
"('Akali', 'Ashe', 'Seraphine', 'Taliyah', 'Urgot')",3,0,3
"('Alistar', 'Jinx', ""Rek'Sai"", 'Yasuo', 'Zyra')",3,0,3
"('Ashe', 'Camille', 'Nidalee', 'Ryze', 'Skarner')",3,0,3
"('Ashe', 'Garen', 'Nidalee', 'Rakan', 'Zed')",3,0,3
"(""K'Sante"", 'Karthus', 'Lux', 'Talon', 'Zeri')",0,3,3
"('Blitzcrank', 'Hwei', 'Jax', 'Varus', 'Viego')",3,0,3
"('Lillia', 'Pyke', 'Tristana', 'Tryndamere', 'Zeri')",3,0,3
"('Camille', 'Corki', 'Dr. Mundo', ""Kai'Sa"", 'Lee Sin')",3,0,3
"('Camille', ""Kai'Sa"", 'Karthus', 'LeBlanc', 'Olaf')",3,0,3
"('Hecarim', 'Rumble', 'Shaco', 'Zac', 'Zeri')",0,3,3
"('Garen', 'Jayce', 'Nidalee', 'Rell', 'Zeri')",0,3,3
"('Corki', 'Jax', 'Rakan', ""Rek'Sai"", 'Zeri')",3,0,3
"('Ashe', 'Kled', 'Neeko', ""Rek'Sai"", 'Thresh')",3,0,3
"('Gragas', 'Jhin', 'Lee Sin', 'Leona', 'Skarner')",0,3,3
"('Jhin', 'Kennen', 'Nautilus', 'Tristana', 'Viego')",0,3,3
"('Aatrox', 'Jhin', 'Lee Sin', 'Neeko', 'Taliyah')",0,3,3
"('Ahri', 'Blitzcrank', 'Jhin', 'Riven', 'Viego')",3,0,3
"('Ahri', 'Ashe', 'Gwen', 'Lulu', 'Viego')",0,3,3
"('Ashe', 'Braum', 'Graves', 'Renekton', 'Zoe')",3,0,3
"('Akshan', 'Alistar', 'Ashe', 'Rumble', 'Taliyah')",3,0,3
"('Akshan', 'Aphelios', 'Lillia', 'Thresh', 'Volibear')",3,0,3
"('Blitzcrank', ""Kai'Sa"", ""Kha'Zix"", 'Olaf', 'Taliyah')",0,3,3
"('Ahri', 'Ashe', 'Garen', ""Kai'Sa"", ""Rek'Sai"")",3,0,3
"('Aphelios', 'Seraphine', 'Skarner', 'Twisted Fate', 'Xin Zhao')",0,3,3
"('Hwei', ""K'Sante"", 'Lee Sin', 'Samira', 'Syndra')",3,0,3
"('Corki', 'Jax', 'Jayce', 'Lillia', 'Poppy')",3,0,3
"('Braum', 'Jax', 'Katarina', 'Viego', 'Zeri')",0,3,3
"('Nidalee', 'Renekton', 'Skarner', 'Twisted Fate', 'Twitch')",3,0,3
"('Brand', 'Jax', 'Skarner', 'Varus', ""Vel'Koz"")",3,0,3
"('Brand', 'Corki', 'Nautilus', 'Urgot', 'Varus')",0,3,3
"('Rumble', 'Talon', 'Yasuo', 'Zeri', 'Zilean')",3,0,3
"('Heimerdinger', 'Jhin', ""Kha'Zix"", 'Rumble', 'Yone')",0,3,3
"('Hwei', 'Leona', 'Master Yi', 'Ornn', 'Tristana')",3,0,3
"('Ashe', 'Hwei', 'Leona', 'Twisted Fate', 'Viego')",3,0,3
"('Gragas', 'Kalista', 'Lee Sin', 'Nautilus', 'Varus')",0,3,3
"('Ekko', ""K'Sante"", ""Kai'Sa"", 'Seraphine', 'Twisted Fate')",0,3,3
"('Ashe', 'Illaoi', ""Kai'Sa"", 'Pantheon', 'Yone')",0,3,3
"('Brand', 'Heimerdinger', 'Irelia', 'Varus', 'Viego')",0,3,3
"('Alistar', 'Ashe', 'Orianna', 'Rengar', 'Vayne')",0,3,3
"('Corki', ""Kai'Sa"", 'Nautilus', 'Nidalee', 'Olaf')",2,1,3
"('Aphelios', 'Lissandra', 'Nautilus', 'Nidalee', 'Tryndamere')",0,3,3
"('Caitlyn', 'Lux', 'Nidalee', 'Qiyana', 'Warwick')",3,0,3
"('Aphelios', 'Lillia', 'Lulu', 'Olaf', 'Tristana')",0,3,3
"('Ashe', 'Master Yi', 'Pyke', 'Shen', 'Taliyah')",3,0,3
"('Alistar', 'Kalista', ""Rek'Sai"", 'Yasuo', 'Yone')",0,3,3
"('Caitlyn', 'Ekko', 'Heimerdinger', 'Viego', 'Vladimir')",0,3,3
"('Ashe', 'Kennen', 'Lee Sin', 'Taliyah', 'Zeri')",0,3,3
"('Blitzcrank', 'Poppy', 'Taliyah', 'Xayah', 'Zed')",0,3,3
"('Akali', 'Jax', 'Kalista', 'Nautilus', 'Olaf')",3,0,3
"('Braum', 'Corki', 'Jax', 'Lee Sin', 'Swain')",0,3,3
"('Camille', 'Galio', 'Hecarim', 'Jhin', ""Vel'Koz"")",3,0,3
"('Hecarim', 'Hwei', 'Lulu', 'Volibear', 'Zeri')",3,0,3
"('Alistar', 'Hwei', ""Kai'Sa"", ""Rek'Sai"", 'Twisted Fate')",3,0,3
"('Ahri', 'Pantheon', 'Rumble', 'Sona', 'Varus')",3,0,3
"(""K'Sante"", 'Lee Sin', 'Pyke', 'Xerath', 'Zeri')",3,0,3
"('LeBlanc', 'Lee Sin', 'Leona', 'Renekton', 'Samira')",0,3,3
"('Corki', 'Nautilus', 'Taliyah', 'Vi', 'Vladimir')",0,3,3
"('Corki', 'LeBlanc', 'Olaf', 'Poppy', 'Skarner')",3,0,3
"('Azir', 'Leona', 'Olaf', 'Varus', 'Viego')",3,0,3
"('Cassiopeia', 'Draven', 'Nautilus', 'Olaf', 'Pantheon')",0,3,3
"('Hwei', 'Jinx', 'Lulu', 'Skarner', 'Viego')",3,0,3
"('Ashe', 'Braum', 'Jayce', 'Lillia', 'Skarner')",3,0,3
"('Ezreal', ""Kai'Sa"", 'Rell', 'Taliyah', 'Twisted Fate')",0,3,3
"('Aatrox', 'Anivia', 'Draven', 'Graves', 'Pyke')",0,3,3
"('Corki', 'Hwei', 'Taric', 'Twisted Fate', 'Viego')",0,3,3
"('Karthus', 'Lissandra', 'Olaf', 'Rell', 'Samira')",0,3,3
"('Ashe', 'Maokai', 'Nasus', 'Nidalee', 'Tristana')",2,1,3
"('Caitlyn', 'Galio', 'Gnar', 'Janna', 'Lillia')",3,0,3
"('Ashe', 'Hwei', ""K'Sante"", 'Lillia', 'Rakan')",0,3,3
"('Aphelios', 'Nautilus', 'Nidalee', 'Tristana', 'Twisted Fate')",3,0,3
"('Diana', 'Heimerdinger', 'Pantheon', 'Varus', 'Viego')",3,0,3
"('Heimerdinger', 'Sylas', 'Tryndamere', 'Varus', 'Viego')",3,0,3
"('Ashe', 'Jayce', 'Karthus', 'Neeko', 'Tristana')",3,0,3
"('Kennen', 'Nautilus', 'Taliyah', 'Tristana', 'Zeri')",3,0,3
"(""Kai'Sa"", 'Orianna', 'Pantheon', 'Rell', 'Shen')",3,0,3
"('Corki', 'Hecarim', 'Nautilus', 'Orianna', 'Smolder')",3,0,3
"('Heimerdinger', 'Jayce', 'Nidalee', 'Rell', 'Zeri')",3,0,3
"('Hecarim', 'Kalista', 'LeBlanc', 'Rell', 'Udyr')",0,3,3
"('Graves', 'Jax', 'Seraphine', 'Taliyah', 'Varus')",3,0,3
"('Akali', 'Lillia', 'Neeko', 'Tristana', 'Varus')",0,3,3
"('Ashe', 'Hwei', ""Kai'Sa"", 'Skarner', 'Vi')",0,3,3
"('Caitlyn', ""K'Sante"", 'Nidalee', 'Rell', 'Yone')",0,3,3
"('Ashe', 'Bard', 'Lissandra', ""Rek'Sai"", 'Rumble')",0,3,3
"('Hecarim', 'Nunu & Willump', 'Ornn', 'Seraphine', 'Varus')",3,0,3
"('Heimerdinger', 'Lissandra', 'Master Yi', 'Tryndamere', 'Varus')",3,0,3
"('Amumu', 'Kalista', 'Lee Sin', 'Lissandra', 'Zac')",0,3,3
"('Gnar', 'Jinx', 'Karthus', 'Lissandra', 'Rakan')",3,0,3
"('Hecarim', 'Jax', ""Kai'Sa"", 'LeBlanc', 'Rell')",3,0,3
"(""Kai'Sa"", 'Katarina', 'Kennen', 'Nautilus', 'Viego')",3,0,3
"('Braum', 'Graves', ""Kai'Sa"", 'Taliyah', 'Warwick')",3,0,3
"('Gragas', ""Kai'Sa"", 'Lee Sin', 'Nautilus', 'Sylas')",0,3,3
"(""Bel'Veth"", 'Irelia', 'Jinx', 'LeBlanc', 'Nautilus')",3,0,3
"('Camille', 'Gragas', 'Kalista', 'Taliyah', 'Zed')",3,0,3
"('Gwen', 'Jinx', 'Nautilus', 'Orianna', 'Rengar')",3,0,3
"('Galio', 'Rakan', 'Tristana', 'Twitch', 'Viego')",3,0,3
"('Qiyana', 'Rell', 'Tryndamere', 'Twitch', 'Viego')",0,3,3
"('Jayce', ""Kai'Sa"", 'Leona', 'Twisted Fate', 'Udyr')",3,0,3
"('Gnar', 'Hwei', 'Jinx', 'Lee Sin', 'Nautilus')",0,3,3
"('Jinx', ""K'Sante"", 'Lillia', 'Thresh', 'Tristana')",3,0,3
"('Taliyah', 'Thresh', 'Twisted Fate', 'Varus', 'Viego')",0,3,3
"(""K'Sante"", 'Karthus', 'Nautilus', 'Tryndamere', 'Varus')",3,0,3
"(""Kai'Sa"", 'Qiyana', 'Rumble', 'Thresh', 'Xin Zhao')",3,0,3
"('Aatrox', 'Akshan', 'Brand', 'Nautilus', 'Taliyah')",3,0,3
"(""K'Sante"", 'Kindred', 'Thresh', 'Twisted Fate', 'Zeri')",3,0,3
"('Nidalee', 'Ornn', 'Ryze', 'Senna', 'Tristana')",3,0,3
"('Alistar', ""Kha'Zix"", 'Skarner', 'Varus', 'Vex')",3,0,3
"('Nidalee', 'Pantheon', 'Poppy', 'Rell', 'Smolder')",3,0,3
"('Graves', 'Hwei', ""Kai'Sa"", 'Lux', 'Volibear')",0,3,3
"('Graves', 'Jinx', 'Katarina', 'Malphite', 'Pyke')",0,3,3
"('Gwen', ""Kai'Sa"", 'Katarina', 'Pyke', 'Viego')",0,3,3
"('LeBlanc', 'Rakan', 'Riven', 'Taliyah', 'Varus')",0,3,3
"('Diana', 'Fiora', 'Nidalee', 'Seraphine', 'Sivir')",0,3,3
"('Ashe', 'Hwei', 'Nautilus', 'Olaf', 'Taliyah')",0,3,3
"('Nautilus', 'Nidalee', 'Shen', 'Tristana', 'Zeri')",3,0,3
"('Galio', 'Rakan', 'Taliyah', 'Talon', 'Xayah')",3,0,3
"('Graves', 'Poppy', 'Twitch', 'Udyr', 'Zoe')",0,3,3
"('Aphelios', 'Corki', 'Galio', 'Jax', 'Taliyah')",3,0,3
"('Camille', 'Corki', 'Illaoi', 'Orianna', 'Viego')",3,0,3
"('Ahri', 'Blitzcrank', 'Jhin', 'Vi', 'Vladimir')",3,0,3
"('Jax', ""Kai'Sa"", 'Nautilus', 'Tryndamere', 'Vladimir')",0,3,3
"('Graves', 'Jax', 'Jinx', 'Lissandra', 'Seraphine')",0,3,3
"('Alistar', 'Corki', 'Diana', 'Graves', 'Renekton')",3,0,3
"('Rell', 'Rumble', 'Vex', 'Viego', 'Zeri')",3,0,3
"('Jhin', 'LeBlanc', 'Nunu & Willump', 'Thresh', 'Twisted Fate')",3,0,3
"('Aphelios', 'Hwei', 'Jax', 'Kennen', 'Yone')",0,3,3
"('Bard', ""K'Sante"", 'Kindred', 'LeBlanc', 'Sivir')",3,0,3
"('Blitzcrank', 'Galio', 'Gragas', 'Lee Sin', 'Miss Fortune')",0,3,3
"('Aphelios', 'Jayce', ""K'Sante"", 'Nidalee', 'Rell')",1,2,3
"('Ahri', 'Ashe', 'Braum', 'Graves', ""K'Sante"")",3,0,3
"('Braum', 'Draven', 'Karthus', 'Renekton', 'Tristana')",3,0,3
"('Camille', 'Corki', 'Nautilus', 'Nidalee', 'Twisted Fate')",3,0,3
"('Aphelios', 'Galio', ""Kha'Zix"", 'Nautilus', 'Vladimir')",0,3,3
"('Braum', 'Corki', 'Nidalee', 'Renekton', 'Yone')",0,3,3
"('Ahri', 'Graves', 'Jinx', 'Skarner', 'Thresh')",3,0,3
"('Graves', ""K'Sante"", ""Kai'Sa"", 'Nautilus', 'Twisted Fate')",0,3,3
"('Draven', 'Graves', ""K'Sante"", 'Nautilus', 'Viktor')",0,3,3
"('Akshan', 'Hecarim', 'Janna', 'Jax', 'Seraphine')",3,0,3
"('Leona', ""Rek'Sai"", 'Talon', 'Twisted Fate', ""Vel'Koz"")",3,0,3
"('Nautilus', 'Ornn', 'Rumble', ""Vel'Koz"", 'Viego')",0,3,3
"('Fiora', 'Syndra', 'Taric', ""Vel'Koz"", 'Viego')",3,0,3
"('Hecarim', 'Neeko', 'Rakan', 'Riven', ""Vel'Koz"")",0,3,3
"('Azir', 'Hwei', 'Jax', 'Lillia', 'Varus')",3,0,3
"('Azir', 'Hwei', 'Irelia', 'Jax', 'Jhin')",3,0,3
"('Alistar', 'Azir', 'Darius', 'Varus', 'Viego')",0,3,3
"('Ashe', 'Azir', 'Bard', 'Hecarim', ""K'Sante"")",3,0,3
"('Corki', 'Nidalee', 'Rell', 'Varus', 'Vayne')",3,0,3
"('Ashe', 'Jax', 'Rakan', 'Viego', 'Zyra')",0,3,3
"('Ashe', ""K'Sante"", 'Rell', 'Rumble', 'Twisted Fate')",0,3,3
"('Caitlyn', 'Hecarim', 'Irelia', 'LeBlanc', 'Thresh')",3,0,3
"('Blitzcrank', 'Irelia', ""Kai'Sa"", 'Taliyah', 'Twisted Fate')",3,0,3
"('Draven', 'Irelia', 'Nautilus', 'Taliyah', 'Xin Zhao')",3,0,3
"('Aurelion Sol', 'Irelia', 'Lee Sin', 'Rakan', 'Twitch')",0,3,3
"('Ashe', 'Galio', 'Lillia', 'Seraphine', 'Skarner')",3,0,3
"('Jinx', 'Kindred', 'Malzahar', 'Skarner', 'Thresh')",0,3,3
"('Fiddlesticks', ""K'Sante"", 'Lucian', 'Yasuo', 'Zac')",0,3,3
"('Brand', 'Hwei', 'Rakan', 'Renekton', 'Twitch')",0,3,3
"('Ashe', 'Corki', 'Karma', 'Skarner', 'Taliyah')",3,0,3
"('Azir', 'Camille', 'Draven', 'Leona', 'Shaco')",3,0,3
"('Azir', 'Gragas', ""Kai'Sa"", 'Rakan', 'Vi')",0,3,3
"('Azir', 'Corki', 'Hecarim', 'Jax', 'Seraphine')",3,0,3
"('Azir', 'Karthus', 'Nautilus', 'Skarner', 'Twisted Fate')",3,0,3
"('Gragas', 'Hecarim', 'LeBlanc', 'Thresh', 'Zeri')",0,3,3
"('Azir', 'Jinx', 'Rumble', 'Skarner', 'Taliyah')",3,0,3
"('Ashe', 'Azir', 'Braum', 'Mordekaiser', ""Rek'Sai"")",3,0,3
"('Corki', 'Skarner', 'Sylas', 'Tristana', ""Vel'Koz"")",0,3,3
"('Hwei', ""K'Sante"", 'Seraphine', 'Shaco', 'Zeri')",3,0,3
"('Ekko', 'Riven', 'Skarner', 'Swain', 'Thresh')",3,0,3
"('Jhin', 'Lillia', 'Qiyana', 'Rell', 'Tryndamere')",3,0,3
"('Lillia', 'Pantheon', 'Rell', 'Samira', 'Skarner')",0,3,3
"('Darius', 'Graves', 'Rell', 'Varus', ""Vel'Koz"")",3,0,3
"('Cassiopeia', 'Kalista', 'Thresh', ""Vel'Koz"", 'Viego')",3,0,3
"('Leona', 'Master Yi', 'Smolder', 'Vayne', ""Vel'Koz"")",3,0,3
"('Akshan', 'Brand', 'Master Yi', ""Vel'Koz"", 'Yuumi')",0,3,3
"('Ashe', 'Hecarim', ""K'Sante"", 'Seraphine', ""Vel'Koz"")",0,3,3
"('Irelia', 'Jhin', 'Karma', ""Vel'Koz"", 'Viego')",3,0,3
"('Gangplank', 'Janna', 'Smolder', 'Taliyah', ""Vel'Koz"")",3,0,3
"('Corki', 'Draven', 'Karthus', 'Taric', 'Vladimir')",3,0,3
"('Amumu', 'Kennen', 'Taric', 'Tristana', 'Varus')",0,3,3
"('Hwei', 'Lillia', 'Lucian', 'Poppy', 'Taric')",3,0,3
"('Karthus', 'Qiyana', 'Taric', 'Twisted Fate', 'Varus')",0,3,3
"('Jax', 'Nunu & Willump', 'Seraphine', 'Taric', 'Yasuo')",3,0,3
"('Ezreal', 'Nidalee', 'Skarner', 'Taric', 'Tristana')",0,3,3
"('Ashe', 'Diana', 'Jax', 'Taric', 'Viego')",3,0,3
"('LeBlanc', 'Lucian', 'Riven', 'Taric', 'Viego')",3,0,3
"('Blitzcrank', 'Kalista', 'Renekton', 'Taliyah', 'Vladimir')",0,3,3
"('Kalista', 'Kassadin', ""Rek'Sai"", 'Renata Glasc', 'Vladimir')",3,0,3
"('Akali', 'Nautilus', 'Smolder', 'Viego', 'Vladimir')",3,0,3
"('Diana', ""Kai'Sa"", 'Rell', 'Twisted Fate', 'Yone')",0,3,3
"(""Bel'Veth"", ""Kai'Sa"", 'Pantheon', 'Poppy', 'Taliyah')",0,3,3
"('Blitzcrank', 'Gnar', 'Jhin', 'Lillia', 'Talon')",3,0,3
"('Illaoi', 'Kindred', 'LeBlanc', 'Rell', 'Vayne')",3,0,3
"('Azir', 'Gnar', ""Kai'Sa"", 'Nautilus', 'Viego')",3,0,3
"('Ashe', 'Braum', 'Gnar', 'Jayce', 'Nidalee')",0,3,3
"(""K'Sante"", 'Master Yi', 'Orianna', 'Pyke', 'Zeri')",3,0,3
"('Lux', 'Taric', 'Twisted Fate', 'Viego', 'Zeri')",0,3,3
"('Aatrox', 'Gragas', 'Nautilus', 'Tristana', 'Zeri')",3,0,3
"('Braum', 'Jayce', 'Orianna', 'Xin Zhao', 'Zeri')",3,0,3
"('Ashe', 'Heimerdinger', 'Irelia', 'Jayce', 'Sylas')",0,3,3
"('Jayce', 'Jinx', 'Nautilus', 'Twisted Fate', 'Udyr')",0,3,3
"('Aurelion Sol', 'Renata Glasc', 'Rumble', 'Twisted Fate', 'Viego')",3,0,3
"('Aatrox', 'Camille', 'Ekko', ""Kai'Sa"", 'Viego')",0,3,3
"('Akali', 'Ashe', 'Fiora', ""Kha'Zix"", 'Rakan')",3,0,3
"('Ashe', 'Maokai', 'Sejuani', 'Taliyah', 'Tristana')",0,3,3
"(""Kai'Sa"", 'Nidalee', 'Thresh', 'Tristana', 'Tryndamere')",3,0,3
"('Fiora', 'Kalista', 'LeBlanc', 'Lee Sin', 'Thresh')",0,3,3
"('Draven', 'Illaoi', 'LeBlanc', 'Lee Sin', 'Nautilus')",0,3,3
"('Braum', 'Caitlyn', 'Jax', 'Lillia', 'Zoe')",0,3,3
"('Blitzcrank', 'Kindred', 'LeBlanc', 'Twisted Fate', 'Volibear')",3,0,3
"('Jhin', 'Kled', 'LeBlanc', 'Pyke', 'Shaco')",3,0,3
"('Ashe', 'Corki', 'Diana', 'Rell', 'Renekton')",3,0,3
"('Ahri', 'Graves', 'Ornn', 'Senna', 'Skarner')",3,0,3
"('Akshan', 'Blitzcrank', 'Rumble', 'Varus', 'Xin Zhao')",3,0,3
"('Galio', 'Pyke', 'Taliyah', 'Talon', 'Varus')",0,3,3
"('Camille', 'Jayce', 'Nidalee', 'Pyke', 'Varus')",0,3,3
"('Ashe', 'Blitzcrank', 'Skarner', 'Viego', 'Zoe')",3,0,3
"('Alistar', 'Cassiopeia', 'Master Yi', 'Varus', 'Vex')",3,0,3
"('Caitlyn', 'Lee Sin', 'Rumble', 'Skarner', 'Taliyah')",0,3,3
"('Cassiopeia', ""K'Sante"", 'Nautilus', 'Nidalee', 'Tristana')",0,3,3
"('Ashe', 'Hwei', 'Nidalee', 'Riven', 'Varus')",3,0,3
"('Graves', 'Lucian', 'Nami', 'Syndra', 'Twisted Fate')",3,0,3
"('Diana', 'Graves', 'Kalista', 'Nautilus', 'Rumble')",3,0,3
"('Ezreal', 'Gragas', 'Hwei', 'Kindred', 'Riven')",3,0,3
"(""K'Sante"", 'Rakan', 'Taliyah', 'Talon', 'Xayah')",3,0,3
"('Aatrox', 'Corki', 'Leona', 'Nidalee', 'Tristana')",0,3,3
"('Brand', 'Nilah', 'Ornn', 'Rell', 'Talon')",0,3,3
"('Corki', 'Draven', 'Ekko', 'Leona', 'Skarner')",3,0,3
"(""Kai'Sa"", 'Lillia', 'Rakan', 'Tristana', 'Urgot')",3,0,3
"('Camille', 'Hecarim', 'Karma', 'Varus', ""Vel'Koz"")",3,0,3
"('Annie', 'Aphelios', 'Renekton', 'Talon', 'Thresh')",3,0,3
"('Alistar', 'Ashe', 'Cassiopeia', 'Talon', 'Yasuo')",0,3,3
"('Hwei', 'Jinx', ""K'Sante"", 'Lee Sin', 'Seraphine')",0,3,3
"('Akali', 'Braum', 'Kindred', 'Rumble', 'Varus')",3,0,3
"('Braum', 'Caitlyn', 'Hwei', 'Mordekaiser', 'Viego')",3,0,3
"('Blitzcrank', 'Caitlyn', 'Gnar', 'Taliyah', 'Zoe')",3,0,3
"('Ashe', 'Camille', 'Kindred', 'Ryze', 'Thresh')",0,3,3
"('Cassiopeia', 'Diana', 'Rell', 'Samira', 'Tristana')",0,3,3
"('Draven', 'Hecarim', 'Pantheon', 'Rumble', 'Thresh')",3,0,3
"('Cassiopeia', 'Kalista', 'Katarina', 'Nautilus', 'Viego')",3,0,3
"('Cassiopeia', ""K'Sante"", 'Kalista', 'Rell', 'Viego')",3,0,3
"('Annie', 'Ashe', 'Graves', 'Riven', 'Taric')",0,3,3
"('Corki', 'Graves', 'Pyke', 'Ryze', 'Zed')",3,0,3
"('Ashe', 'Corki', 'Lee Sin', 'Rumble', 'Varus')",0,3,3
"('Caitlyn', 'Cassiopeia', 'Diana', 'Senna', 'Viego')",3,0,3
"('Ashe', 'Cassiopeia', 'Nautilus', 'Xin Zhao', 'Zed')",3,0,3
"('Cassiopeia', 'Rell', 'Samira', 'Twisted Fate', 'Viego')",3,0,3
"('Jayce', 'Karthus', 'Nautilus', 'Taliyah', 'Zeri')",0,3,3
"('Camille', 'Neeko', 'Riven', 'Varus', 'Viego')",3,0,3
"('Nautilus', 'Nidalee', 'Qiyana', 'Skarner', 'Varus')",0,3,3
"('Ahri', 'Cassiopeia', 'Nautilus', 'Varus', 'Viego')",0,3,3
"('Akali', 'Aphelios', 'Gragas', ""Rek'Sai"", 'Skarner')",3,0,3
"('Blitzcrank', 'Ekko', ""Kai'Sa"", 'Rumble', 'Sion')",0,3,3
"('Akali', 'Jayce', 'Taric', 'Twitch', 'Xin Zhao')",3,0,3
"('Kassadin', 'Nidalee', 'Olaf', 'Rell', 'Twisted Fate')",0,3,3
"('Ahri', 'Jinx', 'Lillia', 'Rakan', 'Twisted Fate')",3,0,3
"('Katarina', 'Lillia', 'Pyke', 'Varus', 'Yone')",3,0,3
"('Cassiopeia', 'Jhin', 'Nidalee', 'Skarner', 'Yone')",0,3,3
"('Fiora', 'Jinx', 'Milio', 'Orianna', 'Shaco')",3,0,3
"(""Bel'Veth"", 'Hwei', 'Nautilus', 'Rumble', 'Senna')",3,0,3
"('Fiddlesticks', 'Lucian', 'Rakan', 'Tristana', 'Zeri')",0,3,3
"(""Kai'Sa"", 'Nidalee', 'Rakan', 'Skarner', 'Yone')",1,2,3
"(""Bel'Veth"", 'Draven', 'Poppy', 'Thresh', 'Twisted Fate')",3,0,3
"('Ahri', 'Camille', 'Graves', 'Poppy', 'Varus')",3,0,3
"('Blitzcrank', 'Graves', ""K'Sante"", 'Orianna', 'Varus')",3,0,3
"('Brand', 'Jayce', ""Kai'Sa"", 'Kled', 'Rell')",3,0,3
"('Alistar', 'Azir', 'Cassiopeia', 'Fiora', ""Rek'Sai"")",3,0,3
"('Bard', 'Camille', 'Jhin', 'LeBlanc', 'Viego')",0,3,3
"('Draven', 'Jayce', 'Lee Sin', 'Nautilus', 'Rumble')",0,3,3
"('Aatrox', 'Lucian', 'Nautilus', 'Taliyah', 'Yone')",3,0,3
"('Hwei', 'Jinx', 'Kindred', 'Nautilus', 'Twisted Fate')",3,0,3
"('Corki', 'Lulu', 'Skarner', 'Sylas', 'Talon')",3,0,3
"('Rakan', 'Talon', 'Twisted Fate', 'Vex', 'Zeri')",0,3,3
"('Corki', 'Gwen', 'Skarner', 'Taric', 'Twitch')",0,3,3
"('Ashe', 'Ekko', ""K'Sante"", 'Pyke', 'Yone')",3,0,3
"('Ashe', 'Azir', 'Nautilus', 'Shen', 'Viego')",3,0,3
"('Alistar', 'Corki', 'Jinx', 'Taliyah', 'Viego')",3,0,3
"('Graves', ""Kai'Sa"", 'Katarina', 'Malphite', 'Nautilus')",0,3,3
"(""Kai'Sa"", 'Olaf', 'Rell', 'Talon', 'Tristana')",3,0,3
"('Diana', 'Jax', ""Kai'Sa"", 'Lee Sin', 'Rell')",0,3,3
"('Cassiopeia', 'Corki', 'Graves', 'Rumble', 'Tristana')",0,3,3
"('Azir', ""Kai'Sa"", 'Lee Sin', 'Mordekaiser', 'Thresh')",0,3,3
"('Fiddlesticks', 'Jayce', 'Malphite', 'Nautilus', 'Varus')",0,3,3
"('Diana', 'Irelia', 'Jinx', 'Sejuani', 'Thresh')",3,0,3
"('Ashe', 'Graves', 'Kennen', 'Nautilus', 'Vladimir')",3,0,3
"('Gwen', 'Lucian', 'Malphite', 'Nami', 'Tristana')",0,3,3
"('Katarina', 'Rumble', 'Skarner', 'Viego', 'Xayah')",3,0,3
"('Corki', 'Jayce', 'Lucian', 'Nami', 'Sylas')",3,0,3
"('Nautilus', 'Taliyah', 'Tristana', 'Twisted Fate', 'Zeri')",3,0,3
"('Katarina', 'Lillia', 'Pyke', 'Urgot', 'Varus')",0,3,3
"('Rell', 'Samira', 'Udyr', 'Viego', 'Xerath')",0,3,3
"('Jayce', ""K'Sante"", 'Nidalee', 'Rell', 'Varus')",3,0,3
"('Lucian', 'Nami', 'Riven', 'Viego', 'Xerath')",3,0,3
"('Aatrox', 'Akshan', 'Alistar', 'Nidalee', 'Smolder')",0,3,3
"('Jax', 'Lee Sin', 'Orianna', 'Pyke', 'Zeri')",3,0,3
"('Akshan', 'Gragas', ""Kai'Sa"", 'Karthus', 'Nautilus')",0,3,3
"('Orianna', 'Pyke', 'Sejuani', 'Udyr', 'Varus')",0,3,3
"('Kennen', 'Nidalee', 'Rakan', 'Tristana', 'Zeri')",3,0,3
"('Jax', 'Nautilus', 'Neeko', 'Nilah', ""Rek'Sai"")",0,3,3
"('Akali', 'Nautilus', 'Rumble', 'Senna', 'Vi')",0,3,3
"('Hwei', 'Rell', 'Twisted Fate', 'Varus', 'Viego')",3,0,3
"('Anivia', 'Cassiopeia', 'Nautilus', 'Viego', 'Zeri')",3,0,3
"('Akshan', 'Cassiopeia', 'Diana', 'Leona', 'Viego')",3,0,3
"('Camille', 'Graves', 'Riven', 'Taliyah', 'Varus')",3,0,3
"('Ahri', 'Graves', ""Kai'Sa"", 'Olaf', 'Rell')",0,3,3
"('Maokai', 'Miss Fortune', 'Rell', 'Urgot', 'Viego')",0,3,3
"('Fiora', 'Gragas', 'Jayce', ""Kai'Sa"", 'Maokai')",0,3,3
"('Jinx', 'LeBlanc', 'Lee Sin', 'Nautilus', 'Rumble')",3,0,3
"('Alistar', 'Kalista', 'Pantheon', 'Rumble', 'Zed')",3,0,3
"('Akshan', ""K'Sante"", 'Nautilus', 'Nidalee', 'Tristana')",0,3,3
"('Alistar', 'LeBlanc', ""Rek'Sai"", 'Viego', 'Zeri')",3,0,3
"('Jhin', 'Nautilus', 'Taliyah', 'Viego', 'Volibear')",0,3,3
"('Akshan', 'Fiora', 'Milio', 'Nidalee', 'Tristana')",3,0,3
"('Ashe', 'Aurelion Sol', 'Bard', 'Rengar', 'Riven')",0,3,3
"(""K'Sante"", 'Nidalee', 'Ornn', 'Senna', 'Zed')",0,3,3
"('Bard', 'Caitlyn', 'Lee Sin', 'Lissandra', 'Poppy')",3,0,3
"('Ahri', 'Braum', 'Graves', 'Jinx', 'Rumble')",3,0,3
"('Akshan', 'Kennen', 'Nautilus', 'Varus', 'Viego')",0,3,3
"('Nautilus', 'Samira', 'Talon', 'Twisted Fate', 'Varus')",3,0,3
"('Caitlyn', 'Karma', 'Kindred', 'Lux', 'Skarner')",0,3,3
"('Darius', 'Hwei', 'Jhin', 'Maokai', 'Viego')",3,0,3
"('Ekko', ""Kai'Sa"", 'Rell', 'Renekton', 'Tristana')",0,3,3
"(""Kai'Sa"", 'Nautilus', 'Rengar', 'Riven', 'Sylas')",0,3,3
"('Graves', 'Lux', 'Nocturne', 'Orianna', 'Varus')",3,0,3
"('Jayce', ""Kai'Sa"", 'Lillia', 'Rakan', 'Rumble')",3,0,3
"('Brand', 'Corki', 'Poppy', 'Renekton', 'Skarner')",0,3,3
"('Jax', 'Nidalee', 'Ornn', 'Senna', 'Yone')",0,3,3
"('Jinx', ""K'Sante"", 'Senna', 'Syndra', 'Viego')",0,3,3
"(""Kog'Maw"", 'Lee Sin', 'Lulu', 'Orianna', 'Urgot')",0,3,3
"('Ashe', 'Cassiopeia', 'Katarina', 'Lee Sin', 'Nautilus')",3,0,3
"('Jayce', 'Jhin', 'Kennen', 'Lillia', 'Nautilus')",3,0,3
"('Jax', ""Kai'Sa"", 'Kled', 'Nautilus', 'Nidalee')",3,0,3
"('Gragas', 'Graves', 'Janna', 'Neeko', 'Xayah')",3,0,3
"('Aurelion Sol', 'Galio', 'Riven', 'Senna', 'Viego')",3,0,3
"('Hwei', 'Karma', 'Lillia', 'Renekton', 'Varus')",3,0,3
"('Garen', 'Seraphine', 'Taliyah', 'Twisted Fate', 'Varus')",3,0,3
"('Ashe', 'Karthus', 'Lee Sin', 'Pyke', 'Vladimir')",3,0,3
"('Brand', 'Corki', 'Jhin', 'Nasus', 'Taric')",3,0,3
"('Karthus', 'Lissandra', 'Nautilus', 'Renekton', 'Zeri')",0,3,3
"('Jayce', 'Jinx', 'Nautilus', 'Nidalee', 'Riven')",0,3,3
"('Ashe', 'Hwei', 'Lee Sin', 'Leona', 'Skarner')",3,0,3
"('Fiddlesticks', 'Nautilus', 'Varus', 'Viego', 'Zoe')",3,0,3
"('Camille', 'Rakan', 'Smolder', 'Syndra', 'Viego')",3,0,3
"('Alistar', 'Camille', 'Kalista', 'Nidalee', 'Yone')",0,3,3
"('Aatrox', 'Corki', 'Kindred', 'Pyke', 'Swain')",3,0,3
"('Hwei', 'Jax', 'Lucian', 'Nami', 'Riven')",3,0,3
"('Caitlyn', 'Hwei', 'Nautilus', 'Renekton', 'Viego')",0,3,3
"('Lucian', 'Orianna', 'Rell', 'Rumble', 'Vi')",3,0,3
"('Jayce', 'Jhin', 'Lillia', 'Neeko', 'Yone')",0,3,3
"('Dr. Mundo', 'Lucian', 'Nami', 'Shen', 'Taliyah')",3,0,3
"('Camille', 'Hwei', 'Nautilus', 'Skarner', 'Zeri')",3,0,3
"('Cassiopeia', 'Lee Sin', 'Lux', 'Miss Fortune', 'Nautilus')",0,3,3
"('Ashe', 'Camille', 'Cassiopeia', 'Jayce', 'Lillia')",0,3,3
"('Blitzcrank', ""Kai'Sa"", 'Orianna', 'Sett', 'Viego')",0,3,3
"('LeBlanc', 'Miss Fortune', 'Nidalee', 'Rell', 'Urgot')",3,0,3
"('Jayce', 'Jinx', 'Nidalee', 'Poppy', 'Rell')",3,0,3
"('Akshan', 'Elise', 'Jax', 'Nilah', 'Rell')",3,0,3
"('Braum', 'Camille', 'Jinx', 'Nidalee', 'Riven')",0,3,3
"('Cassiopeia', 'Hwei', ""Kai'Sa"", ""Kha'Zix"", 'Nautilus')",3,0,3
"('Cassiopeia', 'Ezreal', 'Nautilus', 'Sejuani', 'Tristana')",0,3,3
"('Ashe', 'Braum', 'Cassiopeia', 'Graves', 'Twisted Fate')",3,0,3
"('Corki', 'Nidalee', 'Ornn', 'Rakan', 'Zeri')",0,3,3
"('Hwei', 'Janna', ""K'Sante"", 'Talon', 'Zeri')",0,3,3
"('Akali', 'Kennen', 'Lee Sin', 'Lux', 'Varus')",3,0,3
"('Gwen', 'Kindred', 'Pyke', 'Sylas', 'Varus')",0,3,3
"('Cassiopeia', 'Nautilus', 'Talon', 'Varus', 'Zoe')",0,3,3
"('Diana', 'Jinx', 'Nautilus', 'Renekton', 'Yone')",3,0,3
"('Akali', ""Bel'Veth"", 'Camille', 'Nilah', 'Seraphine')",3,0,3
"(""Kai'Sa"", ""Kha'Zix"", 'Nautilus', 'Riven', 'Xerath')",3,0,3
"('Corki', 'Nautilus', 'Taliyah', 'Varus', 'Vayne')",3,0,3
"('Poppy', 'Rell', 'Taliyah', 'Tristana', 'Zeri')",3,0,3
"('Diana', 'Draven', 'Jax', 'Rell', 'Twisted Fate')",3,0,3
"('Jhin', 'Neeko', 'Poppy', 'Riven', 'Taliyah')",0,3,3
"('Jinx', 'Lillia', 'Thresh', 'Udyr', 'Yone')",3,0,3
"(""Kai'Sa"", 'Karthus', 'Leona', 'Pyke', 'Vayne')",0,3,3
"('Camille', 'Cassiopeia', 'Gragas', 'Rumble', 'Varus')",0,3,3
"('Kalista', 'Orianna', 'Pyke', 'Riven', 'Viego')",0,3,3
"('Corki', 'Darius', 'Jinx', 'Rumble', 'Thresh')",0,3,3
"('Corki', 'Gwen', 'Rell', ""Vel'Koz"", 'Viego')",3,0,3
"('Camille', ""Kha'Zix"", 'LeBlanc', 'Vayne', 'Zeri')",3,0,3
"('Jinx', 'Nidalee', 'Rakan', 'Riven', 'Tristana')",0,3,3
"('Bard', 'Caitlyn', 'Ekko', 'Jax', 'Twisted Fate')",3,0,3
"('Cassiopeia', 'Janna', 'Nilah', 'Taliyah', 'Tristana')",0,3,3
"('Corki', 'Hwei', ""Kha'Zix"", 'Nami', 'Vladimir')",0,3,3
"('Jhin', ""K'Sante"", 'Lee Sin', 'Maokai', 'Orianna')",0,3,3
"('Azir', 'Jinx', 'Lillia', 'Nautilus', 'Twisted Fate')",0,3,3
"('Graves', 'Hwei', 'Jhin', 'Nautilus', 'Skarner')",0,3,3
"('Graves', 'Hwei', 'Jhin', 'Pyke', 'Rumble')",3,0,3
"('Jax', 'Katarina', 'Nautilus', 'Varus', 'Viego')",3,0,3
"('Malzahar', 'Pyke', 'Sivir', 'Twisted Fate', 'Wukong')",3,0,3
"('Aurelion Sol', 'Blitzcrank', ""Kai'Sa"", 'Lee Sin', 'Warwick')",3,0,3
"('Lee Sin', 'Rumble', 'Senna', 'Seraphine', 'Tahm Kench')",0,3,3
"('Poppy', 'Ryze', 'Taliyah', 'Tristana', 'Varus')",0,3,3
"('Camille', 'Nautilus', 'Nidalee', 'Senna', 'Tristana')",3,0,3
"('Hwei', 'Jayce', 'Jinx', 'Olaf', 'Rell')",0,3,3
"('LeBlanc', 'Lee Sin', 'Milio', 'Renekton', 'Smolder')",0,3,3
"('Akshan', 'Brand', 'Camille', ""Kai'Sa"", 'Poppy')",3,0,3
"('Nidalee', 'Rell', 'Seraphine', 'Skarner', 'Zed')",0,3,3
"('Nautilus', 'Varus', 'Viego', 'Warwick', 'Zoe')",0,3,3
"('Akali', 'Corki', 'Galio', 'Qiyana', ""Rek'Sai"")",3,0,3
"('Jhin', 'Nidalee', 'Poppy', 'Renekton', 'Twisted Fate')",3,0,3
"('Jinx', 'Milio', 'Taliyah', 'Tristana', 'Tryndamere')",3,0,3
"('Ashe', 'Diana', 'Draven', 'Graves', 'Zac')",0,3,3
"('Draven', 'Hwei', 'Kindred', 'Pyke', 'Warwick')",3,0,3
"(""Kai'Sa"", 'Katarina', 'Rakan', 'Xin Zhao', 'Zac')",3,0,3
"('Ashe', 'Jax', 'Leona', 'Sejuani', 'Yone')",0,3,3
"('Hwei', ""Kai'Sa"", 'Lee Sin', 'Rell', 'Rumble')",3,0,3
"('Akali', 'Hwei', 'Lee Sin', 'Skarner', 'Varus')",3,0,3
"('Jax', 'Jinx', 'Lillia', 'Thresh', 'Yasuo')",3,0,3
"('Ashe', 'LeBlanc', 'Renata Glasc', 'Skarner', 'Viego')",3,0,3
"('Cassiopeia', 'Darius', 'Hecarim', 'Lucian', 'Nami')",0,3,3
"('Corki', 'Jhin', 'Katarina', 'Seraphine', 'Udyr')",3,0,3
"('Ashe', 'Darius', 'Diana', 'Lillia', 'Milio')",3,0,3
"('Brand', 'Gnar', 'Qiyana', 'Rakan', 'Xayah')",0,3,3
"('Caitlyn', 'Hwei', 'Kindred', 'Rumble', 'Thresh')",3,0,3
"('Gragas', 'Hecarim', 'Milio', 'Riven', 'Twitch')",0,3,3
"('Ezreal', 'Rell', 'Renekton', 'Sion', 'Taliyah')",3,0,3
"('Corki', 'Galio', 'Jax', 'Lee Sin', 'Orianna')",0,3,3
"('Jayce', ""Kai'Sa"", 'LeBlanc', 'Rell', 'Viego')",3,0,3
"('Gnar', 'Hwei', 'Jhin', 'Rell', 'Viego')",3,0,3
"('Ashe', 'Kennen', ""Kha'Zix"", 'Nautilus', 'Twisted Fate')",3,0,3
"('Dr. Mundo', 'Lillia', 'Lucian', 'Nami', 'Twisted Fate')",0,3,3
"('Azir', ""Kai'Sa"", 'Rakan', 'Vayne', 'Viego')",3,0,3
"('Jax', 'Malphite', 'Milio', 'Orianna', 'Zeri')",0,3,3
"('Ashe', 'LeBlanc', 'Pantheon', 'Renata Glasc', 'Viego')",3,0,3
"('Jayce', 'Jinx', ""K'Sante"", 'Karthus', 'Nautilus')",3,0,3
"('Ashe', 'Camille', 'Hwei', 'Pyke', 'Talon')",3,0,3
"('Braum', 'Hwei', 'Kindred', 'Lucian', 'Skarner')",3,0,3
"('Bard', 'Hwei', 'Jhin', 'Renekton', 'Talon')",3,0,3
"('Ashe', 'Illaoi', 'Katarina', ""Kha'Zix"", 'Nautilus')",0,3,3
"('Graves', 'Hwei', 'Rakan', 'Rumble', 'Sivir')",3,0,3
"('Camille', 'Hwei', ""Rek'Sai"", 'Twisted Fate', 'Twitch')",3,0,3
"('Nautilus', 'Pantheon', 'Twisted Fate', 'Varus', 'Warwick')",0,3,3
"('Annie', ""Kai'Sa"", 'Skarner', 'Viego', 'Warwick')",3,0,3
"(""Kai'Sa"", 'Orianna', 'Pyke', 'Skarner', 'Viego')",3,0,3
"('Caitlyn', 'Irelia', 'Morgana', 'Taliyah', 'Tristana')",3,0,3
"('Ashe', 'Corki', ""Kai'Sa"", 'Karthus', 'Kled')",3,0,3
"('Diana', 'Nilah', 'Pyke', ""Rek'Sai"", 'Skarner')",3,0,3
"('Aatrox', 'Corki', 'Elise', 'Lucian', 'Nami')",3,0,3
"('Akali', 'Nautilus', 'Smolder', 'Tristana', 'Zac')",3,0,3
"('Fiddlesticks', ""Kai'Sa"", 'Nasus', 'Rell', 'Udyr')",3,0,3
"('Draven', 'Irelia', 'Pantheon', 'Rumble', 'Taliyah')",3,0,3
"('Corki', 'Ekko', ""Kai'Sa"", 'Shen', 'Vi')",3,0,3
"('Ashe', 'Diana', 'Hwei', 'Viego', 'Warwick')",3,0,3
"('Ezreal', 'Jayce', 'Poppy', 'Rumble', 'Skarner')",3,0,3
"('Ashe', 'Gragas', ""K'Sante"", 'Lillia', 'Tristana')",0,3,3
"('Irelia', 'Lulu', 'Orianna', 'Vi', 'Zeri')",3,0,3
"('Ekko', 'Rell', 'Renekton', 'Twitch', 'Yasuo')",3,0,3
"('Camille', ""Kai'Sa"", 'Rell', 'Viego', 'Zoe')",3,0,3
"('Aphelios', 'Diana', 'Jayce', 'Kindred', 'Milio')",3,0,3
"('Nidalee', 'Tristana', 'Urgot', 'Zac', 'Zeri')",3,0,3
"('Gragas', 'Lillia', 'Nautilus', 'Sivir', 'Talon')",3,0,3
"('Ezreal', ""K'Sante"", 'Lillia', 'Rell', 'Riven')",3,0,3
"('Corki', 'Lillia', 'Rumble', 'Skarner', 'Tristana')",3,0,3
"('Corki', 'Lucian', 'Nidalee', 'Rell', 'Rumble')",3,0,3
"(""Bel'Veth"", 'Hwei', ""Kai'Sa"", 'Pyke', 'Rengar')",3,0,3
"('Caitlyn', 'Nidalee', 'Seraphine', 'Urgot', 'Yone')",0,3,3
"('Darius', 'Galio', 'Nidalee', 'Senna', 'Varus')",3,0,3
"('Jax', 'Lillia', 'Lucian', 'Milio', 'Talon')",3,0,3
"('Ahri', 'Hecarim', 'Lucian', 'Poppy', 'Taric')",0,3,3
"('Aatrox', 'Ashe', 'Diana', 'Kalista', 'Viego')",3,0,3
"('Braum', 'Corki', 'Jinx', 'Lillia', 'Vayne')",0,3,3
"('Hwei', 'Lucian', 'Nami', 'Rumble', 'Viego')",3,0,3
"('Blitzcrank', 'Hwei', ""Kha'Zix"", 'Malphite', 'Varus')",0,3,3
"('Fiddlesticks', 'Gragas', ""Kai'Sa"", 'Nautilus', 'Viego')",3,0,3
"(""Kai'Sa"", 'Lillia', 'Pyke', 'Qiyana', 'Warwick')",3,0,3
"('Alistar', 'Jhin', 'Karthus', 'Poppy', 'Yone')",0,3,3
"('Corki', 'Jayce', ""Kha'Zix"", 'Nautilus', 'Xerath')",3,0,3
"('Draven', 'Jax', 'Lux', 'Taliyah', 'Tristana')",0,3,3
"('Aatrox', 'Azir', 'Nautilus', 'Senna', 'Viego')",3,0,3
"('Ekko', 'Ezreal', ""K'Sante"", 'Senna', 'Tristana')",0,3,3
"('Draven', 'Hwei', 'Poppy', 'Skarner', 'Viego')",3,0,3
"('Blitzcrank', ""Kai'Sa"", 'Nidalee', 'Twisted Fate', 'Yone')",3,0,3
"('Katarina', 'Leona', 'Viego', 'Warwick', 'Ziggs')",3,0,3
"('Aphelios', 'Hwei', 'Karthus', 'Leona', 'Tryndamere')",3,0,3
"('Corki', 'Ekko', 'Taric', 'Vi', 'Warwick')",0,3,3
"('Akali', 'Brand', 'Draven', 'Pyke', 'Tristana')",3,0,3
"('Cassiopeia', ""Kai'Sa"", ""Kha'Zix"", 'LeBlanc', 'Nautilus')",0,3,3
"('Alistar', 'Aurelion Sol', 'Cassiopeia', 'Kindred', 'Smolder')",0,3,3
"('Irelia', 'Jinx', 'Leona', 'Lillia', 'Tristana')",0,3,3
"('Ashe', 'Fiora', 'Graves', 'Katarina', 'Soraka')",3,0,3
"('Ashe', 'Camille', 'Galio', 'Graves', 'Nautilus')",0,3,3
"('Akali', 'Jax', 'Lee Sin', 'Nautilus', 'Senna')",0,3,3
"('Gnar', 'Lillia', 'Pantheon', 'Rell', 'Varus')",3,0,3
"('Azir', 'Graves', ""Kai'Sa"", 'Pyke', 'Rumble')",0,3,3
"('Alistar', 'Corki', 'Ekko', 'Twisted Fate', 'Varus')",3,0,3
"('Alistar', 'Graves', 'Jhin', 'Katarina', 'LeBlanc')",3,0,3
"('Jhin', 'Karthus', 'Katarina', 'Pyke', 'Rumble')",3,0,3
"('Azir', 'Corki', 'Rakan', 'Talon', 'Twisted Fate')",3,0,3
"('Graves', 'Rakan', 'Skarner', 'Varus', 'Zoe')",3,0,3
"('Ezreal', 'LeBlanc', 'Leona', 'Rumble', 'Talon')",3,0,3
"('Camille', 'Draven', 'Galio', 'Gragas', 'Talon')",0,3,3
"('Corki', 'Nidalee', 'Rell', 'Twisted Fate', 'Zeri')",3,0,3
"('Karthus', 'Rakan', 'Shen', 'Talon', 'Tristana')",3,0,3
"('Ashe', 'Talon', 'Udyr', 'Varus', 'Zoe')",3,0,3
"('Diana', 'Janna', ""K'Sante"", ""Kha'Zix"", 'Varus')",0,3,3
"('Aurelion Sol', 'Kennen', 'Senna', 'Talon', 'Taric')",0,3,3
"('Jax', 'Lissandra', 'Lucian', 'Nami', 'Talon')",3,0,3
"('Akshan', 'Ashe', 'Camille', 'Ekko', 'Pyke')",3,0,3
"('Alistar', 'Aphelios', 'Graves', 'Hwei', 'Skarner')",3,0,3
"('Ashe', 'Rumble', 'Skarner', 'Viego', 'Zac')",0,3,3
"('Jinx', 'Nautilus', 'Talon', 'Zac', 'Zoe')",0,3,3
"('Alistar', 'Gwen', 'Hwei', 'Jhin', 'Viego')",3,0,3
"('Akshan', 'Fiddlesticks', 'Jayce', 'Jhin', ""K'Sante"")",3,0,3
"('Nautilus', 'Orianna', 'Rumble', 'Talon', 'Varus')",3,0,3
"('Graves', 'Lissandra', 'Rakan', ""Rek'Sai"", 'Zeri')",3,0,3
"('Corki', 'Skarner', 'Talon', 'Vayne', 'Zed')",0,3,3
"('Camille', 'Diana', ""Kai'Sa"", 'Pyke', 'Talon')",0,3,3
"('Aatrox', 'Akshan', 'Alistar', 'Nidalee', 'Samira')",3,0,3
"('Jayce', 'Jhin', 'Rell', 'Udyr', 'Yasuo')",0,3,3
"('Camille', 'Elise', 'Ezreal', 'Pyke', 'Yone')",3,0,3
"('Akali', 'Akshan', 'Blitzcrank', 'Jinx', 'Lee Sin')",3,0,3
"('Ahri', 'Graves', 'Jinx', 'Nautilus', 'Warwick')",3,0,3
"('Lucian', 'Nami', 'Olaf', 'Pantheon', 'Twisted Fate')",0,3,3
"('Akshan', 'Braum', 'Jinx', 'Lillia', 'Zed')",3,0,3
"('Jayce', 'Lee Sin', 'Lillia', 'Maokai', 'Senna')",0,3,3
"('Akali', 'Corki', 'Olaf', 'Rakan', 'Rengar')",3,0,3
"('Akshan', ""K'Sante"", 'Lillia', 'Lucian', 'Nami')",3,0,3
"(""Kai'Sa"", 'Nocturne', 'Orianna', 'Pyke', 'Viego')",0,3,3
"('Gragas', 'Jinx', 'Kindred', 'Pantheon', 'Thresh')",3,0,3
"('Kalista', 'Karthus', 'Renekton', 'Thresh', 'Zed')",0,3,3
"('Cassiopeia', 'Hwei', 'Pyke', ""Rek'Sai"", 'Talon')",3,0,3
"('Camille', 'Karthus', 'Skarner', 'Smolder', 'Twisted Fate')",0,3,3
"('Ashe', 'Azir', 'Camille', 'Graves', 'Pyke')",3,0,3
"('Aurelion Sol', 'Camille', 'Olaf', 'Seraphine', 'Tristana')",0,3,3
"('Ahri', 'Graves', ""K'Sante"", ""Kai'Sa"", 'Rakan')",3,0,3
"('Fiora', 'Hwei', 'Lee Sin', 'Rumble', 'Varus')",3,0,3
"('Graves', 'Hwei', 'Nautilus', 'Sivir', 'Vladimir')",0,3,3
"('Fiddlesticks', 'Jax', 'Kalista', 'Poppy', 'Tristana')",3,0,3
"('Aphelios', 'Gnar', 'Hwei', 'Nautilus', 'Viego')",3,0,3
"('Aphelios', 'Graves', ""K'Sante"", 'Taliyah', 'Thresh')",0,3,3
"('Lee Sin', 'Lucian', 'Nami', 'Rumble', 'Tristana')",3,0,3
"('Brand', 'Jax', 'Rumble', 'Tristana', 'Varus')",0,3,3
"('Galio', 'Irelia', 'Lillia', 'Skarner', 'Zeri')",3,0,3
"('Caitlyn', 'Fiora', 'LeBlanc', ""Rek'Sai"", 'Shaco')",0,3,3
"('Lissandra', 'Neeko', 'Skarner', 'Varus', 'Viego')",3,0,3
"('Nidalee', 'Ornn', 'Senna', 'Skarner', 'Tristana')",3,0,3
"('Hwei', ""K'Sante"", 'Nautilus', 'Senna', 'Talon')",0,3,3
"('Alistar', 'Hwei', 'Jhin', 'Kennen', 'Lee Sin')",3,0,3
"('Blitzcrank', ""Kai'Sa"", 'Orianna', 'Rengar', 'Skarner')",0,3,3
"('Ashe', 'Irelia', ""Kha'Zix"", 'Nautilus', 'Syndra')",3,0,3
"('Cassiopeia', ""Kai'Sa"", 'Nautilus', 'Tristana', 'Vi')",0,3,3
"('Camille', 'Galio', 'Jayce', ""Kai'Sa"", 'Nidalee')",3,0,3
"('Aatrox', 'Alistar', 'Draven', 'Fiddlesticks', 'Katarina')",0,3,3
"('Amumu', 'Ashe', 'Ekko', ""K'Sante"", 'Viego')",0,3,3
"('Galio', 'Graves', ""Kai'Sa"", 'Rumble', 'Yasuo')",0,3,3
"('Irelia', 'Kalista', 'Neeko', 'Poppy', 'Sejuani')",0,3,3
"('Diana', ""Kai'Sa"", 'Morgana', 'Renekton', 'Viego')",3,0,3
"('Hwei', ""K'Sante"", 'Lucian', 'Nami', 'Viego')",1,2,3
"('Leona', 'Poppy', 'Viego', 'Xayah', 'Xerath')",3,0,3
"('Cassiopeia', 'Graves', 'Jinx', 'Seraphine', 'Twisted Fate')",0,3,3
"('Camille', 'Kindred', 'Nautilus', 'Taliyah', 'Zeri')",3,0,3
"('Gragas', 'Graves', 'Jax', ""Kai'Sa"", 'Rakan')",3,0,3
"(""Kai'Sa"", 'Kled', 'Rell', ""Vel'Koz"", 'Vi')",0,3,3
"('Jax', 'Orianna', 'Senna', 'Volibear', 'Zeri')",0,3,3
"('Alistar', 'Lillia', 'Pantheon', 'Rumble', 'Zeri')",3,0,3
"(""Kai'Sa"", 'Nautilus', 'Nidalee', 'Pantheon', 'Yasuo')",3,0,3
"('Aatrox', 'Graves', 'Nilah', 'Senna', 'Twisted Fate')",3,0,3
"('Draven', 'Renekton', 'Taliyah', 'Thresh', 'Twisted Fate')",3,0,3
"('Camille', 'Pantheon', 'Skarner', 'Smolder', 'Taliyah')",3,0,3
"('Cassiopeia', 'Corki', 'Graves', 'Nautilus', 'Tristana')",3,0,3
"('Ekko', 'Jinx', 'Rell', 'Rumble', 'Yasuo')",0,3,3
"('Ahri', 'Draven', 'Graves', 'Jax', 'Skarner')",3,0,3
"('Alistar', ""Bel'Veth"", 'Hwei', 'Renekton', 'Varus')",3,0,3
"('Ashe', 'Hwei', 'Renata Glasc', 'Skarner', 'Sylas')",3,0,3
"('Rakan', 'Rumble', 'Twisted Fate', 'Varus', 'Viego')",3,0,3
"('Corki', 'Darius', 'Nautilus', 'Neeko', 'Viego')",3,0,3
"('Lee Sin', 'Leona', 'Rumble', 'Tristana', 'Zeri')",0,3,3
"('Aphelios', 'Hwei', 'Nautilus', 'Skarner', 'Viego')",0,3,3
"('Galio', 'Lee Sin', 'Nautilus', 'Rumble', 'Varus')",0,3,3
"('Akali', 'Gnar', 'Rell', 'Varus', 'Wukong')",0,3,3
"('Aurelion Sol', 'Camille', 'Jhin', 'Kindred', 'Olaf')",0,3,3
"('Ashe', 'Kalista', 'Malzahar', 'Pantheon', 'Rumble')",0,3,3
"('Aatrox', 'Corki', 'Graves', 'Nautilus', 'Xerath')",3,0,3
"('Rakan', 'Taliyah', 'Tristana', 'Varus', 'Warwick')",3,0,3
"('Hwei', 'Nilah', 'Pantheon', 'Rumble', 'Wukong')",0,3,3
"('Camille', ""Kai'Sa"", 'Rell', 'Taliyah', 'Yone')",3,0,3
"('Camille', 'Hecarim', ""Kai'Sa"", 'LeBlanc', 'Nautilus')",3,0,3
"('Lee Sin', 'Nautilus', 'Ornn', 'Twitch', 'Zoe')",3,0,3
"('Camille', 'LeBlanc', 'Lee Sin', 'Rell', 'Zeri')",3,0,3
"('Ashe', 'Lillia', 'Lulu', 'Twisted Fate', 'Yone')",0,3,3
"('Irelia', 'Jax', 'Kalista', 'Poppy', 'Taliyah')",3,0,3
"('Corki', 'Jayce', 'Milio', 'Rumble', 'Taliyah')",3,0,3
"('Fiora', 'LeBlanc', 'Lucian', 'Nami', 'Skarner')",3,0,3
"('Caitlyn', 'Jayce', ""Rek'Sai"", 'Seraphine', 'Zoe')",0,3,3
"('Jinx', ""Rek'Sai"", 'Rell', 'Twisted Fate', 'Veigar')",3,0,3
"('Jhin', 'Nautilus', 'Pantheon', 'Taliyah', 'Viego')",0,3,3
"('Akshan', 'Gragas', ""K'Sante"", 'Kalista', 'Leona')",3,0,3
"('Annie', 'Irelia', 'Kled', 'Skarner', 'Smolder')",3,0,3
"('Aatrox', 'Lee Sin', 'Seraphine', 'Syndra', 'Zeri')",0,3,3
"('Aurelion Sol', 'Corki', 'Lee Sin', 'Rakan', 'Skarner')",0,3,3
"('Caitlyn', 'Nautilus', 'Rumble', 'Taliyah', 'Talon')",3,0,3
"('Ashe', 'Corki', 'Gragas', 'Jayce', 'Pantheon')",0,3,3
"('Akali', 'Brand', 'Braum', 'Darius', 'Jinx')",3,0,3
"('Brand', 'Caitlyn', 'Jax', 'Lux', 'Tristana')",0,3,3
"('Caitlyn', 'Kennen', 'Lux', 'Skarner', 'Tristana')",3,0,3
"('Aatrox', 'Azir', 'Caitlyn', 'Pyke', 'Viego')",3,0,3
"('Brand', 'Corki', 'Jax', 'Nautilus', 'Pantheon')",3,0,3
"('Draven', 'Jayce', 'Nidalee', 'Ornn', 'Senna')",3,0,3
"('Aatrox', 'Lee Sin', 'Nautilus', 'Syndra', 'Varus')",0,3,3
"('Aphelios', 'Jayce', 'Nautilus', 'Nidalee', 'Tristana')",0,3,3
"('Ahri', 'Elise', 'Jinx', 'Poppy', 'Thresh')",3,0,3
"('Corki', 'Maokai', 'Neeko', 'Nidalee', 'Varus')",0,3,3
"('Draven', 'Leona', 'Nidalee', 'Poppy', 'Tryndamere')",3,0,3
"('Gwen', 'Lucian', 'Seraphine', 'Taric', 'Vayne')",3,0,3
"('Ashe', ""K'Sante"", 'Pyke', 'Taliyah', 'Tristana')",3,0,3
"('Gragas', ""Kai'Sa"", 'Rell', 'Skarner', 'Syndra')",3,0,3
"('Graves', 'Nautilus', 'Renekton', 'Varus', ""Vel'Koz"")",3,0,3
"('Akshan', 'Braum', 'Taliyah', 'Warwick', 'Zeri')",3,0,3
"('Corki', 'Lee Sin', 'Poppy', 'Skarner', 'Twisted Fate')",0,3,3
"('Ashe', 'Kalista', 'Nidalee', 'Rumble', 'Yone')",0,3,3
"('Aphelios', 'Nautilus', 'Nidalee', 'Urgot', 'Yone')",3,0,3
"('Draven', 'Neeko', 'Nidalee', 'Pantheon', 'Tristana')",3,0,3
"(""Bel'Veth"", 'Hwei', 'Jinx', 'Thresh', 'Twisted Fate')",3,0,3
"('Jax', 'Nocturne', 'Rumble', 'Varus', 'Vex')",3,0,3
"('Galio', 'Jayce', ""Kog'Maw"", 'Pantheon', 'Taliyah')",3,0,3
"('Gragas', 'Hwei', ""Kai'Sa"", 'Rakan', 'Viego')",3,0,3
"('Ekko', 'Jhin', 'Rakan', 'Skarner', 'Tristana')",3,0,3
"('Alistar', 'Cassiopeia', ""Kai'Sa"", 'Lee Sin', 'Malzahar')",0,3,3
"('Graves', 'Hwei', 'Jhin', 'Seraphine', 'Vayne')",0,3,3
"('Akshan', ""K'Sante"", 'Kalista', 'Karthus', 'Rakan')",0,3,3
"('Corki', 'Jax', 'Nautilus', 'Taliyah', 'Varus')",0,3,3
"('Ashe', 'Braum', 'Rumble', 'Viego', 'Yone')",0,3,3
"('Corki', 'Nautilus', 'Rengar', 'Taliyah', 'Varus')",3,0,3
"('Akali', 'Graves', ""Kog'Maw"", 'Milio', 'Tristana')",0,3,3
"('Hwei', 'Jinx', 'Poppy', 'Taric', 'Vayne')",0,3,3
"('LeBlanc', 'Rumble', 'Shaco', 'Varus', 'Volibear')",0,3,3
"('Graves', 'Jhin', 'Kennen', 'Orianna', 'Zyra')",0,3,3
"('Jayce', ""Kai'Sa"", 'Karthus', 'Rell', 'Udyr')",0,3,3
"('Ashe', 'Camille', 'Seraphine', 'Taliyah', 'Tristana')",0,3,3
"('Alistar', 'Ashe', 'Hwei', 'Nidalee', 'Skarner')",3,0,3
"('Akali', 'Ashe', 'Irelia', 'Lee Sin', 'Varus')",3,0,3
"('Mordekaiser', 'Nautilus', 'Samira', 'Taliyah', 'Tristana')",0,3,3
"('Hwei', ""K'Sante"", 'Kindred', 'Rell', 'Varus')",3,0,3
"('Akali', 'Irelia', 'Lee Sin', 'Rumble', 'Varus')",0,3,3
"('Corki', 'Darius', 'Lillia', 'Rell', 'Tristana')",3,0,3
"(""Kai'Sa"", 'Nautilus', 'Skarner', 'Taliyah', 'Yone')",3,0,3
"('Blitzcrank', 'Hwei', 'Jayce', ""Kai'Sa"", 'Skarner')",3,0,3
"('Ahri', 'Ashe', 'Graves', 'Rumble', 'Twisted Fate')",3,0,3
"('Camille', 'Corki', 'Kalista', 'Neeko', 'Nidalee')",0,3,3
"('Alistar', 'Karthus', 'Nilah', 'Viego', 'Zac')",3,0,3
"('Caitlyn', 'Hwei', ""Kha'Zix"", 'Morgana', 'Twisted Fate')",3,0,3
"('Bard', 'Caitlyn', 'Nidalee', 'Tristana', 'Wukong')",0,3,3
"('Corki', 'Jax', 'Karthus', 'Rakan', 'Tristana')",0,3,3
"('Aurelion Sol', 'Caitlyn', ""K'Sante"", 'Rumble', 'Viego')",0,3,3
"('Blitzcrank', ""Kai'Sa"", 'Renekton', 'Taliyah', 'Yasuo')",0,3,3
"('Jhin', 'Karma', 'Lillia', 'Xin Zhao', 'Zed')",0,3,3
"('Caitlyn', 'Lux', 'Taliyah', 'Tristana', 'Yone')",0,3,3
"('Akshan', 'Braum', 'Caitlyn', 'Hwei', 'Wukong')",3,0,3
"('Blitzcrank', 'Corki', ""K'Sante"", 'Skarner', 'Twisted Fate')",3,0,3
"('Ahri', 'Caitlyn', ""K'Sante"", 'Rengar', 'Skarner')",0,3,3
"('Braum', 'Gragas', 'Jax', 'Jinx', 'Malzahar')",3,0,3
"('Ezreal', 'Karma', 'LeBlanc', 'Lee Sin', 'Vayne')",0,3,3
"('Ezreal', 'Rell', 'Renekton', 'Skarner', 'Taliyah')",3,0,3
"('Ashe', 'Caitlyn', 'Dr. Mundo', 'Twisted Fate', 'Zac')",3,0,3
"('Ashe', 'Cassiopeia', 'Fiddlesticks', 'Katarina', 'Rumble')",3,0,3
"('Blitzcrank', 'Brand', 'Camille', 'Jinx', 'Tristana')",0,3,3
"('Jayce', 'Jinx', 'Skarner', 'Taliyah', 'Thresh')",0,3,3
"('Hwei', 'Jayce', 'Jhin', 'Karthus', 'Renekton')",3,0,3
"('Blitzcrank', 'Jax', 'LeBlanc', 'Varus', 'Viego')",0,3,3
"('Ashe', 'Fiddlesticks', 'Katarina', 'Maokai', 'Nautilus')",3,0,3
"('Katarina', 'Leona', 'Nidalee', 'Rengar', 'Varus')",0,3,3
"('Galio', 'Katarina', 'Nautilus', ""Rek'Sai"", 'Zeri')",3,0,3
"('Jinx', 'Senna', 'Skarner', 'Tristana', 'Zac')",3,0,3
"('Ashe', 'Hecarim', 'Katarina', 'Pyke', 'Renekton')",0,3,3
"(""K'Sante"", 'Katarina', 'Nunu & Willump', 'Thresh', 'Varus')",0,3,3
"('Braum', 'Jax', 'Jayce', 'Lucian', 'Zac')",3,0,3
"('Ahri', 'Ashe', 'Ivern', 'Jhin', 'Sett')",0,3,3
"('Ashe', 'Azir', 'Braum', 'Renekton', 'Zac')",0,3,3
"('Ezreal', 'Irelia', 'Nautilus', 'Rumble', 'Shaco')",0,3,3
"('Azir', 'Camille', 'Jhin', 'Lillia', 'Warwick')",0,3,3
"('Bard', 'Caitlyn', 'Hwei', 'Jayce', 'Lee Sin')",3,0,3
"('Camille', 'Gragas', 'Lucian', 'Pyke', 'Twisted Fate')",3,0,3
"('Ashe', 'Garen', 'Katarina', 'Nautilus', 'Vi')",0,3,3
"('Ahri', 'Hwei', ""Rek'Sai"", 'Rumble', 'Varus')",0,3,3
"('Ahri', 'Blitzcrank', 'Draven', 'Ryze', 'Viego')",0,3,3
"('Ashe', 'Camille', 'Diana', 'Graves', 'Illaoi')",0,3,3
"('Aphelios', 'Nidalee', 'Renekton', 'Seraphine', 'Tristana')",3,0,3
"('Blitzcrank', 'Renekton', 'Shaco', 'Tristana', 'Ziggs')",3,0,3
"('Gwen', 'Katarina', 'Rell', 'Skarner', 'Varus')",3,0,3
"('Ashe', 'Graves', 'LeBlanc', 'Olaf', 'Seraphine')",3,0,3
"('Aphelios', 'Katarina', ""Kha'Zix"", 'Milio', 'Rumble')",0,3,3
"('Aatrox', 'Ashe', 'Lucian', 'Rumble', 'Zac')",0,3,3
"('Katarina', 'Lillia', 'Skarner', 'Tryndamere', 'Zeri')",3,0,3
"('Aatrox', 'Lissandra', 'Rell', 'Varus', 'Viego')",3,0,3
"('Ashe', 'Darius', 'Katarina', 'Leona', 'Nidalee')",0,3,3
"('Lissandra', 'Nidalee', 'Skarner', 'Soraka', 'Zeri')",0,3,3
"('Alistar', 'Jhin', 'Katarina', 'Lee Sin', 'Rumble')",0,3,3
"('Jinx', 'Nidalee', 'Riven', 'Thresh', 'Tristana')",3,0,3
"('Cassiopeia', 'Karthus', 'Seraphine', 'Varus', 'Yone')",3,0,3
"('Akali', 'Ashe', 'Skarner', 'Varus', 'Viego')",3,0,3
"('Aphelios', ""K'Sante"", 'Pantheon', 'Seraphine', 'Taliyah')",3,0,3
"('Jinx', 'Katarina', 'Lulu', 'Poppy', 'Viego')",3,0,3
"('Corki', ""K'Sante"", 'Thresh', 'Varus', 'Zac')",0,3,3
"('Camille', 'Hwei', 'Kindred', 'Rell', 'Varus')",0,3,3
"('Braum', 'Rengar', 'Rumble', 'Varus', 'Yone')",0,3,3
"('Caitlyn', 'Diana', 'Gragas', 'Qiyana', 'Taric')",0,3,3
"('Diana', ""Kai'Sa"", 'Rell', 'Renekton', 'Yone')",0,3,3
"('Jinx', 'Lux', 'Poppy', 'Rakan', 'Zac')",3,0,3
"('Ashe', 'Jax', 'Thresh', 'Tristana', 'Zac')",0,3,3
"('Aatrox', ""Kai'Sa"", 'Leona', 'Syndra', 'Zac')",3,0,3
"('Alistar', 'Corki', ""K'Sante"", ""Kai'Sa"", 'Kindred')",0,3,3
"('Jayce', 'Nautilus', 'Taliyah', 'Tristana', 'Varus')",3,0,3
"('Akshan', 'Gragas', 'Jinx', 'Nautilus', 'Nidalee')",0,3,3
"('Aatrox', 'Ekko', 'Jayce', 'Jhin', 'Nautilus')",3,0,3
"('Ezreal', 'Hwei', 'Seraphine', 'Skarner', 'Vi')",3,0,3
"('Graves', 'Irelia', 'Jinx', 'Katarina', 'Lulu')",3,0,3
"('Blitzcrank', 'Ivern', ""K'Sante"", ""Kog'Maw"", 'Yone')",0,3,3
"('Ahri', 'Camille', 'Fiddlesticks', 'Jhin', 'Thresh')",3,0,3
"('Camille', ""Kai'Sa"", 'Karthus', 'Tristana', 'Zac')",0,3,3
"(""Kai'Sa"", 'Malphite', 'Nidalee', 'Rell', 'Tristana')",3,0,3
"('Ekko', 'Kled', 'Pyke', 'Tristana', 'Twisted Fate')",3,0,3
"('Anivia', 'Rell', 'Rumble', 'Viego', 'Zeri')",0,3,3
"('Camille', 'Katarina', 'Nautilus', ""Rek'Sai"", 'Smolder')",0,3,3
"('Camille', 'Hwei', ""Kai'Sa"", 'Urgot', 'Zac')",3,0,3
"('Ashe', 'Jax', 'Lee Sin', 'Lissandra', 'Rakan')",3,0,3
"('Graves', 'Hwei', ""Kai'Sa"", 'Kennen', 'Nami')",0,3,3
"(""Kai'Sa"", 'Nidalee', 'Rell', 'Renekton', 'Taliyah')",3,0,3
"('Gwen', 'Jayce', 'Lucian', 'Milio', 'Zac')",3,0,3
"('Ashe', 'Graves', 'Irelia', 'Renata Glasc', 'Taliyah')",3,0,3
"('Gnar', ""Kai'Sa"", 'Katarina', 'Poppy', 'Zac')",0,3,3
"('Cassiopeia', 'Master Yi', 'Pyke', 'Skarner', 'Twisted Fate')",3,0,3
"('Ashe', 'Ekko', 'Mordekaiser', 'Rell', 'Tryndamere')",3,0,3
"('Akshan', 'Kennen', 'Pyke', 'Vi', 'Xayah')",3,0,3
"('Ashe', 'Aurelion Sol', 'Blitzcrank', 'Gangplank', 'Lee Sin')",0,3,3
"('Camille', ""Kai'Sa"", 'Lee Sin', 'Nautilus', 'Twisted Fate')",0,3,3
"('Blitzcrank', 'Corki', 'Lee Sin', 'Varus', 'Vladimir')",3,0,3
"(""Kai'Sa"", 'Pyke', ""Rek'Sai"", 'Warwick', 'Zoe')",3,0,3
"('Graves', ""Kai'Sa"", 'Malphite', 'Nautilus', 'Orianna')",0,3,3
"('Graves', ""Kai'Sa"", 'Rakan', 'Skarner', 'Twisted Fate')",3,0,3
"('Brand', 'Caitlyn', 'Gragas', 'Katarina', 'Nautilus')",3,0,3
"('Ashe', 'Nasus', 'Pyke', 'Talon', 'Ziggs')",3,0,3
"(""Kai'Sa"", 'Lee Sin', 'Skarner', 'Sylas', 'Zac')",3,0,3
"('Graves', ""Kai'Sa"", 'Nocturne', 'Pyke', 'Zoe')",3,0,3
"('Alistar', 'Hwei', 'Skarner', 'Varus', 'Vayne')",0,3,3
"('Ashe', 'Diana', 'Fiora', 'Graves', 'Seraphine')",0,3,3
"('Annie', 'Cassiopeia', 'Jax', 'Lux', 'Varus')",3,0,3
"('Caitlyn', 'Lillia', 'Lux', 'Malphite', 'Tristana')",3,0,3
"('Aatrox', 'Alistar', 'Aurelion Sol', 'Corki', 'Lillia')",0,3,3
"('Aphelios', 'Nidalee', 'Olaf', 'Thresh', 'Zed')",3,0,3
"('Camille', 'Nautilus', 'Taliyah', 'Varus', 'Yasuo')",0,3,3
"('Ahri', 'Caitlyn', 'Gnar', 'Kindred', 'Pyke')",3,0,3
"('Ashe', 'Renekton', 'Skarner', 'Taliyah', 'Zed')",3,0,3
"(""Kai'Sa"", 'Pantheon', 'Rell', 'Syndra', 'Xin Zhao')",3,0,3
"('Corki', 'Draven', 'Nidalee', 'Ornn', 'Poppy')",3,0,3
"('Graves', 'Jinx', 'Malzahar', 'Nautilus', 'Rumble')",0,3,3
"('Aatrox', 'Jhin', 'Katarina', 'Leona', 'Nidalee')",3,0,3
"('Akali', 'Camille', 'Jinx', 'Pantheon', 'Thresh')",3,0,3
"('Graves', 'Orianna', 'Ornn', 'Seraphine', 'Skarner')",0,3,3
"('Diana', 'Draven', 'Hecarim', 'Mordekaiser', 'Poppy')",3,0,3
"('Dr. Mundo', ""Kai'Sa"", 'LeBlanc', 'Skarner', 'Viego')",0,3,3
"('Jayce', 'Nautilus', 'Orianna', 'Samira', 'Udyr')",3,0,3
"('Diana', 'Jinx', 'Lee Sin', 'Nasus', 'Nautilus')",3,0,3
"('Lillia', 'Nautilus', 'Ornn', 'Varus', 'Zed')",3,0,3
"('Camille', 'Draven', 'Riven', 'Syndra', 'Viego')",0,3,3
"('Alistar', 'Camille', ""Kai'Sa"", 'Nidalee', 'Riven')",3,0,3
"('Graves', 'Jhin', ""K'Sante"", 'Neeko', 'Xerath')",3,0,3
"('Cassiopeia', 'Dr. Mundo', 'Gragas', 'Pantheon', 'Pyke')",3,0,3
"('Jayce', 'Karthus', 'Nautilus', 'Skarner', 'Varus')",3,0,3
"('Akshan', 'Cassiopeia', 'Lux', ""Rek'Sai"", 'Rumble')",3,0,3
"('Ashe', 'Jax', 'LeBlanc', 'Milio', 'Vi')",0,3,3
"('Draven', ""K'Sante"", 'Lee Sin', 'Nautilus', ""Vel'Koz"")",0,3,3
"('Jinx', 'Ornn', 'Seraphine', 'Skarner', 'Viego')",3,0,3
"('Azir', 'Bard', 'Riven', 'Taliyah', 'Zeri')",0,3,3
"('Ezreal', 'Gnar', 'Leona', 'Pantheon', 'Taliyah')",3,0,3
"('Jinx', 'Pantheon', ""Rek'Sai"", 'Tahm Kench', 'Twisted Fate')",3,0,3
"('Corki', 'Hwei', 'Lillia', 'Rell', 'Urgot')",3,0,3
"('Ekko', ""Kai'Sa"", 'Nautilus', 'Twisted Fate', 'Yone')",3,0,3
"('Fiddlesticks', 'Jhin', 'Pantheon', 'Rumble', 'Talon')",0,3,3
"('Irelia', 'Riven', 'Rumble', 'Talon', 'Varus')",3,0,3
"('Aatrox', 'LeBlanc', 'Pantheon', 'Pyke', 'Zeri')",3,0,3
"(""Kai'Sa"", 'Nidalee', 'Pyke', 'Riven', 'Twisted Fate')",0,3,3
"('Camille', 'Hwei', 'Nautilus', 'Rengar', 'Zeri')",3,0,3
"('Hwei', 'Irelia', 'Jinx', ""Kha'Zix"", 'Nautilus')",3,0,3
"('Corki', 'Elise', 'Jayce', 'Rell', 'Tristana')",0,3,3
"('Akshan', 'Fiddlesticks', 'Jinx', 'Skarner', 'Viego')",0,3,3
"('Ashe', 'Braum', 'Rumble', 'Twisted Fate', 'Viego')",3,0,3
"('Ahri', 'Camille', ""Kha'Zix"", 'Lucian', 'Taric')",0,3,3
"('Azir', 'Fiora', 'Lulu', 'Twitch', 'Vi')",0,3,3
"('Gragas', 'Graves', ""Kai'Sa"", 'Pyke', 'Viktor')",3,0,3
"('Blitzcrank', 'Corki', 'Elise', 'Jayce', 'Zeri')",3,0,3
"('Kindred', 'Leona', 'Miss Fortune', 'Skarner', 'Taliyah')",0,3,3
"('Fiddlesticks', 'Senna', 'Seraphine', 'Tryndamere', 'Viego')",3,0,3
"('Ahri', 'Ashe', 'Pyke', 'Skarner', 'Vi')",3,0,3
"('Caitlyn', 'Ekko', 'Irelia', 'Lux', 'Twisted Fate')",0,3,3
"('Fiora', 'Ryze', 'Sejuani', 'Soraka', 'Varus')",0,3,3
"('Ahri', ""Kai'Sa"", 'Rell', 'Renekton', 'Taliyah')",3,0,3
"('Caitlyn', 'Camille', 'Galio', 'Kennen', 'Viego')",3,0,3
"('Alistar', 'Brand', 'Ezreal', 'Nasus', 'Yone')",3,0,3
"('Corki', ""Kai'Sa"", 'Rell', 'Rumble', 'Zac')",0,3,3
"('Jinx', 'Maokai', 'Rumble', 'Thresh', 'Tryndamere')",3,0,3
"('Akshan', 'Galio', 'Rakan', 'Xin Zhao', 'Zeri')",0,3,3
"('Kennen', ""Kha'Zix"", 'Rell', 'Syndra', 'Varus')",0,3,3
"('Jinx', 'Kindred', 'Nautilus', 'Qiyana', 'Rumble')",0,3,3
"('Blitzcrank', 'Fiora', 'Graves', 'Jinx', 'Twisted Fate')",3,0,3
"('Jax', 'Karthus', 'Nautilus', 'Senna', 'Tristana')",0,3,3
"('Ashe', 'Hwei', 'Jax', 'Olaf', 'Tahm Kench')",3,0,3
"('Ashe', 'Kindred', 'LeBlanc', 'Rakan', 'Renekton')",3,0,3
"('Cassiopeia', 'Draven', 'Graves', 'Hwei', 'Pyke')",3,0,3
"('Ashe', 'Aurelion Sol', 'Hecarim', ""K'Sante"", 'Seraphine')",3,0,3
"('Caitlyn', 'Cassiopeia', 'Qiyana', 'Rumble', 'Twisted Fate')",0,3,3
"('Ahri', 'Ashe', ""K'Sante"", 'Lee Sin', 'Seraphine')",0,3,3
"('Kindred', 'LeBlanc', 'Neeko', 'Varus', 'Xerath')",3,0,3
"('Ashe', 'Camille', 'Nidalee', 'Skarner', 'Tristana')",3,0,3
"('Ahri', 'Ashe', 'Nidalee', 'Quinn', 'Seraphine')",3,0,3
"('Blitzcrank', 'Cassiopeia', 'Corki', 'Graves', 'Irelia')",3,0,3
"('Kled', 'Nautilus', 'Varus', 'Yone', 'Zyra')",3,0,3
"(""Kai'Sa"", 'Lee Sin', 'Nautilus', 'Skarner', 'Twisted Fate')",3,0,3
"('Gragas', 'Irelia', 'Nidalee', 'Rell', 'Xayah')",0,3,3
"('Alistar', 'Camille', 'Graves', ""Kai'Sa"", 'Zoe')",3,0,3
"('Alistar', 'Gwen', 'Pantheon', 'Smolder', 'Yasuo')",3,0,3
"(""K'Sante"", 'Nautilus', 'Tristana', 'Viego', 'Ziggs')",3,0,3
"('Ahri', 'Camille', ""Kai'Sa"", 'Riven', 'Xin Zhao')",3,0,3
"('Lillia', 'Nautilus', 'Riven', 'Tristana', 'Varus')",0,3,3
"('Gragas', 'Lee Sin', 'Senna', 'Varus', 'Warwick')",3,0,3
"(""Kog'Maw"", 'Pyke', 'Renekton', 'Syndra', 'Vi')",3,0,3
"('Corki', ""K'Sante"", 'Nautilus', 'Sylas', 'Taliyah')",0,3,3
"('Braum', 'Camille', 'Draven', 'Sejuani', 'Sylas')",3,0,3
"('Akali', ""K'Sante"", 'Lucian', 'Nami', 'Vi')",0,3,3
"('Camille', 'Corki', 'Gragas', 'Neeko', 'Twisted Fate')",0,3,3
"('Corki', 'Nautilus', 'Taliyah', 'Vayne', 'Viego')",3,0,3
"('Akshan', 'Jhin', 'Nautilus', 'Nunu & Willump', 'Riven')",0,3,3
"('Camille', 'Diana', 'Jayce', 'Nautilus', 'Smolder')",0,3,3
"('Caitlyn', 'Galio', 'Graves', 'Nautilus', 'Rumble')",3,0,3
"('Ashe', 'Braum', 'Graves', 'Katarina', 'Viego')",0,3,3
"('Bard', 'Gnar', 'Hwei', 'Nidalee', 'Zeri')",3,0,3
"('Orianna', 'Pantheon', 'Rell', 'Twisted Fate', 'Zeri')",3,0,3
"('Graves', 'Irelia', ""Kai'Sa"", 'Sona', 'Volibear')",3,0,3
"('Ekko', ""K'Sante"", ""Kai'Sa"", 'Pyke', 'Viego')",2,1,3
"('Alistar', 'Diana', 'Draven', 'Gragas', 'Pantheon')",3,0,3
"('Jayce', 'Kalista', 'Nautilus', 'Pantheon', 'Taliyah')",0,3,3
"('Ahri', 'Aphelios', 'Hecarim', 'Rumble', 'Taric')",0,3,3
"('Ashe', 'Hwei', ""Rek'Sai"", 'Varus', 'Vayne')",3,0,3
"('Rakan', ""Rek'Sai"", 'Rumble', 'Twitch', 'Yone')",0,3,3
"(""K'Sante"", ""Kai'Sa"", 'LeBlanc', 'Nautilus', 'Pantheon')",3,0,3
"('Ashe', 'Irelia', 'Pyke', 'Renekton', 'Taliyah')",3,0,3
"('Corki', 'Hwei', 'Illaoi', 'Rakan', 'Viego')",3,0,3
"('Jayce', 'Nidalee', 'Rakan', 'Twisted Fate', 'Xayah')",3,0,3
"('Camille', 'Katarina', 'Lucian', 'Milio', 'Viego')",0,3,3
"('Draven', 'Graves', 'Kennen', 'Nautilus', 'Twisted Fate')",3,0,3
"('Neeko', 'Nunu & Willump', 'Tristana', 'Varus', 'Yone')",3,0,3
"('Ezreal', 'Katarina', 'Rell', 'Viego', 'Yone')",3,0,3
"('Camille', 'Jayce', 'Jhin', 'Nidalee', 'Rumble')",0,3,3
"('Aatrox', 'Jinx', 'Kindred', 'Taliyah', 'Thresh')",3,0,3
"('Corki', 'Jinx', 'Pyke', 'Twisted Fate', 'Volibear')",3,0,3
"('Aphelios', 'Corki', 'Fiddlesticks', 'Nami', 'Riven')",3,0,3
"('Jax', ""Kai'Sa"", 'Orianna', 'Rell', 'Xin Zhao')",0,3,3
"('Ahri', 'Ashe', 'Braum', 'Camille', 'Lee Sin')",1,2,3
"('Jinx', 'Lee Sin', 'Rell', 'Taliyah', 'Tristana')",3,0,3
"('Corki', 'Jayce', 'Lee Sin', 'Lillia', 'Rell')",3,0,3
"('Ahri', 'Fiora', 'Pantheon', 'Pyke', 'Varus')",3,0,3
"('Lucian', 'Milio', 'Nidalee', 'Renekton', 'Tristana')",0,3,3
"('Fiddlesticks', 'Jax', 'Rell', 'Tristana', 'Varus')",3,0,3
"('Draven', 'Lux', 'Nautilus', 'Taliyah', 'Volibear')",3,0,3
"(""Kai'Sa"", 'Nautilus', 'Pantheon', 'Rumble', 'Sion')",0,3,3
"('Gragas', 'Poppy', 'Rakan', 'Tristana', 'Zeri')",3,0,3
"('Aatrox', 'Hwei', 'Leona', 'Pantheon', 'Smolder')",0,3,3
"('Ashe', 'Braum', 'Jax', 'Sylas', 'Viego')",3,0,3
"(""Kai'Sa"", 'Nautilus', 'Qiyana', 'Skarner', 'Taliyah')",3,0,3
"('Brand', 'Jayce', 'Nautilus', 'Tristana', 'Varus')",3,0,3
"('Caitlyn', 'Mordekaiser', 'Rell', 'Tristana', 'Udyr')",0,3,3
"('Nidalee', 'Rakan', 'Skarner', 'Viego', 'Zeri')",0,3,3
"('Camille', 'Jinx', 'Nautilus', 'Nidalee', 'Tristana')",3,0,3
"('Ahri', 'Alistar', 'Gangplank', ""Kai'Sa"", 'Nunu & Willump')",3,0,3
"('Caitlyn', 'Hwei', 'Nautilus', 'Rumble', 'Vayne')",3,0,3
"('Jax', 'Jayce', 'Jhin', 'Nautilus', 'Taliyah')",3,0,3
"('Hwei', 'Jax', 'Rakan', 'Twitch', 'Viego')",3,0,3
"('Ashe', 'Braum', 'Corki', 'Taliyah', 'Zac')",3,0,3
"('Fiddlesticks', 'Jax', 'Jhin', 'Neeko', 'Tristana')",3,0,3
"('Fiddlesticks', 'Fiora', 'Jhin', 'Yone', 'Zoe')",3,0,3
"('Corki', 'Hwei', 'Irelia', 'Nautilus', 'Talon')",0,3,3
"('Jayce', 'Kindred', 'Leona', 'Syndra', 'Varus')",3,0,3
"('Blitzcrank', ""Kai'Sa"", 'LeBlanc', 'Nidalee', 'Riven')",3,0,3
"(""Kai'Sa"", 'LeBlanc', 'Lee Sin', 'Seraphine', 'Twisted Fate')",3,0,3
"('Cassiopeia', 'Jinx', 'Pantheon', 'Taliyah', 'Thresh')",0,3,3
"('Akshan', 'Alistar', ""Kai'Sa"", 'Pantheon', 'Shen')",3,0,3
"('Akshan', 'Graves', 'Neeko', 'Senna', 'Varus')",0,3,3
"('Graves', 'Hwei', 'Jinx', 'LeBlanc', 'Poppy')",0,3,3
"('Nautilus', 'Pantheon', 'Rumble', 'Syndra', 'Varus')",3,0,3
"('Cassiopeia', 'Jayce', ""Kai'Sa"", 'Pantheon', 'Sona')",0,3,3
"('Alistar', 'Graves', 'Samira', 'Twisted Fate', 'Zoe')",0,3,3
"('Corki', 'Jayce', 'Lillia', 'Poppy', 'Rumble')",0,3,3
"('Aatrox', 'Ashe', 'Hwei', 'Pantheon', 'Rell')",0,3,3
"('Alistar', 'Jax', 'Karthus', 'Riven', 'Zeri')",0,3,3
"('Nautilus', 'Pantheon', 'Samira', 'Skarner', 'Taliyah')",0,3,3
"('Camille', 'Miss Fortune', 'Pantheon', 'Rell', 'Sylas')",0,3,3
"('Ahri', 'Camille', ""Kai'Sa"", 'Rakan', 'Vi')",0,3,3
"('Ashe', 'Lulu', 'Rumble', 'Twisted Fate', 'Viego')",3,0,3
"('Akali', 'Draven', 'Nunu & Willump', 'Rakan', 'Twisted Fate')",3,0,3
"('Nidalee', 'Pyke', 'Qiyana', 'Samira', 'Sylas')",3,0,3
"('Hwei', 'Lux', 'Pantheon', 'Twisted Fate', 'Zeri')",3,0,3
"('Ahri', 'Nidalee', 'Rell', 'Samira', 'Twisted Fate')",3,0,3
"('Jax', 'Kalista', 'Pantheon', 'Renata Glasc', 'Yasuo')",3,0,3
"('Ezreal', 'Graves', 'Hwei', 'Neeko', 'Zac')",3,0,3
"('Caitlyn', 'Jayce', 'Lillia', 'Lux', 'Vladimir')",0,3,3
"('Aatrox', ""Kai'Sa"", 'Pantheon', 'Rell', 'Taliyah')",0,3,3
"('Nilah', 'Senna', 'Sylas', 'Viego', 'Yone')",3,0,3
"('Akali', 'Blitzcrank', ""Kai'Sa"", 'Udyr', 'Viego')",0,3,3
"('Jhin', 'Karma', 'Kennen', 'Talon', 'Twisted Fate')",3,0,3
"('Camille', 'Fiora', ""Kai'Sa"", 'Katarina', 'Pantheon')",3,0,3
"('Jax', 'Kalista', 'Renekton', 'Rumble', 'Yone')",0,3,3
"('Lissandra', 'Lulu', 'Pantheon', 'Tristana', 'Twisted Fate')",3,0,3
"('Galio', ""Kai'Sa"", 'Nautilus', 'Pantheon', 'Vayne')",0,3,3
"('Evelynn', 'Jhin', 'Pyke', 'Twisted Fate', 'Viego')",3,0,3
"('Jax', ""Kai'Sa"", 'Rell', 'Tryndamere', 'Twisted Fate')",3,0,3
"('Blitzcrank', 'Jayce', 'Jinx', ""K'Sante"", 'Lillia')",3,0,3
"('Fiddlesticks', 'Jayce', 'Nautilus', 'Senna', 'Twisted Fate')",0,3,3
"('Camille', 'Hwei', 'Rakan', 'Viego', 'Zeri')",2,1,3
"('Kalista', 'Rell', 'Rumble', 'Taliyah', 'Viego')",3,0,3
"('Galio', ""Kai'Sa"", 'Nautilus', 'Pantheon', 'Renekton')",3,0,3
"('Graves', 'Jhin', 'Nautilus', 'Nidalee', 'Tristana')",0,3,3
"('Corki', 'Graves', 'Hwei', 'Jayce', 'Nautilus')",0,3,3
"('Aphelios', 'Corki', 'Kindred', 'Rumble', 'Thresh')",3,0,3
"('Draven', 'Kindred', 'LeBlanc', 'Renata Glasc', 'Twisted Fate')",0,3,3
"('Draven', 'Irelia', 'Maokai', 'Pyke', 'Twisted Fate')",3,0,3
"('Gragas', 'Katarina', 'Kindred', 'Nilah', 'Senna')",0,3,3
"('Camille', 'Hwei', 'Lee Sin', 'Ryze', 'Tristana')",3,0,3
"('Alistar', 'Hecarim', 'Hwei', ""Kai'Sa"", 'Rumble')",3,0,3
"('Hwei', 'Irelia', 'Nautilus', 'Senna', 'Viego')",3,0,3
"('Graves', ""Kai'Sa"", 'Kennen', 'LeBlanc', 'Rell')",0,3,3
"('Draven', 'Graves', 'Jax', 'Nunu & Willump', 'Rell')",3,0,3
"('Akshan', 'Nidalee', 'Rell', 'Renekton', 'Varus')",3,0,3
"('Ashe', 'Camille', 'Diana', 'Hecarim', 'Thresh')",0,3,3
"('Ivern', 'Pyke', 'Rumble', 'Tristana', 'Zeri')",3,0,3
"('Hwei', ""K'Sante"", 'Nami', 'Rengar', 'Varus')",3,0,3
"('Hwei', 'Irelia', 'Rakan', 'Rengar', 'Varus')",3,0,3
"('Akali', ""Kai'Sa"", 'LeBlanc', 'Nautilus', 'Viego')",0,3,3
"('Corki', 'Kindred', 'Rakan', 'Rumble', 'Taliyah')",3,0,3
"('Akshan', 'Hecarim', 'Hwei', 'Sett', 'Varus')",0,3,3
"('Ashe', 'Kennen', 'LeBlanc', 'Rengar', 'Rumble')",3,0,3
"('Braum', 'Gnar', 'Rumble', 'Talon', 'Varus')",0,3,3
"('Alistar', 'Camille', 'Skarner', 'Twitch', 'Xerath')",0,3,3
"('Gragas', ""Kai'Sa"", 'Katarina', 'Nautilus', 'Taliyah')",3,0,3
"('Gragas', 'Hecarim', ""Kai'Sa"", 'Lux', 'Rell')",3,0,3
"('Camille', 'Corki', 'Fiddlesticks', ""Kai'Sa"", 'Ryze')",0,3,3
"('Gragas', 'Graves', 'Neeko', 'Varus', 'Zoe')",0,3,3
"('Aphelios', 'Hecarim', 'LeBlanc', 'Rell', 'Rumble')",3,0,3
"('Ahri', 'Jhin', 'Kindred', 'Renekton', 'Taliyah')",0,3,3
"('Corki', 'Darius', 'Nautilus', 'Nidalee', 'Zeri')",0,3,3
"('Jinx', 'Nautilus', 'Ryze', 'Taliyah', 'Viego')",0,3,3
"('Akali', 'Hecarim', 'Illaoi', 'Jhin', 'Karma')",3,0,3
"('Hwei', 'Jinx', 'Nidalee', 'Ornn', 'Zilean')",3,0,3
"('Ashe', 'Braum', 'Lee Sin', 'Tristana', 'Udyr')",0,3,3
"('Akali', ""Kai'Sa"", 'Lillia', 'Qiyana', 'Rell')",0,3,3
"('Graves', 'Gwen', 'Hwei', 'Poppy', 'Varus')",0,3,3
"('Azir', 'Camille', ""Kai'Sa"", 'Poppy', 'Skarner')",3,0,3
"('Akali', 'Corki', 'Lee Sin', 'Pyke', 'Skarner')",0,3,3
"('Alistar', 'Nidalee', 'Quinn', 'Tristana', 'Varus')",3,0,3
"('Aatrox', 'Ekko', 'Graves', ""Kai'Sa"", 'Nautilus')",3,0,3
"('Ashe', 'Braum', 'Taliyah', 'Vi', 'Vladimir')",0,3,3
"('Ahri', 'Blitzcrank', 'Renekton', 'Viego', 'Ziggs')",0,3,3
"('Caitlyn', 'Ekko', 'Nautilus', 'Rumble', 'Viego')",3,0,3
"('Draven', 'Graves', 'Skarner', 'Sona', ""Vel'Koz"")",3,0,3
"('Ashe', 'Gnar', 'Nidalee', 'Nunu & Willump', 'Sivir')",3,0,3
"(""K'Sante"", ""Kai'Sa"", 'Rakan', 'Taliyah', 'Viego')",3,0,3
"('Graves', 'Jax', 'Neeko', 'Nilah', 'Senna')",0,3,3
"('Ashe', 'Katarina', 'Pyke', 'Renekton', 'Rengar')",3,0,3
"('Jax', ""Kai'Sa"", 'Sejuani', 'Sion', 'Viktor')",0,3,3
"('Lillia', 'Nautilus', 'Samira', 'Tryndamere', 'Viego')",0,3,3
"('Rakan', 'Skarner', 'Syndra', 'Talon', 'Zeri')",0,3,3
"('Graves', 'Gwen', 'Rakan', 'Twisted Fate', 'Xayah')",0,3,3
"('Kled', 'Lucian', 'Milio', 'Nidalee', 'Yone')",3,0,3
"('Blitzcrank', 'Diana', 'Jinx', 'Kennen', 'Viego')",3,0,3
"('Braum', 'Corki', 'Lillia', 'Rumble', 'Zeri')",3,0,3
"('Corki', 'Jax', 'Orianna', 'Rell', 'Viego')",0,3,3
"('Aurelion Sol', 'Corki', 'Gwen', 'Rengar', 'Skarner')",0,3,3
"('Blitzcrank', 'Kindred', ""Kog'Maw"", 'Rumble', 'Taliyah')",0,3,3
"('Hwei', 'Nautilus', 'Rengar', 'Skarner', 'Varus')",3,0,3
"('Bard', 'Ezreal', 'LeBlanc', 'Skarner', 'Twisted Fate')",0,3,3
"('Akshan', 'Nilah', 'Rumble', 'Thresh', 'Vayne')",3,0,3
"('Heimerdinger', 'Rell', 'Seraphine', 'Tristana', 'Viego')",3,0,3
"('Corki', 'Lillia', 'Lucian', 'Rell', 'Twisted Fate')",0,3,3
"('Nidalee', 'Rell', 'Shen', 'Twisted Fate', 'Zeri')",0,3,3
"('Corki', 'Kennen', 'Orianna', 'Rell', 'Viego')",3,0,3
"('Ashe', 'Galio', 'Hecarim', 'LeBlanc', 'Volibear')",3,0,3
"('Blitzcrank', 'Cassiopeia', 'Darius', ""Kai'Sa"", 'Rengar')",3,0,3
"('Braum', 'Gragas', 'Rengar', 'Rumble', 'Zeri')",3,0,3
"('Akali', 'Ashe', 'Ekko', 'Seraphine', 'Skarner')",3,0,3
"('Aatrox', 'Nautilus', 'Nidalee', 'Varus', 'Viego')",0,3,3
"('Alistar', 'Aurelion Sol', 'Camille', 'Hecarim', 'Smolder')",0,3,3
"('Corki', ""K'Sante"", ""Kai'Sa"", 'Lillia', 'Poppy')",0,3,3
"('Ashe', 'Kennen', 'Neeko', 'Taric', 'Viego')",3,0,3
"('Azir', 'Rakan', 'Renekton', 'Rengar', 'Zeri')",0,3,3
"('Ashe', 'Jinx', ""Rek'Sai"", 'Rumble', 'Yasuo')",0,3,3
"('Ashe', 'Blitzcrank', 'Karthus', 'Twisted Fate', 'Udyr')",3,0,3
"('Nidalee', 'Rell', 'Renekton', 'Samira', 'Vex')",0,3,3
"('Gnar', ""Kha'Zix"", 'Poppy', 'Twisted Fate', 'Xayah')",3,0,3
"('Gragas', 'Neeko', 'Tristana', 'Varus', 'Viego')",0,3,3
"('Aatrox', 'Brand', 'Hwei', 'Lee Sin', 'Rell')",3,0,3
"('Gragas', 'Jinx', 'Nautilus', 'Nunu & Willump', 'Tristana')",0,3,3
"('Ashe', 'Blitzcrank', 'Camille', 'Cassiopeia', 'Lillia')",0,3,3
"('Caitlyn', 'Galio', 'Neeko', ""Rek'Sai"", 'Renekton')",3,0,3
"('Cassiopeia', 'Draven', 'Jayce', 'Karthus', 'Nautilus')",3,0,3
"('Aphelios', 'Corki', 'Heimerdinger', 'Lillia', 'Nautilus')",0,3,3
"('Graves', 'Hwei', 'Kalista', 'Mordekaiser', 'Rakan')",0,3,3
"('Cassiopeia', 'Rakan', 'Shaco', 'Tristana', 'Zeri')",3,0,3
"('Akshan', 'Hecarim', 'Jinx', 'Mordekaiser', 'Poppy')",3,0,3
"('Alistar', 'Diana', ""Kai'Sa"", 'Renekton', 'Viego')",3,0,3
"('Nidalee', 'Rakan', 'Syndra', 'Vayne', 'Zeri')",3,0,3
"('Gragas', 'Jhin', 'Kindred', 'Kled', 'Rumble')",0,3,3
"('Gragas', 'Rumble', 'Sona', 'Viego', 'Zeri')",3,0,3
"('Aurelion Sol', 'Braum', 'Irelia', ""Kai'Sa"", 'Karthus')",0,3,3
"('Galio', 'Hwei', 'Kennen', 'Lucian', 'Viego')",3,0,3
"('Nidalee', 'Qiyana', 'Rumble', 'Varus', 'Yone')",0,3,3
"('Corki', ""Kai'Sa"", 'Nunu & Willump', 'Pyke', 'Skarner')",0,3,3
"('Jhin', 'Nidalee', 'Nocturne', 'Rell', 'Zed')",0,3,3
"('Ahri', ""Kai'Sa"", 'Kennen', 'Lee Sin', 'Nautilus')",3,0,3
"('Cassiopeia', 'Heimerdinger', 'Karthus', 'Nocturne', 'Tristana')",3,0,3
"('Ashe', 'Braum', 'Jayce', 'Nidalee', 'Yone')",3,0,3
"('Gnar', 'Neeko', 'Tristana', 'Viego', 'Xayah')",3,0,3
"('Camille', 'Katarina', 'Talon', 'Urgot', 'Varus')",0,3,3
"('Aurelion Sol', 'Jax', ""Kai'Sa"", 'Poppy', 'Viego')",3,0,3
"('Akshan', 'Fiora', ""Kai'Sa"", 'Nautilus', 'Zac')",3,0,3
"('Kennen', 'Nautilus', 'Nidalee', 'Varus', 'Yone')",0,3,3
"('Akali', 'Karthus', 'Rakan', 'Rengar', 'Twitch')",0,3,3
"('Alistar', 'Jinx', 'Skarner', 'Zac', 'Zoe')",0,3,3
"(""K'Sante"", 'Nautilus', 'Qiyana', 'Samira', 'Taliyah')",3,0,3
"('Ashe', 'Hwei', 'Lee Sin', 'Nautilus', 'Vayne')",0,3,3
"('Kalista', 'Neeko', 'Orianna', 'Pantheon', 'Xin Zhao')",0,3,3
"('Fiddlesticks', 'Gnar', ""Kai'Sa"", 'Nautilus', 'Viego')",3,0,3
"('Jax', 'Kindred', 'Neeko', 'Pyke', 'Ziggs')",0,3,3
"('Bard', 'Hecarim', 'Orianna', 'Rumble', 'Smolder')",3,0,3
"('Hwei', ""K'Sante"", 'Nilah', 'Senna', 'Viego')",3,0,3
"('Akali', 'Hwei', 'Kayn', 'Seraphine', 'Tryndamere')",0,3,3
"('Annie', 'Camille', 'Jax', 'Jinx', 'Viego')",3,0,3
"('Akali', 'Jax', 'Jhin', 'Senna', 'Volibear')",0,3,3
"('Alistar', 'Gragas', 'Twisted Fate', 'Yasuo', 'Zeri')",0,3,3
"('Aphelios', 'Gwen', 'LeBlanc', 'Thresh', 'Vi')",3,0,3
"('Ashe', 'Hwei', 'Lulu', 'Skarner', 'Volibear')",3,0,3
"('Cassiopeia', 'Karthus', 'Sona', 'Tristana', 'Twitch')",0,3,3
"('Camille', 'Rakan', 'Seraphine', 'Skarner', 'Yone')",3,0,3
"('Camille', 'Gwen', 'Rakan', 'Tristana', 'Zeri')",3,0,3
"('Akali', 'Camille', 'Hwei', 'Jax', 'Varus')",0,3,3
"('Camille', 'Jayce', 'Lillia', 'Riven', 'Varus')",3,0,3
"('Graves', 'Jax', 'Karma', 'Orianna', 'Varus')",3,0,3
"('Irelia', 'Lee Sin', 'Rakan', 'Varus', 'Vex')",0,3,3
"('Alistar', 'Fiddlesticks', ""Kai'Sa"", 'Pyke', ""Rek'Sai"")",0,3,3
"('Jhin', 'Nidalee', 'Pyke', 'Skarner', 'Tristana')",3,0,3
"('Ahri', 'Gnar', 'Pantheon', 'Shaco', 'Twitch')",0,3,3
"('Ashe', 'Hecarim', 'Hwei', 'Kled', 'Lulu')",3,0,3
"('Cassiopeia', 'Ezreal', 'Heimerdinger', 'Jax', ""Kha'Zix"")",3,0,3
"('Diana', ""Kai'Sa"", 'Nautilus', 'Skarner', 'Vi')",3,0,3
"('Jhin', 'LeBlanc', 'Lee Sin', 'Rumble', 'Zac')",3,0,3
"('Cassiopeia', ""Kha'Zix"", 'Nautilus', 'Poppy', 'Yasuo')",3,0,3
"('Blitzcrank', 'Gragas', ""Kai'Sa"", 'Kindred', 'Pantheon')",0,3,3
"('Annie', 'Ezreal', 'Jax', 'Rengar', 'Skarner')",3,0,3
"('Camille', 'Lillia', 'Rell', 'Tristana', 'Zed')",3,0,3
"('Leona', 'Renekton', 'Smolder', 'Viego', 'Zoe')",3,0,3
"('Camille', 'Jax', 'Kalista', 'Katarina', 'Viego')",3,0,3
"('Galio', ""Kai'Sa"", 'Rakan', 'Skarner', 'Viego')",3,0,3
"('Akali', 'Aphelios', 'Kindred', 'Seraphine', 'Twisted Fate')",0,3,3
"('Cassiopeia', 'Hecarim', ""Kai'Sa"", 'Skarner', 'Tristana')",0,3,3
"('Ahri', 'LeBlanc', 'Nautilus', 'Rengar', 'Varus')",3,0,3
"('Aatrox', 'Hwei', 'Jax', 'Jinx', 'Pyke')",3,0,3
"('Cassiopeia', 'Ezreal', 'Karma', ""Rek'Sai"", 'Renekton')",3,0,3
"('Hwei', 'Kindred', 'Nautilus', 'Tryndamere', 'Varus')",0,3,3
"('Brand', 'Gragas', 'Hwei', 'Tristana', 'Varus')",0,3,3
"('Alistar', 'Jhin', 'Lillia', 'Skarner', 'Varus')",3,0,3
"('Graves', 'Jinx', 'Neeko', 'Thresh', 'Yone')",3,0,3
"('Alistar', 'Fiddlesticks', 'Jayce', 'Tristana', 'Zeri')",0,3,3
"('Kalista', 'Malphite', 'Thresh', 'Veigar', 'Viego')",0,3,3
"('Aatrox', 'Jinx', 'Orianna', 'Seraphine', 'Viego')",3,0,3
"('Hwei', ""K'Sante"", 'Nilah', 'Poppy', 'Xin Zhao')",0,3,3
"('Jinx', 'Kindred', 'Lissandra', 'Rakan', 'Sylas')",0,3,3
"('Fiora', 'Jinx', 'Nunu & Willump', 'Thresh', 'Tryndamere')",3,0,3
"('Braum', 'Corki', 'Irelia', 'Nidalee', 'Syndra')",3,0,3
"('Aphelios', 'Jarvan IV', 'Kennen', 'Nautilus', 'Pantheon')",3,0,3
"('Kalista', 'Pyke', 'Renekton', 'Taliyah', 'Tristana')",0,3,3
"('Jinx', 'Lillia', 'Skarner', 'Thresh', 'Tristana')",3,0,3
"('Ashe', 'Braum', 'Kennen', 'Taliyah', 'Viego')",3,0,3
"('Ekko', 'Nautilus', 'Senna', 'Shen', 'Tristana')",0,3,3
"('Brand', ""Kai'Sa"", 'Skarner', 'Sylas', 'Viego')",3,0,3
"('Ezreal', 'Galio', 'Nasus', ""Rek'Sai"", 'Rumble')",0,3,3
"('Caitlyn', 'Fiddlesticks', 'Lux', 'Shen', 'Yone')",3,0,3
"('Blitzcrank', 'Ekko', 'Kalista', 'Sett', 'Tristana')",0,3,3
"('Ashe', 'Olaf', 'Rengar', 'Rumble', 'Yone')",0,3,3
"('Akshan', 'Ekko', ""Kai'Sa"", 'Leona', 'Renekton')",0,3,3
"('Darius', 'Nautilus', 'Nidalee', 'Samira', 'Tristana')",3,0,3
"('Galio', 'Hwei', 'Kalista', 'Renata Glasc', 'Vi')",3,0,3
"('Aphelios', 'Jax', 'Orianna', 'Rakan', 'Skarner')",3,0,3
"('Ahri', 'Caitlyn', ""K'Sante"", 'Lux', 'Skarner')",3,0,3
"('Jayce', 'Jinx', 'Nunu & Willump', 'Skarner', 'Talon')",0,3,3
"('Brand', ""K'Sante"", ""Kai'Sa"", 'Nautilus', 'Viego')",3,0,3
"('Akali', 'Blitzcrank', 'Camille', 'Lee Sin', 'Twitch')",3,0,3
"('Camille', 'Jax', 'Kindred', 'Orianna', 'Varus')",0,3,3
"('Caitlyn', ""K'Sante"", 'Kindred', 'Seraphine', 'Twisted Fate')",3,0,3
"('Aatrox', 'Draven', 'Kindred', 'Lulu', 'Syndra')",3,0,3
"('Ashe', 'Fiora', 'Graves', 'Hwei', 'Kalista')",3,0,3
"('Braum', 'Kennen', 'Lucian', 'Rengar', 'Sylas')",3,0,3
"('Hwei', 'Irelia', ""Kai'Sa"", 'Poppy', 'Rell')",3,0,3
"('Alistar', 'Ekko', ""Kai'Sa"", 'Qiyana', 'Skarner')",3,0,3
"('Amumu', ""Kai'Sa"", 'Kindred', 'Vladimir', 'Yone')",0,3,3
"('Corki', 'Hecarim', ""K'Sante"", 'Rakan', 'Taliyah')",3,0,3
"('Elise', 'Fiddlesticks', 'Kled', 'Nautilus', 'Zeri')",3,0,3
"('Alistar', 'Corki', 'Hwei', 'Jayce', 'Nidalee')",0,3,3
"('Ashe', 'Jax', 'Kindred', 'Lulu', 'Rell')",3,0,3
"('Camille', 'Darius', 'Diana', ""Kai'Sa"", 'Nunu & Willump')",0,3,3
"('Camille', 'Jhin', 'Kennen', 'Sejuani', 'Yasuo')",0,3,3
"('Ahri', 'Ashe', ""Bel'Veth"", 'Caitlyn', ""K'Sante"")",0,3,3
"('Blitzcrank', 'Jayce', 'Jhin', 'LeBlanc', 'Nidalee')",0,3,3
"('Aurelion Sol', 'Camille', ""Kai'Sa"", 'Rakan', 'Viego')",0,3,3
"('Hwei', 'Jhin', ""K'Sante"", 'Taliyah', 'Talon')",0,3,3
"('Braum', 'Jinx', ""K'Sante"", 'Nidalee', 'Taliyah')",3,0,3
"('Akali', 'Nunu & Willump', 'Skarner', 'Tristana', 'Twisted Fate')",3,0,3
"('Corki', 'Nidalee', 'Rell', 'Ryze', 'Yasuo')",0,3,3
"('Aatrox', 'Alistar', 'Corki', ""Kai'Sa"", 'Lillia')",0,3,3
"('Akshan', 'Fiddlesticks', 'Nautilus', 'Varus', 'Vayne')",3,0,3
"('Azir', 'Corki', 'Olaf', 'Pantheon', 'Senna')",0,3,3
"('Alistar', 'Maokai', 'Orianna', 'Skarner', 'Zeri')",0,3,3
"('Dr. Mundo', 'Nidalee', 'Pantheon', 'Rakan', 'Zeri')",0,3,3
"('Aatrox', 'Azir', 'Jinx', 'Lee Sin', 'Pyke')",3,0,3
"(""K'Sante"", 'Katarina', 'Seraphine', 'Twitch', 'Vi')",0,3,3
"('Draven', 'LeBlanc', 'Maokai', 'Poppy', 'Pyke')",0,3,3
"('Kalista', 'Lillia', 'Lucian', 'Rell', 'Warwick')",0,3,3
"('Fiddlesticks', 'Jax', 'Rakan', 'Twitch', 'Yone')",3,0,3
"('Alistar', 'Sivir', 'Taliyah', 'Twisted Fate', 'Yone')",3,0,3
"('Alistar', 'Ashe', 'Galio', 'Kindred', 'Rumble')",0,3,3
"('Jax', 'Kalista', 'Rumble', ""Vel'Koz"", 'Viego')",3,0,3
"('Hwei', 'Janna', 'Twitch', 'Vladimir', 'Xin Zhao')",0,3,3
"('Corki', 'Pyke', 'Viego', 'Vladimir', 'Yone')",3,0,3
"('Azir', 'Nautilus', 'Rumble', 'Varus', 'Viego')",0,3,3
"('Aatrox', 'Ahri', 'Ashe', 'Rumble', 'Viego')",3,0,3
"(""K'Sante"", ""Kai'Sa"", 'Poppy', 'Rengar', ""Vel'Koz"")",3,0,3
"('Elise', 'Jayce', 'Nautilus', 'Tristana', 'Zeri')",3,0,3
"('Aurelion Sol', 'Caitlyn', 'Lillia', 'Nasus', 'Pantheon')",3,0,3
"('Ekko', 'Gnar', 'Leona', 'Nilah', 'Olaf')",3,0,3
"('Ashe', 'Jax', 'Rakan', 'Taliyah', 'Twisted Fate')",3,0,3
"('Dr. Mundo', 'Lillia', 'Nautilus', 'Tristana', 'Zeri')",0,3,3
"('Brand', ""Kai'Sa"", 'Nasus', 'Rakan', 'Yasuo')",3,0,3
"('Fiora', 'Rakan', 'Taliyah', 'Twisted Fate', 'Twitch')",3,0,3
"('Aphelios', 'Illaoi', 'Nautilus', 'Syndra', 'Viego')",3,0,3
"('Camille', 'Cassiopeia', 'Rumble', 'Tristana', 'Xin Zhao')",3,0,3
"('Amumu', 'Ashe', 'Camille', 'Hwei', 'Urgot')",3,0,3
"('Corki', 'Nautilus', 'Nidalee', 'Tryndamere', 'Ziggs')",3,0,3
"('Ashe', 'Hecarim', 'Hwei', 'Lulu', 'Skarner')",3,0,3
"(""Kai'Sa"", 'Kennen', 'Lillia', 'Nautilus', 'Tristana')",0,3,3
"('Akali', 'Graves', 'Jhin', 'Rakan', 'Twisted Fate')",3,0,3
"('Hwei', 'Miss Fortune', 'Rell', 'Vayne', 'Viego')",3,0,3
"('Gragas', 'Samira', 'Taric', 'Yasuo', 'Zac')",3,0,3
"('Fiora', 'Nautilus', 'Vex', 'Viego', 'Zeri')",3,0,3
"('Aatrox', 'Ekko', ""Kai'Sa"", 'Orianna', 'Seraphine')",3,0,3
"('Aatrox', 'Nidalee', 'Seraphine', 'Twisted Fate', 'Varus')",0,3,3
"('Bard', 'Graves', 'Malzahar', 'Sivir', 'Twisted Fate')",0,3,3
"('Blitzcrank', 'Cassiopeia', 'Diana', 'Jax', ""Kai'Sa"")",0,3,3
"('Fiora', 'Pantheon', 'Rakan', 'Smolder', 'Zoe')",3,0,3
"('Camille', 'Galio', 'Jinx', 'Maokai', 'Rengar')",3,0,3
"('Caitlyn', ""K'Sante"", 'Lux', 'Nidalee', 'Talon')",0,3,3
"('Graves', 'Hwei', 'Irelia', ""Kai'Sa"", 'Nautilus')",0,3,3
"('Alistar', ""K'Sante"", 'Taliyah', 'Viego', 'Zeri')",3,0,3
"('Kalista', 'Rell', 'Rengar', 'Twisted Fate', 'Viego')",3,0,3
"('Cassiopeia', 'Corki', ""K'Sante"", 'Lillia', 'Pyke')",3,0,3
"('Azir', 'Corki', 'Jax', 'Rengar', 'Taric')",3,0,3
"('Caitlyn', 'Lee Sin', 'Poppy', 'Twisted Fate', 'Yone')",0,3,3
"('Camille', 'Jax', 'Karthus', 'Lucian', 'Tristana')",0,3,3
"('Corki', 'Kennen', 'Lee Sin', 'Nilah', 'Taric')",0,3,3
"(""Kai'Sa"", 'Nunu & Willump', 'Rell', 'Renekton', 'Syndra')",0,3,3
"('Ashe', ""K'Sante"", 'Kindred', 'Rell', 'Zoe')",3,0,3
"('Aatrox', 'Akshan', 'Braum', 'Fiddlesticks', 'Jinx')",3,0,3
"('Kennen', 'Lee Sin', 'Nautilus', 'Sion', 'Varus')",0,3,3
"('Gnar', 'Nautilus', 'Taliyah', 'Twisted Fate', 'Zeri')",3,0,3
"('Camille', 'Jax', ""Kai'Sa"", 'Taliyah', 'Yone')",3,0,3
"('Cassiopeia', 'Corki', 'Gragas', 'Jayce', 'Zilean')",3,0,3
"('Ashe', ""Kha'Zix"", 'Renekton', 'Seraphine', 'Syndra')",0,3,3
"('Aatrox', 'Jayce', 'Lillia', 'Taric', 'Twitch')",3,0,3
"('Gwen', 'Jhin', 'Lillia', 'Rell', 'Viego')",0,3,3
"('Hwei', 'Kayn', 'Ornn', 'Senna', 'Seraphine')",3,0,3
"('Corki', 'Jayce', 'Lillia', 'Nunu & Willump', 'Rell')",3,0,3
"('Neeko', 'Renekton', 'Sylas', 'Varus', 'Vi')",0,3,3
"('Graves', 'Jhin', 'Neeko', 'Olaf', 'Poppy')",0,3,3
"('Ahri', 'Poppy', 'Rumble', 'Varus', 'Vayne')",0,3,3
"('Ekko', ""Kai'Sa"", 'Nautilus', 'Renekton', 'Tristana')",3,0,3
"('Katarina', 'Maokai', 'Nidalee', 'Renekton', 'Zeri')",3,0,3
"('Draven', 'Nidalee', 'Rell', 'Renekton', 'Tristana')",0,3,3
"('Ashe', 'Ekko', 'Galio', ""Kha'Zix"", 'Seraphine')",3,0,3
"('Corki', 'Kalista', 'Nidalee', 'Pyke', 'Warwick')",3,0,3
"('Ekko', 'Jax', 'Shen', 'Thresh', 'Twitch')",3,0,3
"('Camille', 'Corki', 'Jayce', 'Taliyah', 'Taric')",0,3,3
"('Kindred', 'Rell', 'Syndra', 'Udyr', 'Zeri')",0,3,3
"('Dr. Mundo', 'Hwei', ""Rek'Sai"", 'Rumble', 'Zeri')",3,0,3
"('Ashe', 'Caitlyn', 'Jax', 'Jayce', 'Nidalee')",3,0,3
"('Ahri', ""K'Sante"", 'Rakan', ""Rek'Sai"", 'Twitch')",3,0,3
"('Gragas', ""Kai'Sa"", 'Qiyana', 'Rell', 'Viego')",0,3,3
"('Gnar', 'Karma', ""Kha'Zix"", 'Smolder', 'Tryndamere')",0,3,3
"('Ashe', 'Hwei', ""K'Sante"", ""Kha'Zix"", 'Rell')",0,3,3
"(""Kai'Sa"", 'Karthus', 'Nautilus', 'Renekton', 'Yasuo')",0,3,3
"('Kalista', 'LeBlanc', 'Rammus', ""Rek'Sai"", 'Thresh')",3,0,3
"('Lucian', 'Nami', 'Skarner', 'Talon', 'Xerath')",3,0,3
"('LeBlanc', 'Pantheon', 'Rumble', 'Twisted Fate', 'Varus')",3,0,3
"('Alistar', 'Diana', 'Samira', 'Taliyah', 'Zac')",3,0,3
"('Blitzcrank', 'Gragas', 'Smolder', 'Viego', 'Ziggs')",3,0,3
"('Aatrox', 'Hecarim', 'Rumble', 'Tristana', 'Varus')",3,0,3
"('Blitzcrank', 'Caitlyn', 'Lillia', 'Renekton', 'Tristana')",3,0,3
"('Galio', 'Kennen', 'Kindred', 'Rell', 'Smolder')",3,0,3
"('Hwei', 'Kalista', 'Neeko', 'Sion', 'Viego')",0,3,3
"(""Kai'Sa"", ""Kha'Zix"", 'Nautilus', 'Syndra', 'Zac')",3,0,3
"('Diana', 'Dr. Mundo', 'Elise', 'Kalista', 'Nautilus')",0,3,3
"('Ahri', ""K'Sante"", 'Lee Sin', 'Leona', 'Zeri')",0,3,3
"('Aurelion Sol', 'Blitzcrank', 'Camille', 'Jinx', 'Viego')",3,0,3
"('Gragas', ""Kai'Sa"", 'Lillia', 'Nautilus', 'Tristana')",3,0,3
"('Galio', 'Lulu', 'Vayne', 'Zeri', 'Zyra')",0,3,3
"('Gnar', 'Jhin', ""Rek'Sai"", 'Skarner', 'Swain')",3,0,3
"('Braum', ""K'Sante"", 'Taliyah', 'Tristana', 'Varus')",0,3,3
"('Braum', 'Gragas', 'Twisted Fate', 'Twitch', 'Viego')",3,0,3
"('Jax', 'LeBlanc', 'Leona', 'Talon', 'Zeri')",3,0,3
"('Diana', 'Jhin', 'Karma', 'Pantheon', 'Tristana')",0,3,3
"('Braum', ""Kha'Zix"", 'Kled', 'Twisted Fate', 'Varus')",3,0,3
"('Jhin', ""K'Sante"", 'Neeko', 'Nidalee', 'Tristana')",3,0,3
"('Alistar', 'Aphelios', 'Gwen', 'Lillia', 'Pantheon')",0,3,3
"('Akshan', ""K'Sante"", ""Kai'Sa"", 'Nautilus', 'Nidalee')",0,3,3
"('Alistar', 'Kindred', 'Renekton', 'Smolder', 'Twisted Fate')",3,0,3
"('Diana', 'Gragas', 'Kindred', 'Lucian', 'Nautilus')",0,3,3
"('Aatrox', 'Jinx', ""Rek'Sai"", 'Rell', 'Viktor')",0,3,3
"('Ashe', 'Cassiopeia', 'Lillia', 'Rumble', 'Tristana')",0,3,3
"('Ashe', 'Ekko', 'Gragas', 'Kindred', 'Twitch')",0,3,3
"('Camille', 'Cassiopeia', 'Thresh', 'Viego', 'Zeri')",0,3,3
"('Camille', 'Hecarim', 'LeBlanc', 'Renekton', ""Vel'Koz"")",3,0,3
"('Camille', 'Lillia', 'Singed', 'Yuumi', 'Zeri')",0,3,3
"(""Kai'Sa"", 'Leona', 'Nidalee', 'Shen', 'Tristana')",3,0,3
"('Orianna', 'Rell', 'Samira', 'Skarner', 'Talon')",3,0,3
"('Akshan', 'Caitlyn', 'Hecarim', 'Neeko', 'Udyr')",0,3,3
"('Aphelios', 'Lulu', 'Nidalee', 'Riven', 'Twisted Fate')",0,3,3
"(""Bel'Veth"", 'Heimerdinger', 'Hwei', 'Twisted Fate', 'Varus')",3,0,3
"('Lillia', 'Rakan', 'Renekton', 'Tristana', 'Twitch')",3,0,3
"('Brand', 'Camille', 'Corki', 'Tristana', 'Twisted Fate')",0,3,3
"(""Bel'Veth"", 'Camille', 'Diana', ""K'Sante"", ""Kai'Sa"")",0,3,3
"('Hwei', ""K'Sante"", ""Rek'Sai"", 'Rumble', 'Varus')",3,0,3
"('Akshan', 'Camille', 'Nautilus', 'Samira', 'Taliyah')",3,0,3
"('Ashe', 'Nautilus', 'Nidalee', 'Poppy', 'Tristana')",3,0,3
"('Camille', 'Corki', 'Jinx', ""K'Sante"", 'Lillia')",3,0,3
"('Draven', 'Renata Glasc', 'Renekton', 'Taliyah', 'Tristana')",3,0,3
"('Nidalee', 'Rakan', 'Udyr', 'Xayah', 'Zed')",3,0,3
"('Camille', 'LeBlanc', 'Rumble', 'Twitch', 'Viego')",0,3,3
"('Ashe', 'Diana', 'Renekton', 'Thresh', 'Viego')",0,3,3
"('Blitzcrank', 'Corki', 'Hecarim', 'Twisted Fate', 'Urgot')",0,3,3
"('Ashe', 'Gragas', 'Nidalee', 'Rell', 'Talon')",0,3,3
"('Ivern', 'Jinx', 'Rell', 'Viego', 'Yasuo')",0,3,3
"('Katarina', 'Leona', 'Renekton', 'Samira', 'Taliyah')",0,3,3
"('Caitlyn', 'Nautilus', 'Taliyah', 'Twisted Fate', 'Viego')",3,0,3
"('Fiora', 'Lulu', 'Taliyah', 'Zed', 'Zeri')",3,0,3
"('Brand', 'Cassiopeia', 'Kalista', 'Pyke', 'Tryndamere')",3,0,3
"('Draven', 'Kindred', 'LeBlanc', 'Leona', 'Rumble')",3,0,3
"('Azir', 'Hecarim', 'Renekton', 'Thresh', ""Vel'Koz"")",0,3,3
"('Cassiopeia', 'Hecarim', 'Jhin', 'LeBlanc', 'Seraphine')",3,0,3
"('Graves', 'Poppy', 'Taliyah', 'Tristana', 'Vladimir')",3,0,3
"('Camille', 'Diana', 'Hecarim', ""Kai'Sa"", 'Kled')",0,3,3
"('Aatrox', 'Nidalee', 'Pantheon', 'Twisted Fate', 'Twitch')",3,0,3
"('Ezreal', 'Gragas', 'Hecarim', 'Hwei', 'Sejuani')",3,0,3
"('Hecarim', 'Neeko', 'Renekton', 'Varus', 'Veigar')",3,0,3
"('Aatrox', 'Jhin', 'Nautilus', 'Nunu & Willump', 'Taliyah')",0,3,3
"('Kalista', 'Lillia', 'Nasus', 'Pyke', 'Skarner')",3,0,3
"('Camille', 'Jinx', 'Nidalee', 'Skarner', 'Twisted Fate')",3,0,3
"('Ashe', 'Fiora', 'Ivern', 'Jayce', 'Thresh')",3,0,3
"('Cassiopeia', 'Graves', 'Hwei', 'Jinx', 'Nautilus')",3,0,3
"('Ahri', 'Nautilus', 'Sivir', 'Twisted Fate', 'Viego')",0,3,3
"('Ahri', 'Jax', 'Jinx', 'Thresh', 'Viego')",3,0,3
"('Corki', ""Kai'Sa"", 'Lillia', 'Rakan', 'Twisted Fate')",3,0,3
"('Brand', ""Kai'Sa"", 'Nasus', 'Nautilus', 'Yone')",0,3,3
"('Ashe', 'Katarina', 'Lee Sin', 'Skarner', 'Varus')",1,2,3
"('Ashe', 'Kennen', 'Nautilus', 'Orianna', 'Viego')",3,0,3
"('Akshan', ""Kog'Maw"", 'Lillia', 'Nautilus', 'Riven')",3,0,3
"('Lucian', 'Skarner', 'Taliyah', 'Tristana', 'Twisted Fate')",3,0,3
"('Bard', ""Kai'Sa"", 'Orianna', 'Skarner', 'Vayne')",3,0,3
"('Darius', 'LeBlanc', 'Lucian', 'Sona', 'Viego')",0,3,3
"('Camille', 'Miss Fortune', 'Nidalee', 'Tristana', 'Vladimir')",0,3,3
"('Hwei', 'Kennen', 'Rakan', 'Talon', 'Varus')",0,3,3
"('Camille', 'Ekko', 'Ornn', 'Pantheon', 'Tristana')",3,0,3
"('Ashe', 'Braum', 'Jax', 'Qiyana', 'Shen')",3,0,3
"('Bard', 'Darius', 'Jhin', 'Nidalee', 'Tristana')",0,3,3
"('Akali', 'Nautilus', 'Skarner', 'Yone', 'Zeri')",0,3,3
"('Caitlyn', 'Jax', 'Morgana', 'Taliyah', 'Tristana')",3,0,3
"('Blitzcrank', 'Hwei', 'Jhin', 'Kled', ""Rek'Sai"")",3,0,3
"('Hwei', 'Jinx', 'Kennen', 'Lee Sin', 'Nautilus')",0,3,3
"(""Kai'Sa"", 'Nautilus', 'Nunu & Willump', 'Renekton', 'Taliyah')",0,3,3
"('Braum', 'Corki', 'Irelia', 'Rumble', 'Taliyah')",0,3,3
"('Jhin', 'Nautilus', 'Rumble', 'Taliyah', 'Vi')",3,0,3
"('Fiora', 'Rell', 'Sylas', 'Talon', 'Xayah')",0,3,3
"('Corki', ""K'Sante"", 'Rell', 'Talon', 'Twisted Fate')",0,3,3
"('Draven', 'Nautilus', 'Nidalee', 'Twisted Fate', 'Zed')",3,0,3
"('Gnar', 'Hwei', 'Jinx', 'Pyke', 'Viego')",3,0,3
"('Azir', 'Gnar', 'Jhin', 'Sona', 'Viego')",0,3,3
"('Jhin', 'Pyke', 'Shen', 'Syndra', 'Viego')",3,0,3
"('Aatrox', 'Galio', 'Kindred', 'Taric', 'Twitch')",0,3,3
"(""Kai'Sa"", 'Ornn', 'Pyke', 'Sejuani', 'Tristana')",0,3,3
"('Hecarim', ""Kai'Sa"", 'Pantheon', 'Rakan', 'Rumble')",0,3,3
"('Diana', ""Kai'Sa"", 'Nautilus', 'Olaf', 'Skarner')",0,3,3
"('Galio', 'Kindred', 'Leona', 'Syndra', 'Twitch')",3,0,3
"('Fiora', 'Lucian', 'Poppy', ""Rek'Sai"", 'Zoe')",3,0,3
"('Caitlyn', 'Katarina', 'Leona', 'Nidalee', 'Skarner')",3,0,3
"('Ashe', 'Diana', 'Jayce', 'Seraphine', 'Skarner')",3,0,3
"('Ezreal', 'Pyke', 'Skarner', 'Viego', 'Zoe')",3,0,3
"('Nidalee', 'Poppy', 'Twisted Fate', 'Yasuo', 'Zeri')",3,0,3
"('Aphelios', 'Darius', 'Gragas', 'Lulu', 'Tristana')",3,0,3
"('Camille', 'Cassiopeia', 'Hecarim', 'Twitch', 'Zoe')",0,3,3
"('Ashe', 'Graves', 'LeBlanc', 'Rell', 'Twisted Fate')",3,0,3
"('Diana', ""K'Sante"", ""Kai'Sa"", 'Pyke', 'Viego')",0,3,3
"('Leona', 'Nidalee', 'Urgot', 'Yone', 'Ziggs')",3,0,3
"('Aphelios', 'Diana', 'Malphite', 'Nautilus', 'Taliyah')",3,0,3
"(""K'Sante"", ""Kai'Sa"", 'Nidalee', 'Rell', 'Yone')",0,3,3
"(""Kai'Sa"", ""Kha'Zix"", 'Rell', 'Skarner', 'Zoe')",3,0,3
"('Irelia', 'Karma', 'Smolder', 'Taliyah', 'Urgot')",3,0,3
"('Nidalee', 'Renekton', 'Taric', 'Twisted Fate', 'Varus')",3,0,3
"('Darius', 'Diana', 'Kindred', 'Rumble', 'Varus')",3,0,3
"('Alistar', 'Gnar', 'Viego', 'Zeri', 'Zoe')",3,0,3
"('Anivia', 'Hecarim', 'Nautilus', 'Skarner', 'Varus')",0,3,3
"('Hwei', 'Orianna', 'Renekton', 'Twisted Fate', 'Viego')",3,0,3
"('Alistar', 'Diana', 'Fiora', 'Jax', ""Kai'Sa"")",0,3,3
"('Alistar', 'Diana', 'Sivir', 'Viego', 'Zoe')",0,3,3
"('Karthus', 'Nautilus', 'Tristana', 'Yone', 'Ziggs')",0,3,3
"('Rell', 'Skarner', 'Varus', 'Vex', 'Viego')",0,3,3
"('Nautilus', 'Syndra', 'Udyr', 'Varus', 'Viego')",0,3,3
"('Brand', 'Hwei', 'Nami', 'Pantheon', 'Renekton')",3,0,3
"('Ashe', 'Cassiopeia', 'Poppy', 'Tristana', 'Udyr')",3,0,3
"('Ekko', ""Kai'Sa"", 'Rumble', 'Tristana', 'Twisted Fate')",0,3,3
"('Akshan', 'Lillia', 'Rumble', 'Varus', 'Zac')",3,0,3
"('Corki', 'Gragas', 'Hecarim', 'Hwei', 'Nautilus')",3,0,3
"('Olaf', 'Rell', 'Viego', 'Zeri', 'Zoe')",3,0,3
"('Ahri', 'Ezreal', 'Pyke', 'Rumble', 'Vi')",3,0,3
"('Aphelios', 'Nidalee', 'Rell', 'Rumble', 'Yone')",0,3,3
"('Diana', 'Graves', 'Rumble', 'Udyr', 'Zeri')",0,3,3
"('Blitzcrank', 'Jax', 'Lillia', 'Tristana', 'Varus')",3,0,3
"('Corki', 'Diana', 'Irelia', 'Lillia', 'Rell')",3,0,3
"('Jayce', 'Jinx', ""K'Sante"", 'Karthus', 'Seraphine')",3,0,3
"('Jinx', 'Kindred', 'Lulu', 'Shen', 'Sylas')",3,0,3
"('Skarner', 'Taliyah', 'Tristana', 'Zeri', 'Zilean')",3,0,3
"(""Kai'Sa"", 'Lee Sin', 'Rakan', 'Rumble', 'Taliyah')",0,3,3
"('Ezreal', 'Graves', 'Neeko', 'Rengar', 'Xerath')",3,0,3
"('Ahri', 'Ashe', 'Gragas', 'Varus', 'Viego')",0,3,3
"('Caitlyn', 'Camille', 'Lillia', 'Tristana', 'Twisted Fate')",0,3,3
"('Cassiopeia', 'Corki', 'Ekko', 'Hecarim', 'Seraphine')",3,0,3
"('Lucian', 'Mordekaiser', 'Nami', ""Vel'Koz"", 'Viego')",0,3,3
"('Elise', 'Rell', 'Renekton', 'Varus', 'Yone')",3,0,3
"('Alistar', 'Corki', ""K'Sante"", 'Lillia', 'Tristana')",0,3,3
"(""K'Sante"", 'Lulu', 'Pantheon', 'Taliyah', 'Twitch')",0,3,3
"('Ashe', 'Diana', 'Lillia', 'Poppy', 'Skarner')",3,0,3
"('Corki', 'Nautilus', 'Taliyah', 'Twisted Fate', 'Zed')",0,3,3
"('Hwei', 'Rell', 'Renekton', 'Talon', 'Twitch')",0,3,3
"('Jinx', 'Karthus', 'Kled', 'Rell', 'Yone')",0,3,3
"('Ashe', 'Nidalee', 'Rell', 'Renekton', 'Twisted Fate')",0,3,3
"('Camille', 'Hecarim', ""Kai'Sa"", 'LeBlanc', 'Twisted Fate')",3,0,3
"('Aatrox', 'Akali', ""Kha'Zix"", 'Rell', 'Twitch')",0,3,3
"('Fiddlesticks', 'Gwen', 'Lucian', 'Nami', 'Tristana')",0,3,3
"('Caitlyn', 'Jax', 'Syndra', 'Thresh', 'Vi')",0,3,3
"(""Cho'Gath"", 'Jayce', 'Jinx', 'Nautilus', 'Nidalee')",3,0,3
"('Blitzcrank', 'Elise', ""Kai'Sa"", 'Udyr', 'Yasuo')",3,0,3
"('Ashe', 'Irelia', 'Ivern', 'Jayce', 'Nautilus')",0,3,3
"('Hwei', 'Lee Sin', 'Poppy', 'Rumble', 'Varus')",3,0,3
"('Gragas', 'Graves', 'Kalista', 'Nautilus', 'Twisted Fate')",3,0,3
"('Corki', 'Lillia', 'Nautilus', 'Yasuo', 'Yone')",0,3,3
"(""Kha'Zix"", 'Poppy', 'Rumble', 'Tristana', 'Varus')",3,0,3
"('Jinx', 'Leona', 'Lillia', 'Udyr', 'Yasuo')",0,3,3
"('Fiora', 'Graves', 'Nilah', 'Taliyah', 'Taric')",2,0,2
"('Blitzcrank', 'Diana', 'Gangplank', 'Lucian', 'Nidalee')",2,0,2
"('Fizz', 'Jinx', ""Rek'Sai"", 'Sion', 'Thresh')",2,0,2
"('Ashe', 'Jax', 'Lux', 'Pantheon', 'Zoe')",0,2,2
"('Jayce', ""Kai'Sa"", 'Rell', 'Twisted Fate', 'Udyr')",0,2,2
"('Hecarim', 'Jinx', 'Neeko', 'Poppy', 'Pyke')",0,2,2
"('Blitzcrank', 'Gragas', 'Hwei', 'Shaco', 'Zeri')",0,2,2
"('Caitlyn', 'Hwei', 'Lee Sin', 'Lux', 'Quinn')",2,0,2
"('Ahri', 'Seraphine', 'Twisted Fate', 'Viego', 'Zeri')",2,0,2
"('Aurelion Sol', 'Camille', 'Graves', 'Nautilus', 'Varus')",2,0,2
"(""Bel'Veth"", ""Kai'Sa"", 'Nautilus', 'Neeko', 'Renekton')",2,0,2
"('Caitlyn', 'Graves', 'LeBlanc', 'Neeko', 'Twisted Fate')",0,2,2
"('Caitlyn', 'Karthus', 'Lux', 'Smolder', 'Tristana')",2,0,2
"('Gnar', 'Hwei', ""Kai'Sa"", 'Seraphine', 'Viego')",2,0,2
"('Ashe', 'Kennen', 'Kled', 'Seraphine', 'Viego')",2,0,2
"('Gragas', 'Pyke', 'Twisted Fate', 'Varus', 'Yasuo')",2,0,2
"('Corki', ""Kai'Sa"", ""Rek'Sai"", 'Rell', 'Rumble')",0,2,2
"('Galio', 'Irelia', ""Kai'Sa"", 'Nautilus', ""Rek'Sai"")",0,2,2
"('Janna', 'Jayce', ""Kai'Sa"", 'Kennen', 'Viego')",2,0,2
"('Aatrox', 'Akshan', 'Braum', 'Lillia', 'Varus')",0,2,2
"('Camille', 'Lee Sin', 'Tristana', 'Twisted Fate', 'Ziggs')",0,2,2
"('Alistar', 'Ashe', 'Nidalee', 'Tristana', 'Twisted Fate')",1,1,2
"('Hecarim', 'Hwei', 'Nautilus', 'Zac', 'Zeri')",0,2,2
"('Akshan', 'Fiddlesticks', ""K'Sante"", 'Kalista', 'Nautilus')",0,2,2
"('Akshan', 'Blitzcrank', 'Fiddlesticks', 'Twisted Fate', 'Zeri')",2,0,2
"(""Kai'Sa"", 'Rakan', 'Skarner', 'Tryndamere', 'Twisted Fate')",2,0,2
"('Brand', 'Dr. Mundo', 'Katarina', 'Smolder', 'Zac')",2,0,2
"('Camille', 'Jhin', 'Lillia', 'Lux', 'Tristana')",2,0,2
"(""Kai'Sa"", 'Skarner', 'Taliyah', 'Talon', 'Zoe')",2,0,2
"('Corki', 'Kalista', 'Kled', 'Nidalee', 'Rell')",2,0,2
"('Ahri', 'Bard', 'Caitlyn', 'Twisted Fate', 'Xin Zhao')",0,2,2
"('Ashe', 'Briar', 'Darius', 'Thresh', 'Zeri')",2,0,2
"('Aatrox', 'Kayn', 'Renata Glasc', 'Taliyah', 'Tristana')",0,2,2
"('Gragas', ""Kai'Sa"", 'Qiyana', 'Rakan', 'Taliyah')",0,2,2
"('Ashe', 'Fiora', 'Hwei', 'Sejuani', 'Seraphine')",2,0,2
"('Graves', 'Jhin', 'Lissandra', 'Poppy', 'Rumble')",0,2,2
"('Diana', 'Hwei', 'Jinx', 'Kennen', 'Tristana')",2,0,2
"('Hecarim', 'Hwei', 'Kalista', 'Nautilus', 'Tryndamere')",2,0,2
"('Ashe', 'Braum', 'Jax', 'Nidalee', 'Syndra')",2,0,2
"('Graves', 'Rakan', 'Samira', 'Teemo', 'Tristana')",2,0,2
"('Ashe', 'Galio', 'Jayce', 'Twisted Fate', 'Viego')",0,2,2
"('Corki', 'Hecarim', 'Nautilus', 'Rumble', 'Ziggs')",2,0,2
"('Blitzcrank', 'Corki', 'Ekko', 'Skarner', 'Viego')",2,0,2
"('Graves', 'Hwei', ""Kai'Sa"", 'Rakan', 'Zac')",2,0,2
"('Caitlyn', 'Lee Sin', 'Rumble', 'Tristana', 'Zilean')",2,0,2
"('Alistar', 'Gnar', ""Kai'Sa"", 'Ryze', 'Viego')",2,0,2
"(""Kai'Sa"", ""Kha'Zix"", 'LeBlanc', 'Skarner', 'Thresh')",0,2,2
"('Gragas', 'Graves', 'Janna', 'Lucian', 'Nunu & Willump')",2,0,2
"('Ahri', ""Kog'Maw"", 'Master Yi', 'Rumble', 'Sona')",2,0,2
"('Jayce', 'LeBlanc', 'Nautilus', 'Varus', 'Xin Zhao')",0,2,2
"('Akali', 'Jax', 'Jinx', 'Rengar', 'Zilean')",0,2,2
"('Jayce', 'Orianna', 'Rakan', 'Viego', 'Zeri')",0,2,2
"(""Kai'Sa"", 'Rakan', 'Twisted Fate', 'Viego', 'Zac')",0,2,2
"('Camille', 'Gragas', 'Nidalee', 'Tristana', 'Yasuo')",0,2,2
"('Gragas', 'Jax', 'Kindred', 'Smolder', 'Taric')",2,0,2
"('Diana', 'Dr. Mundo', 'Lulu', 'Master Yi', 'Zeri')",2,0,2
"('Cassiopeia', 'Nunu & Willump', 'Skarner', 'Viego', 'Yuumi')",0,2,2
"('Graves', 'Jhin', ""K'Sante"", 'Karma', 'Orianna')",0,2,2
"('Akshan', 'Kennen', 'Master Yi', 'Rell', 'Varus')",0,2,2
"('Camille', 'Evelynn', 'Lucian', 'Nami', 'Twisted Fate')",0,2,2
"('Aphelios', 'Ivern', 'Jayce', 'Qiyana', 'Skarner')",0,2,2
"('Akali', 'Hecarim', 'Jinx', 'Quinn', 'Rell')",0,2,2
"('Elise', 'Irelia', 'Jhin', 'Kennen', 'Nautilus')",0,2,2
"('Gragas', 'Graves', ""Kai'Sa"", 'Taliyah', 'Taric')",0,2,2
"('Aatrox', 'Aurelion Sol', 'Corki', 'Graves', 'Nami')",2,0,2
"('Alistar', 'Ashe', 'Kennen', 'Lillia', 'Yone')",2,0,2
"('Ashe', 'Lillia', 'Pantheon', 'Tristana', 'Udyr')",0,2,2
"('Akali', 'Graves', 'Jhin', 'Rakan', 'Skarner')",0,2,2
"(""Kai'Sa"", 'Malphite', 'Rell', 'Vex', 'Viego')",0,2,2
"('Graves', 'Jayce', 'Nautilus', 'Neeko', 'Varus')",0,2,2
"('Camille', 'Hwei', 'Rakan', 'Samira', 'Viego')",0,2,2
"('Lucian', 'Master Yi', 'Nami', 'Senna', 'Taliyah')",0,2,2
"('Illaoi', 'Jinx', 'Master Yi', 'Twisted Fate', 'Zyra')",2,0,2
"('Hwei', 'Jayce', 'Jinx', 'Lee Sin', 'Rell')",0,2,2
"('Fizz', 'Gragas', ""Kai'Sa"", 'Senna', 'Xin Zhao')",2,0,2
"('Jinx', 'Lillia', 'Lulu', 'Skarner', 'Yone')",0,2,2
"('Hecarim', 'Nautilus', 'Poppy', 'Sylas', 'Zeri')",0,2,2
"('Hecarim', 'Hwei', 'Jayce', ""Kai'Sa"", 'Rell')",0,2,2
"('Kennen', 'Neeko', 'Nidalee', 'Tristana', 'Varus')",0,2,2
"('Camille', ""Kai'Sa"", 'Rell', 'Viego', 'Zac')",0,2,2
"('Graves', 'Jinx', 'Rakan', 'Rumble', 'Swain')",2,0,2
"('Azir', 'Caitlyn', 'Kindred', 'Lux', 'Olaf')",2,0,2
"('Darius', 'Lucian', 'Milio', 'Viego', 'Viktor')",0,2,2
"('Akali', 'Bard', 'Jhin', 'Rengar', 'Twisted Fate')",2,0,2
"('Corki', 'Kassadin', 'Nautilus', ""Rek'Sai"", 'Vladimir')",2,0,2
"('Blitzcrank', 'Graves', ""Kai'Sa"", 'Rumble', 'Zoe')",2,0,2
"('Corki', 'Ivern', 'Ornn', 'Rell', 'Yasuo')",0,2,2
"('Ashe', 'Caitlyn', 'Skarner', 'Viktor', 'Xin Zhao')",2,0,2
"('Alistar', 'Jinx', 'Kled', 'Taliyah', 'Twisted Fate')",2,0,2
"('Hwei', 'Jayce', 'Rakan', 'Skarner', 'Tristana')",2,0,2
"('Corki', 'Jax', 'Nidalee', 'Rell', 'Veigar')",0,2,2
"(""Bel'Veth"", 'Lucian', 'Nami', 'Rumble', 'Twisted Fate')",0,2,2
"('Gnar', 'Nautilus', 'Varus', 'Vex', 'Viego')",2,0,2
"('Galio', 'Gnar', 'Nautilus', 'Rengar', 'Xayah')",2,0,2
"('Caitlyn', 'Graves', 'Karma', 'Malphite', 'Skarner')",2,0,2
"('Gragas', 'Jayce', 'Jhin', 'Nautilus', 'Rumble')",0,2,2
"('Aatrox', 'Ashe', 'Nautilus', 'Taliyah', 'Viego')",0,2,2
"('Ashe', 'Hecarim', 'Hwei', 'Lulu', 'Malphite')",0,2,2
"('Aurelion Sol', ""K'Sante"", ""Kai'Sa"", 'Leona', 'Viego')",2,0,2
"('Nidalee', 'Rell', 'Sivir', 'Tryndamere', 'Twisted Fate')",0,2,2
"('Camille', 'Corki', 'Jayce', 'Karthus', 'Qiyana')",0,2,2
"('Fiora', ""Kai'Sa"", 'Master Yi', 'Rell', 'Twisted Fate')",0,2,2
"(""Kai'Sa"", 'Nautilus', 'Renekton', 'Taliyah', 'Zed')",0,2,2
"('Ezreal', 'Master Yi', 'Ryze', 'Twisted Fate', 'Zyra')",2,0,2
"('Corki', 'Gnar', 'Graves', 'Hwei', 'Pyke')",2,0,2
"('Miss Fortune', 'Rell', 'Shen', 'Taliyah', 'Yone')",0,2,2
"('Akshan', 'Jhin', 'Karma', 'Master Yi', 'Twisted Fate')",2,0,2
"('Nasus', 'Nautilus', 'Nidalee', 'Twisted Fate', 'Varus')",0,2,2
"('Akshan', 'Brand', 'Jhin', 'Lux', 'Shen')",2,0,2
"('Jhin', 'Karma', 'Nasus', 'Nidalee', 'Sett')",0,2,2
"('Diana', 'Gnar', 'Graves', 'Lucian', 'Milio')",2,0,2
"('Corki', 'Lee Sin', 'Nautilus', 'Rumble', 'Talon')",0,2,2
"('Ivern', 'Jayce', 'Jhin', 'LeBlanc', 'Taric')",0,2,2
"('Cassiopeia', 'Hecarim', ""Kai'Sa"", 'Rakan', 'Skarner')",2,0,2
"('Blitzcrank', 'Graves', ""Kai'Sa"", 'Lux', 'Yone')",2,0,2
"('Brand', 'Nasus', 'Nautilus', 'Senna', 'Urgot')",2,0,2
"('Corki', 'Jayce', 'Nasus', 'Nautilus', 'Viego')",2,0,2
"('Darius', 'Master Yi', 'Rakan', 'Zeri', 'Zoe')",2,0,2
"('Hwei', 'Kalista', 'Lee Sin', 'Neeko', 'Skarner')",2,0,2
"('Hwei', 'Kindred', 'Rell', 'Renekton', 'Samira')",2,0,2
"('Aatrox', 'Alistar', ""Kai'Sa"", 'Nidalee', 'Skarner')",2,0,2
"('Aurelion Sol', 'Caitlyn', 'Cassiopeia', 'Jarvan IV', 'Lux')",2,0,2
"('Galio', 'Kindred', 'Poppy', 'Rumble', 'Xayah')",2,0,2
"('Jhin', 'Lux', 'Ornn', 'Rell', 'Viego')",2,0,2
"('Diana', 'Graves', 'Mordekaiser', 'Nautilus', 'Senna')",0,2,2
"('Hwei', 'Pantheon', 'Udyr', 'Yuumi', 'Zeri')",0,2,2
"('Camille', 'Graves', 'Kalista', 'Sylas', 'Udyr')",0,2,2
"('Braum', 'Fiddlesticks', 'Gnar', 'Varus', 'Xin Zhao')",2,0,2
"('Camille', 'Jax', 'Kindred', 'LeBlanc', 'Varus')",2,0,2
"('Ahri', 'Camille', 'Jinx', 'Nautilus', ""Rek'Sai"")",0,2,2
"('Jinx', 'Nidalee', 'Renekton', 'Thresh', 'Viego')",2,0,2
"('Alistar', 'Corki', 'Gragas', 'Jayce', 'Viego')",2,0,2
"(""Kai'Sa"", 'Lillia', 'Lulu', 'Skarner', 'Viego')",0,2,2
"('Ashe', 'Fiora', 'Lux', 'Poppy', ""Rek'Sai"")",2,0,2
"('Cassiopeia', 'Sona', 'Tristana', 'Vi', 'Zeri')",2,0,2
"('Cassiopeia', 'Graves', 'Lissandra', 'Rell', 'Samira')",2,0,2
"('Camille', 'Gragas', 'Graves', ""Kai'Sa"", 'Lissandra')",2,0,2
"('Corki', 'Nidalee', 'Rakan', 'Skarner', 'Tristana')",2,0,2
"('Camille', 'Corki', 'Gnar', 'Lillia', 'Master Yi')",0,2,2
"('Draven', 'Kled', 'Lux', 'Nautilus', 'Taliyah')",2,0,2
"('Graves', 'Hwei', ""Kai'Sa"", 'Nautilus', 'Rumble')",0,2,2
"('Gangplank', 'Lux', 'Rakan', 'Vi', 'Zeri')",0,2,2
"('Akshan', 'Gragas', 'Hecarim', 'Nautilus', 'Twitch')",2,0,2
"('Irelia', 'Kalista', 'Maokai', 'Sylas', 'Xin Zhao')",2,0,2
"('Graves', 'Kalista', 'Nautilus', 'Taliyah', 'Udyr')",2,0,2
"('Ezreal', 'Gwen', 'Lee Sin', 'Senna', 'Vladimir')",0,2,2
"('Diana', 'Graves', 'Rell', 'Sejuani', 'Varus')",2,0,2
"('Ashe', 'Diana', 'Hecarim', 'Hwei', 'Seraphine')",2,0,2
"('Blitzcrank', 'Jax', 'Jhin', 'Rengar', 'Veigar')",0,2,2
"('Graves', 'Jayce', 'Jinx', 'Rell', 'Taliyah')",2,0,2
"('Blitzcrank', 'Jax', 'Skarner', 'Tristana', 'Varus')",0,2,2
"('Blitzcrank', 'Brand', 'Gangplank', 'Talon', 'Varus')",2,0,2
"('Aurelion Sol', 'Graves', 'Jax', 'Nautilus', 'Zeri')",1,1,2
"('Ashe', 'Diana', 'Kindred', 'Poppy', 'Taric')",2,0,2
"('Lucian', 'Nami', 'Ornn', 'Shaco', 'Xerath')",2,0,2
"('Diana', 'Garen', ""Kai'Sa"", 'Nautilus', 'Yasuo')",2,0,2
"('Mordekaiser', 'Nidalee', 'Pantheon', 'Samira', 'Yasuo')",2,0,2
"('Diana', 'Gwen', 'Jhin', 'Poppy', 'Urgot')",2,0,2
"('Darius', 'Nidalee', 'Rumble', 'Varus', 'Yone')",0,2,2
"('Braum', 'Corki', 'Diana', 'Nidalee', 'Skarner')",2,0,2
"('Braum', 'Gwen', 'Lucian', 'Shen', 'Tristana')",2,0,2
"('Alistar', ""Kai'Sa"", 'Katarina', 'Shaco', 'Skarner')",2,0,2
"('Camille', 'Diana', 'Kayn', 'Rell', 'Samira')",2,0,2
"('Corki', 'Diana', 'Nautilus', 'Olaf', 'Qiyana')",2,0,2
"('Diana', 'Draven', 'Nasus', 'Rell', 'Taliyah')",2,0,2
"('Hecarim', ""Kai'Sa"", 'Katarina', 'Nautilus', 'Shen')",2,0,2
"('Corki', 'Gnar', 'Nidalee', 'Pantheon', 'Samira')",0,2,2
"('Ashe', 'Draven', 'Taliyah', 'Viego', 'Yone')",2,0,2
"('Akshan', 'Ekko', 'Quinn', 'Rell', 'Tristana')",0,2,2
"('Graves', 'Kennen', 'Skarner', 'Varus', 'Xerath')",2,0,2
"('Braum', 'Hwei', 'Jax', 'Master Yi', 'Twisted Fate')",0,2,2
"('Ashe', ""Bel'Veth"", 'Galio', 'Jax', 'Pyke')",0,2,2
"(""K'Sante"", 'Rell', 'Rengar', 'Varus', 'Xerath')",0,2,2
"('Draven', 'Fiora', 'LeBlanc', 'Lee Sin', 'Rell')",0,2,2
"('Neeko', 'Rell', 'Viego', 'Yasuo', 'Zeri')",2,0,2
"('Caitlyn', 'Irelia', 'Lee Sin', 'Lux', 'Rumble')",2,0,2
"('Ezreal', 'Hwei', 'Olaf', 'Renekton', 'Taliyah')",0,2,2
"('Corki', 'Fiddlesticks', 'Janna', 'Nasus', 'Tristana')",0,2,2
"(""Bel'Veth"", 'LeBlanc', 'Lulu', 'Smolder', 'Twisted Fate')",0,2,2
"('Corki', 'Leona', 'Nidalee', 'Pantheon', 'Yone')",0,2,2
"('Aatrox', 'Ashe', 'Diana', 'Milio', 'Tristana')",2,0,2
"('Aatrox', 'Irelia', 'Jinx', 'Nautilus', 'Nidalee')",2,0,2
"('Aatrox', 'Alistar', 'Graves', 'Sylas', 'Varus')",0,2,2
"('Camille', 'Jhin', 'Taliyah', 'Vayne', 'Zac')",0,2,2
"('Camille', 'Corki', 'Karthus', 'Lucian', 'Nami')",2,0,2
"('Jayce', 'Lucian', 'Nami', 'Nidalee', 'Riven')",0,2,2
"('Aphelios', 'Pyke', 'Rumble', 'Skarner', 'Taliyah')",2,0,2
"('Maokai', 'Nautilus', 'Rumble', 'Smolder', 'Viego')",2,0,2
"('Corki', 'Jax', 'Lux', 'Rell', 'Sylas')",2,0,2
"(""Bel'Veth"", 'Camille', 'Corki', 'Nunu & Willump', 'Tryndamere')",2,0,2
"('Camille', 'Graves', ""Kai'Sa"", 'Poppy', 'Syndra')",2,0,2
"('Akali', 'Jax', 'Jhin', 'Nidalee', 'Rumble')",0,2,2
"('Alistar', ""Rek'Sai"", 'Rengar', 'Xerath', 'Zeri')",2,0,2
"('Ezreal', 'Graves', 'Hwei', 'Rell', 'Twisted Fate')",2,0,2
"('Karma', 'Kennen', 'Lillia', 'Tristana', 'Varus')",2,0,2
"('Ashe', 'Kennen', 'Lulu', 'Nidalee', 'Yasuo')",2,0,2
"('Lee Sin', 'Neeko', 'Renekton', 'Varus', ""Vel'Koz"")",2,0,2
"('Camille', 'Jinx', 'Lulu', 'Nidalee', 'Talon')",2,0,2
"('Camille', 'Corki', 'Malzahar', 'Nidalee', 'Tryndamere')",2,0,2
"('Cassiopeia', 'Jinx', 'Rell', 'Twisted Fate', 'Viego')",2,0,2
"('Ashe', 'Brand', 'Rakan', 'Skarner', 'Yone')",2,0,2
"('Blitzcrank', 'Hwei', 'Lee Sin', 'Shen', 'Zeri')",2,0,2
"('Hwei', 'Lee Sin', 'Rakan', 'Rumble', 'Twisted Fate')",2,0,2
"('Cassiopeia', 'Hwei', 'Nunu & Willump', 'Smolder', 'Tristana')",2,0,2
"('Alistar', 'Corki', ""Kai'Sa"", 'Nidalee', 'Olaf')",2,0,2
"('Ashe', 'Hwei', 'Lulu', 'Skarner', 'Viego')",0,2,2
"('Aphelios', 'Corki', 'Mordekaiser', 'Rakan', 'Taliyah')",2,0,2
"('Akshan', 'Heimerdinger', ""Kai'Sa"", 'Thresh', 'Xin Zhao')",2,0,2
"('Galio', ""Kai'Sa"", 'Pyke', 'Renekton', 'Xin Zhao')",0,2,2
"('Akshan', 'Gnar', 'Hwei', ""Kai'Sa"", 'Nidalee')",0,2,2
"('Leona', 'Miss Fortune', 'Olaf', 'Taliyah', 'Tristana')",2,0,2
"('Corki', 'Poppy', 'Rumble', 'Viego', 'Yone')",2,0,2
"('Lillia', 'Rakan', 'Twisted Fate', 'Varus', 'Yone')",2,0,2
"('Galio', 'LeBlanc', 'Twisted Fate', 'Varus', 'Viego')",0,2,2
"('Diana', 'Graves', 'Rell', 'Rumble', 'Zeri')",2,0,2
"('Hwei', 'Lee Sin', 'Pyke', 'Sylas', 'Varus')",2,0,2
"('Galio', 'Jax', ""Kai'Sa"", 'Lee Sin', 'Twisted Fate')",2,0,2
"('Graves', 'Hwei', 'Jax', 'Nautilus', 'Zeri')",2,0,2
"('Akali', ""Kha'Zix"", 'Rakan', 'Skarner', 'Smolder')",0,2,2
"('Jax', 'Nami', 'Nunu & Willump', 'Sivir', 'Syndra')",2,0,2
"('Kalista', 'Kindred', 'Pyke', 'Syndra', 'Urgot')",2,0,2
"('Graves', 'Kalista', 'Poppy', 'Syndra', 'Udyr')",0,2,2
"('Lee Sin', 'Olaf', 'Seraphine', 'Twisted Fate', 'Varus')",0,2,2
"('Lillia', 'Olaf', 'Rakan', 'Varus', 'Yasuo')",0,2,2
"('Darius', 'Lee Sin', 'Lulu', 'Syndra', 'Twitch')",2,0,2
"('Ashe', 'Irelia', 'Jax', 'Nautilus', 'Taliyah')",2,0,2
"('Gragas', 'Lee Sin', 'Renata Glasc', 'Twisted Fate', 'Varus')",2,0,2
"('Ashe', 'Jax', 'Nautilus', 'Sylas', 'Vi')",0,2,2
"('Camille', ""Cho'Gath"", 'Heimerdinger', 'Syndra', 'Xin Zhao')",2,0,2
"('Aurelion Sol', 'Syndra', 'Viego', 'Warwick', 'Yasuo')",0,2,2
"('Fiddlesticks', 'Poppy', 'Tryndamere', 'Twisted Fate', 'Zeri')",0,2,2
"('Janna', 'Jhin', 'Nidalee', 'Renekton', 'Yone')",2,0,2
"('Galio', 'Janna', ""Kai'Sa"", 'Olaf', 'Vi')",2,0,2
"('Ashe', 'Gnar', 'Sona', 'Twisted Fate', 'Zac')",2,0,2
"('Ashe', 'Graves', 'Jax', 'Rell', 'Syndra')",2,0,2
"('Ahri', 'Lillia', 'Nasus', 'Rakan', 'Zeri')",0,2,2
"('Hwei', 'Leona', 'Nidalee', 'Tryndamere', 'Varus')",2,0,2
"('Jayce', 'Rell', 'Taliyah', 'Varus', 'Viego')",2,0,2
"('Aurelion Sol', 'Karthus', 'Rumble', 'Sion', 'Zeri')",0,2,2
"('Ashe', 'Braum', 'Darius', 'Graves', 'Twisted Fate')",2,0,2
"('Jinx', ""K'Sante"", 'Nautilus', 'Nidalee', 'Syndra')",2,0,2
"('Lux', 'Rengar', 'Skarner', 'Taliyah', 'Zeri')",2,0,2
"('Ashe', 'Jax', 'Kindred', 'Rell', 'Vex')",2,0,2
"('Graves', 'Jinx', 'Nautilus', 'Renekton', 'Twisted Fate')",0,2,2
"('Jinx', 'Nidalee', 'Renekton', 'Thresh', 'Tristana')",0,2,2
"('Aurelion Sol', 'Ezreal', 'Jax', 'Lux', 'Olaf')",2,0,2
"('Ashe', 'Bard', 'Gnar', 'Hecarim', 'Taliyah')",2,0,2
"('Corki', 'Jinx', 'Rell', 'Renekton', 'Taliyah')",2,0,2
"('Camille', 'Corki', 'Janna', ""Kai'Sa"", 'Nidalee')",2,0,2
"('Gnar', 'Hecarim', 'Jinx', 'Nautilus', 'Taliyah')",2,0,2
"('Gwen', 'Jhin', 'Karma', 'Kindred', 'Syndra')",2,0,2
"('Mordekaiser', 'Nautilus', 'Smolder', 'Syndra', 'Viego')",0,2,2
"('Akali', 'Jinx', 'Rakan', ""Rek'Sai"", 'Renekton')",2,0,2
"('Cassiopeia', 'Hecarim', 'Thresh', 'Twisted Fate', ""Vel'Koz"")",2,0,2
"(""K'Sante"", ""Kai'Sa"", 'Lillia', 'Tristana', 'Zac')",0,2,2
"('Azir', 'Diana', 'Graves', ""Kai'Sa"", 'Leona')",2,0,2
"('Fiora', 'Hwei', 'Lee Sin', 'Leona', 'Varus')",2,0,2
"('Ahri', ""Kai'Sa"", 'Kennen', 'Nautilus', 'Zac')",2,0,2
"('Leona', 'Nidalee', 'Rumble', 'Tristana', 'Varus')",2,0,2
"('Nidalee', 'Poppy', 'Rell', 'Varus', 'Yone')",0,2,2
"('Jax', 'Poppy', 'Skarner', 'Tristana', 'Ziggs')",2,0,2
"('Ashe', 'Camille', 'Hwei', 'Nautilus', 'Viego')",0,2,2
"('Aphelios', 'Braum', 'Hwei', 'Twisted Fate', 'Viego')",2,0,2
"('Jinx', 'Skarner', 'Taliyah', 'Thresh', 'Zac')",2,0,2
"('Camille', ""Kai'Sa"", 'Nautilus', 'Nidalee', 'Tristana')",2,0,2
"('LeBlanc', 'Swain', 'Tryndamere', 'Viego', 'Zyra')",2,0,2
"('Corki', 'Leona', 'Skarner', 'Taliyah', 'Tristana')",0,2,2
"('Neeko', ""Rek'Sai"", 'Sylas', 'Varus', 'Zac')",0,2,2
"('Hwei', 'Jax', ""Kai'Sa"", 'Rakan', 'Viego')",2,0,2
"('Ashe', 'Fiddlesticks', 'Nasus', 'Nautilus', 'Zoe')",2,0,2
"(""Bel'Veth"", 'Nautilus', 'Rumble', 'Samira', 'Zoe')",0,2,2
"('Jinx', 'Riven', 'Senna', 'Twisted Fate', 'Viego')",2,0,2
"('Camille', 'Fiddlesticks', 'Nautilus', 'Viego', 'Zeri')",2,0,2
"('Gragas', 'Jinx', 'Renata Glasc', 'Twisted Fate', 'Viego')",2,0,2
"('Alistar', 'Jarvan IV', 'Malphite', 'Tristana', 'Zed')",0,2,2
"(""Kha'Zix"", 'Nautilus', 'Rumble', 'Tristana', 'Vayne')",2,0,2
"('Corki', 'Jinx', 'Malphite', 'Nidalee', 'Skarner')",2,0,2
"('Ashe', 'Aurelion Sol', ""Kog'Maw"", 'Malphite', 'Talon')",2,0,2
"(""K'Sante"", 'Pyke', 'Taliyah', 'Viego', 'Zeri')",2,0,2
"('Camille', 'Lulu', 'Shaco', 'Syndra', 'Zeri')",2,0,2
"('Akshan', 'Alistar', 'Jinx', ""Rek'Sai"", 'Shaco')",2,0,2
"('Corki', 'Qiyana', 'Rakan', 'Riven', 'Udyr')",2,0,2
"('Elise', 'Jayce', ""K'Sante"", 'Pyke', 'Varus')",0,2,2
"('Diana', 'Ivern', 'Jhin', ""K'Sante"", 'Skarner')",2,0,2
"('Kalista', 'Kled', 'Nautilus', 'Zac', 'Zoe')",2,0,2
"('Aurelion Sol', 'Draven', 'Jax', 'Lee Sin', 'Renata Glasc')",2,0,2
"('Aurelion Sol', 'Jhin', 'Nunu & Willump', 'Senna', 'Warwick')",0,2,2
"('Akshan', 'Poppy', 'Pyke', 'Taliyah', 'Twitch')",2,0,2
"('Graves', 'Jax', ""Kog'Maw"", 'LeBlanc', 'Nautilus')",0,2,2
"('Aphelios', 'Hwei', 'Rakan', 'Viego', 'Zac')",2,0,2
"('Akshan', 'Draven', 'Hecarim', 'Kennen', 'Nautilus')",2,0,2
"('Akshan', 'Janna', 'Nidalee', 'Nilah', 'Poppy')",2,0,2
"('Kled', 'Rakan', 'Shaco', 'Viktor', 'Zeri')",2,0,2
"('Aphelios', 'Hwei', 'Jarvan IV', 'Poppy', 'Seraphine')",0,2,2
"('Akshan', 'Diana', 'Gragas', 'Kalista', 'Pyke')",2,0,2
"('Brand', 'Hwei', 'Kalista', 'Twisted Fate', 'Viego')",0,2,2
"('Bard', ""Kai'Sa"", 'LeBlanc', 'Riven', 'Shaco')",2,0,2
"('LeBlanc', 'Lucian', 'Rell', 'Ryze', 'Shaco')",2,0,2
"('Blitzcrank', 'Jinx', 'Karthus', 'Yasuo', 'Yone')",2,0,2
"('Akali', 'Camille', 'Jinx', 'Kindred', 'Skarner')",2,0,2
"('Corki', 'Ivern', 'Jinx', 'Taric', 'Twisted Fate')",2,0,2
"('Aurelion Sol', ""K'Sante"", 'Kalista', 'Nautilus', 'Viego')",0,2,2
"('Caitlyn', 'Kled', 'Leona', 'Taliyah', 'Tryndamere')",2,0,2
"('Draven', 'Fiddlesticks', 'Skarner', 'Taliyah', 'Yone')",2,0,2
"('Cassiopeia', 'Gragas', 'Thresh', 'Tristana', 'Varus')",2,0,2
"('Akshan', 'Braum', 'Kindred', 'Tryndamere', 'Varus')",2,0,2
"('Camille', 'LeBlanc', 'Renekton', 'Varus', 'Viego')",0,2,2
"('Graves', 'Hwei', 'Maokai', 'Varus', 'Viego')",0,2,2
"('Ashe', 'Aurelion Sol', 'Bard', 'Camille', 'Hecarim')",0,2,2
"('Corki', 'Jax', 'Poppy', 'Sylas', 'Taliyah')",2,0,2
"('Caitlyn', 'Graves', 'Lux', 'Renekton', 'Tristana')",2,0,2
"('Graves', ""Kai'Sa"", 'Nautilus', 'Pantheon', 'Twisted Fate')",0,2,2
"('Alistar', 'Ashe', 'Taliyah', 'Tristana', 'Twisted Fate')",2,0,2
"('Graves', 'Gwen', 'Jhin', 'LeBlanc', 'Neeko')",2,0,2
"('Jinx', 'Lillia', 'Lulu', 'Pantheon', 'Tryndamere')",0,2,2
"('Graves', ""Kai'Sa"", 'Katarina', 'Poppy', 'Renekton')",2,0,2
"('Akshan', 'Leona', 'Lillia', 'Taliyah', 'Tryndamere')",2,0,2
"('Jayce', ""K'Sante"", 'Karthus', 'Nilah', 'Pyke')",2,0,2
"('Aatrox', 'Ahri', 'Ashe', 'Corki', 'Hecarim')",0,2,2
"('Blitzcrank', 'Jax', 'Jayce', 'Jhin', 'Nidalee')",0,2,2
"('Cassiopeia', 'Jayce', ""Kai'Sa"", 'Nidalee', 'Pyke')",2,0,2
"('Ashe', 'Darius', 'Hecarim', 'Taric', 'Vex')",2,0,2
"('Alistar', 'Cassiopeia', 'Hecarim', 'LeBlanc', 'Smolder')",0,2,2
"('Ashe', 'Cassiopeia', 'Ekko', 'Rell', 'Viego')",0,2,2
"('Aurelion Sol', 'Bard', 'Camille', 'Hecarim', 'Miss Fortune')",0,2,2
"('Akali', 'Lillia', 'Nautilus', 'Tristana', 'Zeri')",2,0,2
"('Corki', 'Heimerdinger', 'Lucian', 'Milio', 'Vi')",0,2,2
"('Braum', 'Illaoi', 'Lee Sin', 'Twisted Fate', 'Zeri')",2,0,2
"('Qiyana', 'Thresh', 'Tristana', 'Viego', 'Zeri')",0,2,2
"('Ashe', 'Braum', 'Ornn', 'Taliyah', 'Tristana')",2,0,2
"('Akali', 'Janna', 'Kled', 'Lillia', 'Zeri')",0,2,2
"('Pantheon', 'Rell', 'Taliyah', 'Tristana', 'Tryndamere')",2,0,2
"('Gragas', 'Lee Sin', 'Lucian', 'Orianna', 'Rumble')",2,0,2
"('Hwei', ""K'Sante"", 'Pyke', 'Viego', 'Zeri')",0,2,2
"('Bard', 'Graves', 'Jax', 'Yone', 'Ziggs')",0,2,2
"('Lillia', 'Lux', 'Qiyana', 'Riven', 'Sivir')",2,0,2
"('Aphelios', 'Hwei', 'Renekton', 'Thresh', 'Viego')",1,1,2
"('Ahri', ""Kai'Sa"", 'Maokai', 'Rumble', 'Viego')",0,2,2
"('Hecarim', 'Hwei', 'Jayce', 'Kalista', 'Thresh')",0,2,2
"('Cassiopeia', 'Hecarim', 'Jax', ""Kog'Maw"", 'Lulu')",0,2,2
"('Aphelios', 'Graves', 'Rakan', 'Renekton', 'Twisted Fate')",2,0,2
"('Annie', 'Aphelios', 'Lee Sin', 'Neeko', 'Skarner')",0,2,2
"(""K'Sante"", 'Katarina', 'Nautilus', 'Nidalee', 'Senna')",2,0,2
"('Diana', 'Jax', 'Ornn', 'Pantheon', 'Senna')",2,0,2
"('Blitzcrank', 'Fiddlesticks', ""K'Sante"", 'Yasuo', 'Zeri')",0,2,2
"('Kled', 'Nidalee', 'Rakan', 'Varus', 'Yasuo')",0,2,2
"('Akshan', 'Leona', 'Nidalee', 'Twisted Fate', 'Varus')",0,2,2
"('Galio', 'Rengar', 'Seraphine', 'Skarner', 'Varus')",0,2,2
"('Alistar', 'Ekko', 'Graves', 'Jhin', 'Skarner')",2,0,2
"('Aatrox', 'Nunu & Willump', 'Poppy', 'Viego', 'Zeri')",2,0,2
"('Akali', 'Elise', 'Jinx', 'Thresh', 'Tristana')",2,0,2
"('Gwen', 'Jhin', 'Leona', 'Nidalee', 'Tristana')",0,2,2
"('Camille', 'Kalista', 'LeBlanc', 'Lee Sin', 'Sett')",0,2,2
"('Aatrox', 'Braum', ""Kai'Sa"", 'Nidalee', 'Tristana')",2,0,2
"('Graves', 'Lissandra', 'Tristana', 'Varus', 'Zyra')",0,2,2
"('Aatrox', 'Senna', 'Taliyah', 'Tristana', 'Varus')",2,0,2
"('Aurelion Sol', 'Gragas', 'Graves', ""Kai'Sa"", 'Nautilus')",2,0,2
"('Blitzcrank', 'Jinx', 'Kennen', ""Rek'Sai"", 'Twisted Fate')",2,0,2
"('Aurelion Sol', 'Blitzcrank', 'Graves', 'Twisted Fate', 'Varus')",2,0,2
"('Akshan', 'Camille', 'Ezreal', 'Lillia', 'Rell')",0,2,2
"('Camille', 'Corki', 'Kled', 'Lillia', 'Viktor')",0,2,2
"('Jinx', 'Kennen', 'Rell', 'Shaco', 'Syndra')",2,0,2
"('Azir', 'Corki', 'Fiora', 'Kindred', 'Nidalee')",0,2,2
"('Gragas', 'Jinx', 'Nami', 'Viego', 'Yasuo')",0,2,2
"('Aatrox', 'Akshan', 'Ashe', 'Gragas', 'Nautilus')",0,2,2
"('Ashe', 'Braum', 'Neeko', 'Rumble', 'Xin Zhao')",0,2,2
"('Ashe', 'Jayce', 'Milio', 'Neeko', 'Viego')",0,2,2
"('Aphelios', 'Jax', 'Lillia', 'Thresh', 'Tristana')",2,0,2
"('Draven', 'Galio', 'Kindred', 'Rell', 'Riven')",0,2,2
"('Akshan', 'Ekko', 'Ezreal', 'Gragas', 'Seraphine')",0,2,2
"('Akshan', 'Fiora', 'Nautilus', 'Nidalee', 'Varus')",0,2,2
"('Akshan', 'Camille', ""Kai'Sa"", 'Kled', 'Nidalee')",2,0,2
"('Cassiopeia', 'Ezreal', 'Lux', 'Orianna', 'Shaco')",2,0,2
"('Aatrox', 'Akshan', 'Nidalee', 'Nilah', 'Rell')",2,0,2
"('Akali', ""Kai'Sa"", 'Lee Sin', 'Pyke', 'Skarner')",0,2,2
"('Akshan', 'Corki', 'Lillia', 'Poppy', 'Zac')",2,0,2
"('Akshan', 'Corki', ""K'Sante"", 'Karthus', 'Rakan')",2,0,2
"('Blitzcrank', ""Kai'Sa"", 'Nidalee', 'Renekton', 'Tristana')",0,2,2
"('Darius', 'Katarina', 'Nautilus', ""Rek'Sai"", 'Sivir')",0,2,2
"('Akshan', 'Blitzcrank', 'Draven', 'Gwen', 'Lillia')",0,2,2
"('Gragas', 'Lee Sin', 'Rakan', 'Renekton', 'Zeri')",0,2,2
"('Hwei', ""K'Sante"", 'Kalista', 'Riven', 'Viego')",2,0,2
"('Blitzcrank', 'Hwei', ""Kog'Maw"", 'Skarner', 'Viego')",2,0,2
"('Camille', 'Karthus', 'Katarina', 'Nautilus', 'Varus')",2,0,2
"('Akshan', 'Alistar', 'Camille', 'Jhin', 'Karthus')",0,2,2
"('Caitlyn', 'Fiora', 'Lux', 'Neeko', 'Viego')",0,2,2
"('Aphelios', 'Graves', 'Pyke', 'Skarner', 'Vex')",0,2,2
"('Braum', 'Gragas', 'Graves', 'Jinx', ""K'Sante"")",2,0,2
"('Jax', ""Kai'Sa"", 'Lissandra', 'Pyke', 'Viego')",2,0,2
"('Ahri', 'Draven', 'Graves', 'Ornn', 'Thresh')",2,0,2
"('Akshan', 'Lillia', 'Maokai', 'Rakan', 'Zeri')",2,0,2
"('Akali', 'Darius', 'Draven', 'Graves', 'Leona')",0,2,2
"('Cassiopeia', 'Kindred', 'Leona', 'Neeko', 'Varus')",0,2,2
"('Caitlyn', 'Fiora', 'Kindred', 'Qiyana', 'Rell')",2,0,2
"(""Kai'Sa"", 'Kassadin', 'Kindred', 'Maokai', 'Renekton')",0,2,2
"('Corki', 'Kindred', 'Maokai', 'Skarner', 'Syndra')",0,2,2
"('Jinx', 'Nasus', 'Thresh', 'Tristana', 'Zac')",0,2,2
"('Malzahar', 'Rumble', 'Seraphine', 'Varus', 'Viego')",2,0,2
"('Aatrox', 'Cassiopeia', 'Draven', 'Kindred', 'Nautilus')",2,0,2
"('Ashe', 'Braum', 'Galio', 'Kindred', 'Twisted Fate')",0,2,2
"('Illaoi', 'Kindred', 'Lucian', 'Maokai', 'Sylas')",0,2,2
"('Aatrox', ""Kai'Sa"", 'Rakan', 'Taliyah', 'Tristana')",0,2,2
"('Aphelios', 'Fiora', 'Lillia', 'Thresh', 'Viego')",2,0,2
"('Caitlyn', 'Fiora', 'Karma', 'Nidalee', 'Sett')",2,0,2
"('Aatrox', 'Ahri', 'Kindred', 'Varus', 'Zyra')",2,0,2
"('Jax', 'Neeko', 'Pantheon', 'Twisted Fate', 'Varus')",2,0,2
"('Cassiopeia', 'Dr. Mundo', 'Kindred', 'Nautilus', 'Smolder')",0,2,2
"('Jhin', 'Nidalee', 'Rell', 'Tryndamere', 'Twisted Fate')",2,0,2
"('Aatrox', 'Irelia', 'Kindred', 'Pyke', 'Ziggs')",2,0,2
"(""K'Sante"", 'Kindred', 'Lissandra', 'Lulu', 'Zeri')",0,2,2
"('Aphelios', 'Braum', 'Kindred', 'Singed', 'Viktor')",2,0,2
"('Heimerdinger', 'Rumble', 'Tristana', 'Varus', 'Xin Zhao')",0,2,2
"('Janna', 'Jinx', 'Kindred', 'Mordekaiser', 'Vex')",0,2,2
"('Cassiopeia', 'Jax', 'Lucian', 'Nidalee', 'Qiyana')",0,2,2
"('Alistar', 'Ezreal', 'Galio', 'Gragas', 'Kindred')",2,0,2
"('Kindred', 'Lissandra', 'Sivir', 'Skarner', 'Twisted Fate')",2,0,2
"(""Kai'Sa"", 'Kindred', 'LeBlanc', 'Nasus', 'Pyke')",0,2,2
"('Galio', 'Garen', 'Graves', 'Hwei', ""Kai'Sa"")",0,2,2
"('Cassiopeia', 'Jinx', 'Lillia', 'Thresh', 'Warwick')",0,2,2
"('Kennen', 'Kindred', 'Nautilus', 'Taliyah', 'Zeri')",0,2,2
"('Galio', ""Kai'Sa"", 'Kennen', 'Kindred', 'Rell')",2,0,2
"('Jayce', 'Jhin', 'Lee Sin', 'Pyke', 'Twisted Fate')",2,0,2
"('Ahri', 'Ashe', 'Jayce', 'Lee Sin', 'Skarner')",2,0,2
"('Jayce', 'Kayn', 'Kennen', 'Pyke', 'Ziggs')",2,0,2
"('Bard', 'Smolder', 'Sylas', 'Udyr', 'Vayne')",2,0,2
"('Corki', ""K'Sante"", 'Nautilus', 'Vex', 'Xin Zhao')",0,2,2
"('Elise', 'Hwei', 'Jhin', 'Poppy', 'Yone')",2,0,2
"('Dr. Mundo', 'Graves', 'Jinx', 'Syndra', 'Thresh')",2,0,2
"('Darius', 'Miss Fortune', 'Rakan', 'Shaco', 'Sylas')",0,2,2
"('Ahri', 'Jinx', 'Kled', 'Lee Sin', 'Thresh')",0,2,2
"('Draven', 'Lee Sin', 'Orianna', 'Rell', 'Zac')",2,0,2
"(""Kai'Sa"", 'Karma', 'Leona', 'Tryndamere', 'Volibear')",2,0,2
"('Aatrox', 'Caitlyn', 'Camille', 'Galio', 'Nidalee')",2,0,2
"(""Kog'Maw"", 'Lillia', 'Rakan', 'Skarner', 'Tristana')",2,0,2
"('Fiora', 'Jhin', 'Lee Sin', 'Thresh', 'Twisted Fate')",0,2,2
"('Camille', 'Ekko', 'Lucian', 'Nami', 'Tristana')",0,2,2
"('Ashe', 'Camille', 'Nidalee', 'Rakan', 'Swain')",0,2,2
"('Corki', 'Graves', 'Rumble', 'Skarner', 'Vex')",2,0,2
"('Aurelion Sol', 'Draven', 'Hecarim', 'Rell', 'Skarner')",2,0,2
"('Cassiopeia', 'Gragas', 'Rakan', 'Xin Zhao', 'Zoe')",0,2,2
"('Aurelion Sol', 'Jax', 'Lee Sin', 'Lucian', 'Rell')",2,0,2
"('Hwei', ""Kai'Sa"", 'Qiyana', 'Skarner', 'Talon')",2,0,2
"('Aurelion Sol', ""Kha'Zix"", 'Ornn', 'Rakan', 'Varus')",0,2,2
"('Ahri', 'Aphelios', 'Camille', 'Ivern', 'Rakan')",0,2,2
"('Katarina', 'Sejuani', 'Skarner', 'Twisted Fate', 'Varus')",0,2,2
"('Aatrox', 'Hwei', 'Kindred', 'Skarner', 'Xayah')",0,2,2
"('Corki', 'Fiddlesticks', 'Neeko', 'Yone', 'Zac')",2,0,2
"('Camille', 'Irelia', ""K'Sante"", 'Kalista', 'Taliyah')",1,1,2
"('Aphelios', 'Blitzcrank', 'Brand', 'Renekton', 'Tristana')",0,2,2
"('Galio', ""K'Sante"", ""Kai'Sa"", 'Leona', 'Viego')",0,2,2
"('Akshan', 'Nidalee', ""Rek'Sai"", 'Rell', 'Samira')",2,0,2
"('Jhin', 'Karma', 'Kindred', 'Olaf', 'Xerath')",2,0,2
"('Braum', 'Diana', ""K'Sante"", 'Lucian', 'Nunu & Willump')",2,0,2
"('Akshan', 'Cassiopeia', ""Kai'Sa"", 'Leona', 'Nidalee')",0,2,2
"('Camille', 'Jinx', 'Lillia', 'Rell', 'Talon')",2,0,2
"('Camille', 'Galio', ""Kai'Sa"", 'Rakan', 'Xin Zhao')",0,2,2
"('Corki', 'Hwei', ""K'Sante"", 'Pyke', 'Vi')",2,0,2
"('Gragas', ""Kai'Sa"", 'Kled', 'Rell', 'Twisted Fate')",0,2,2
"('Ashe', 'Senna', 'Taliyah', 'Vayne', 'Viego')",2,0,2
"('Akshan', 'Ekko', ""Kai'Sa"", 'Rell', 'Wukong')",0,2,2
"('Kindred', 'Lucian', 'Seraphine', 'Syndra', 'Zac')",0,2,2
"(""Kai'Sa"", 'Lillia', 'Rakan', 'Skarner', 'Taliyah')",2,0,2
"('Bard', 'Corki', 'Jax', ""Kai'Sa"", 'Nidalee')",2,0,2
"('Annie', 'Camille', 'Hwei', 'Jhin', ""Rek'Sai"")",2,0,2
"(""Kai'Sa"", 'Nautilus', 'Twisted Fate', 'Vi', 'Viego')",2,0,2
"('Corki', 'LeBlanc', 'Pyke', 'Viego', 'Volibear')",2,0,2
"('Camille', 'Ezreal', 'Lissandra', 'Rakan', 'Volibear')",2,0,2
"('Camille', 'Draven', 'Nidalee', 'Tristana', 'Twisted Fate')",2,0,2
"('Aatrox', 'Graves', 'Orianna', 'Varus', 'Zoe')",2,0,2
"('Caitlyn', ""K'Sante"", 'Karma', 'Kindred', 'Syndra')",0,2,2
"('Alistar', 'Graves', 'Orianna', 'Skarner', 'Varus')",2,0,2
"('Aatrox', ""Kai'Sa"", 'Kindred', 'Nautilus', 'Rumble')",0,2,2
"('Karthus', 'Lucian', 'Nami', 'Tristana', 'Yone')",2,0,2
"('Aatrox', 'Hwei', 'Lillia', 'Nilah', 'Pyke')",0,2,2
"('Galio', 'Jax', 'Rakan', 'Rengar', 'Xayah')",2,0,2
"('Alistar', ""K'Sante"", ""Kai'Sa"", 'Taliyah', 'Viego')",2,0,2
"('Fiddlesticks', 'Nautilus', 'Samira', 'Tristana', 'Zac')",2,0,2
"('Graves', 'Neeko', 'Sivir', 'Twisted Fate', 'Zoe')",2,0,2
"('Camille', ""Kai'Sa"", 'LeBlanc', ""Rek'Sai"", 'Rumble')",0,2,2
"('Ahri', 'Leona', 'Nidalee', 'Nilah', 'Urgot')",0,2,2
"('Jax', 'Jayce', 'Jhin', 'Lillia', 'Seraphine')",2,0,2
"('Graves', 'Jhin', 'Rumble', 'Shaco', 'Twisted Fate')",0,2,2
"('Akshan', 'Aphelios', ""K'Sante"", 'Karthus', 'Rell')",2,0,2
"('Cassiopeia', 'Dr. Mundo', 'Lee Sin', 'Lucian', 'Rell')",0,2,2
"('Fiora', 'Rumble', 'Shaco', 'Skarner', 'Tristana')",2,0,2
"('Diana', 'Nautilus', 'Senna', 'Tristana', 'Urgot')",2,0,2
"('Diana', ""Kha'Zix"", 'Nautilus', 'Rumble', 'Zeri')",2,0,2
"('Akali', 'Corki', 'Fiora', 'Lee Sin', 'Rakan')",2,0,2
"('Ashe', 'Braum', 'Diana', 'Gnar', 'Viego')",2,0,2
"('Lucian', 'Nunu & Willump', 'Poppy', 'Qiyana', 'Rumble')",2,0,2
"('Jayce', 'Jinx', 'Nidalee', 'Pyke', 'Qiyana')",2,0,2
"('Caitlyn', 'Corki', 'Kennen', 'Lee Sin', 'Thresh')",2,0,2
"('Jayce', 'Nidalee', 'Qiyana', 'Thresh', 'Zeri')",2,0,2
"('Diana', ""Kai'Sa"", 'Lee Sin', 'Nasus', 'Pyke')",2,0,2
"('Graves', 'Jhin', 'Karma', 'LeBlanc', ""Vel'Koz"")",0,2,2
"('Alistar', 'Ashe', 'Jax', 'Lee Sin', 'Neeko')",2,0,2
"('Amumu', 'Lee Sin', 'Lucian', 'Rumble', 'Yone')",2,0,2
"('Hecarim', 'Samira', 'Skarner', 'Taliyah', 'Taric')",0,2,2
"('Fiora', 'Gragas', 'Nunu & Willump', 'Zac', 'Zeri')",2,0,2
"('Irelia', 'Karma', 'Nidalee', 'Smolder', 'Tristana')",0,2,2
"('Aphelios', 'Cassiopeia', 'Hecarim', 'Orianna', 'Rakan')",2,0,2
"('Diana', 'Gragas', ""Kai'Sa"", 'Mordekaiser', 'Poppy')",2,0,2
"('Ashe', 'Hecarim', 'Hwei', 'Olaf', 'Seraphine')",2,0,2
"('Ashe', 'Leona', 'Nidalee', 'Qiyana', 'Renekton')",2,0,2
"('Ezreal', 'Heimerdinger', 'Neeko', 'Skarner', 'Yone')",2,0,2
"('Alistar', 'Camille', ""Kha'Zix"", 'Xerath', 'Yone')",0,2,2
"('Nilah', 'Rell', 'Skarner', 'Taliyah', 'Yone')",0,2,2
"('Akali', 'Hecarim', 'Kalista', 'Rell', 'Yone')",0,2,2
"('Braum', 'Corki', 'Jax', 'Kindred', 'Yone')",0,2,2
"(""Kai'Sa"", 'Leona', 'Nidalee', 'Riven', 'Yone')",0,2,2
"('Ashe', 'Jax', 'Taliyah', 'Yone', 'Zeri')",0,2,2
"(""Kai'Sa"", 'Karthus', 'Rell', 'Skarner', 'Tristana')",0,2,2
"('Dr. Mundo', 'Jinx', 'Karthus', 'Leona', 'Qiyana')",0,2,2
"('Draven', 'Hwei', 'Nidalee', 'Renata Glasc', 'Renekton')",2,0,2
"('Brand', 'Corki', 'Gwen', 'Swain', 'Tristana')",2,0,2
"('Corki', 'Jinx', 'Nasus', 'Rakan', 'Zac')",0,2,2
"('Akali', 'Graves', 'Jax', 'Lucian', 'Nami')",2,0,2
"('Brand', 'Jayce', 'Rell', 'Yone', 'Zeri')",0,2,2
"('Corki', 'Hwei', 'Nasus', 'Rell', 'Viego')",0,2,2
"('Aurelion Sol', 'Fiora', ""Kai'Sa"", 'Rumble', 'Viego')",2,0,2
"('Camille', 'Jax', 'LeBlanc', 'Viego', 'Zeri')",2,0,2
"('Fiora', 'Jinx', 'Kindred', 'Thresh', 'Twisted Fate')",0,2,2
"('Caitlyn', ""Kha'Zix"", 'Lux', 'Rumble', 'Sylas')",0,2,2
"('Draven', 'Graves', 'Nautilus', 'Ryze', 'Taliyah')",0,2,2
"('Ashe', 'Camille', 'Hecarim', 'Hwei', 'Udyr')",2,0,2
"('Camille', ""Kha'Zix"", 'Qiyana', 'Skarner', 'Twitch')",2,0,2
"('Ahri', 'Ezreal', 'Karma', 'Lee Sin', 'Olaf')",0,2,2
"(""Kai'Sa"", 'Malphite', 'Nautilus', 'Rumble', 'Viego')",2,0,2
"('Corki', 'Jax', 'LeBlanc', 'Lee Sin', 'Rell')",2,0,2
"('Camille', 'Graves', 'Lissandra', 'Nautilus', 'Zeri')",2,0,2
"('Alistar', ""Bel'Veth"", ""K'Sante"", 'LeBlanc', 'Zeri')",0,2,2
"('Akali', 'Lillia', 'Nautilus', 'Senna', 'Tristana')",2,0,2
"('Ashe', 'Camille', 'Nidalee', 'Pyke', 'Tristana')",2,0,2
"('Diana', 'Jinx', 'Lee Sin', 'Malphite', 'Thresh')",2,0,2
"('Alistar', 'Fiora', 'Nidalee', 'Viego', 'Zeri')",0,2,2
"('Karma', 'Nidalee', 'Pantheon', 'Skarner', 'Varus')",2,0,2
"('Jhin', 'Karma', 'Orianna', ""Rek'Sai"", 'Shen')",2,0,2
"('Diana', ""K'Sante"", 'Nautilus', 'Varus', 'Viego')",2,0,2
"('Annie', 'Fiora', 'Hwei', 'Jax', 'Varus')",2,0,2
"('Alistar', 'Camille', 'Corki', 'Diana', 'Rengar')",0,2,2
"('Blitzcrank', 'Corki', 'Hwei', ""Kha'Zix"", 'Yone')",0,2,2
"('Lee Sin', 'Lissandra', 'Twisted Fate', 'Varus', 'Zilean')",0,2,2
"('Amumu', 'Irelia', 'Jhin', 'Rakan', 'Sylas')",2,0,2
"('Ahri', 'Aphelios', 'Kindred', 'Nautilus', 'Rumble')",2,0,2
"('Ashe', 'Graves', 'Neeko', 'Rumble', 'Yasuo')",0,2,2
"('Ashe', 'Braum', 'Lillia', 'Renekton', 'Viego')",2,0,2
"('Ashe', 'Ekko', 'Fiora', 'Rell', 'Tristana')",0,2,2
"('Blitzcrank', ""Kai'Sa"", 'Rumble', 'Viego', 'Yasuo')",0,2,2
"('Ashe', 'Nidalee', 'Thresh', 'Urgot', 'Yone')",2,0,2
"('Caitlyn', 'Jayce', 'Kennen', 'Neeko', 'Nidalee')",0,2,2
"('Jhin', 'Lillia', 'Nautilus', 'Quinn', 'Tryndamere')",2,0,2
"('Ashe', 'Corki', 'Lillia', 'Nautilus', 'Skarner')",2,0,2
"(""Kai'Sa"", 'Skarner', 'Taliyah', 'Tristana', 'Twisted Fate')",0,2,2
"('Akshan', 'Cassiopeia', 'Nidalee', 'Rumble', 'Varus')",0,2,2
"('Ashe', 'Aurelion Sol', 'Kled', 'Lulu', 'Volibear')",0,2,2
"('Jayce', 'Jinx', 'Karthus', 'Seraphine', 'Tristana')",2,0,2
"('Akshan', 'Aphelios', 'Kennen', 'Skarner', 'Thresh')",0,2,2
"('Hwei', 'Sona', 'Twisted Fate', 'Varus', 'Viego')",0,2,2
"('Akshan', 'Ashe', 'Braum', 'Karthus', 'Kled')",2,0,2
"('Ashe', 'Draven', 'Lillia', 'Sejuani', 'Tristana')",0,2,2
"('Akshan', 'Ashe', 'Kennen', 'Nami', 'Taliyah')",2,0,2
"('Camille', 'Corki', 'Lillia', 'Rakan', 'Varus')",0,2,2
"('Akshan', 'Corki', 'Fiddlesticks', 'Leona', 'Sylas')",2,0,2
"('Alistar', 'Corki', ""Kai'Sa"", 'Skarner', 'Xin Zhao')",2,0,2
"('Akali', 'Aphelios', 'Lulu', 'Twisted Fate', 'Zac')",2,0,2
"('Ahri', 'Cassiopeia', 'Renekton', 'Skarner', 'Vi')",2,0,2
"('Nunu & Willump', 'Skarner', 'Talon', 'Yuumi', 'Zeri')",2,0,2
"('Akshan', 'Gragas', 'Nami', 'Swain', 'Talon')",0,2,2
"('Akshan', 'Ashe', 'Hecarim', 'Nasus', 'Rumble')",2,0,2
"(""Bel'Veth"", 'Gnar', 'Neeko', 'Rell', 'Varus')",0,2,2
"('Camille', 'Hwei', ""Kai'Sa"", 'Nunu & Willump', 'Pyke')",0,2,2
"('Ashe', 'Corki', 'Rumble', 'Xin Zhao', 'Yasuo')",0,2,2
"('Corki', 'Lucian', 'Maokai', 'Nami', 'Skarner')",2,0,2
"('Aatrox', 'Hwei', 'Kalista', 'Kindred', 'Thresh')",2,0,2
"('Corki', 'Graves', 'Taliyah', 'Urgot', 'Zilean')",2,0,2
"('Corki', 'Orianna', 'Pyke', 'Rengar', 'Viego')",0,2,2
"('Ashe', 'Caitlyn', 'Jayce', 'Lee Sin', 'Malphite')",2,0,2
"('Camille', 'Diana', 'Jax', 'Jinx', 'Viego')",2,0,2
"('Rell', 'Renekton', 'Sivir', 'Taliyah', 'Yone')",2,0,2
"('Ahri', 'Bard', 'Nidalee', 'Renekton', 'Zeri')",2,0,2
"('Dr. Mundo', 'Nidalee', 'Rakan', 'Tristana', 'Varus')",0,2,2
"('Blitzcrank', 'Hwei', 'Kalista', ""Rek'Sai"", 'Twisted Fate')",0,2,2
"('Hwei', ""Kai'Sa"", 'Poppy', 'Seraphine', 'Volibear')",2,0,2
"('Hwei', 'Jayce', 'Nautilus', 'Smolder', 'Viego')",0,2,2
"('Alistar', ""Kai'Sa"", 'Mordekaiser', 'Taliyah', 'Viego')",2,0,2
"('Akali', 'Camille', ""Kai'Sa"", 'Lee Sin', 'Skarner')",0,2,2
"('Mordekaiser', 'Rell', 'Syndra', 'Varus', 'Viego')",2,0,2
"('Jhin', 'Rakan', ""Rek'Sai"", 'Taliyah', 'Urgot')",2,0,2
"('Ahri', 'Draven', 'Gwen', 'Rell', 'Sett')",2,0,2
"('Brand', 'Jinx', 'Qiyana', 'Rell', 'Shen')",2,0,2
"('Aatrox', 'Rell', 'Rumble', 'Sylas', 'Varus')",0,2,2
"('Anivia', 'LeBlanc', 'Lee Sin', 'Sivir', 'Skarner')",0,2,2
"('Jinx', 'Lee Sin', 'Pantheon', 'Rell', 'Twisted Fate')",2,0,2
"('Akshan', 'Aphelios', 'Nautilus', 'Skarner', 'Viego')",2,0,2
"('Corki', 'Kled', 'Nautilus', 'Twisted Fate', 'Viego')",0,2,2
"('Aatrox', 'LeBlanc', ""Rek'Sai"", 'Rell', 'Varus')",2,0,2
"('Corki', 'Jax', 'Leona', 'Nidalee', 'Yone')",2,0,2
"('Ashe', 'Fiora', 'Karma', 'Skarner', 'Taliyah')",0,2,2
"('Ashe', 'Graves', 'Hwei', 'LeBlanc', 'Poppy')",0,2,2
"('Bard', 'Ornn', 'Swain', 'Vi', 'Viego')",2,0,2
"('Ahri', ""K'Sante"", 'Kalista', 'Renata Glasc', 'Viego')",2,0,2
"('Alistar', 'Ashe', 'Elise', 'Jayce', 'Ornn')",2,0,2
"('Corki', 'Nidalee', 'Qiyana', 'Skarner', 'Tristana')",2,0,2
"('Camille', 'Draven', ""K'Sante"", 'Nidalee', 'Tristana')",2,0,2
"('Draven', 'Hwei', 'Pyke', 'Tryndamere', 'Xin Zhao')",2,0,2
"('Kalista', 'Nidalee', 'Renekton', 'Taliyah', 'Taric')",0,2,2
"('Akshan', 'Blitzcrank', ""Kai'Sa"", 'Rumble', 'Taliyah')",2,0,2
"('Draven', ""K'Sante"", 'Thresh', 'Viego', 'Zoe')",2,0,2
"(""Kai'Sa"", 'Rumble', 'Twisted Fate', 'Urgot', 'Vayne')",2,0,2
"('Alistar', ""K'Sante"", ""Kai'Sa"", 'Renekton', 'Taliyah')",0,2,2
"('Akshan', 'Diana', 'Jayce', 'Jhin', 'Neeko')",2,0,2
"('Diana', 'Hecarim', 'Kled', 'Rakan', 'Xayah')",0,2,2
"('Akshan', 'Draven', 'Pyke', 'Varus', 'Zac')",0,2,2
"('Rell', 'Sivir', 'Taliyah', 'Viego', 'Volibear')",2,0,2
"('Alistar', 'Hwei', 'Jax', 'Kalista', ""Rek'Sai"")",0,2,2
"('Alistar', 'Aphelios', 'Jayce', 'Syndra', 'Viego')",2,0,2
"(""Cho'Gath"", ""K'Sante"", 'Lee Sin', 'Neeko', 'Zeri')",0,2,2
"('Gnar', 'Miss Fortune', 'Seraphine', 'Skarner', 'Viego')",0,2,2
"('Draven', 'Graves', 'Nautilus', 'Rumble', 'Syndra')",2,0,2
"('Bard', 'Hwei', 'Lee Sin', 'Sion', 'Varus')",2,0,2
"(""K'Sante"", ""Kai'Sa"", 'Nautilus', 'Nocturne', 'Orianna')",0,2,2
"('Jax', 'Katarina', 'Lee Sin', 'Pyke', 'Zeri')",0,2,2
"('Draven', 'Gwen', 'Nautilus', 'Vex', 'Vi')",2,0,2
"('Aphelios', 'Jayce', 'Rumble', 'Taliyah', 'Xin Zhao')",2,0,2
"('Draven', 'Jayce', 'Nocturne', 'Orianna', 'Pyke')",0,2,2
"('Camille', 'Ezreal', 'Karma', 'Orianna', 'Pantheon')",2,0,2
"('Ahri', ""Bel'Veth"", 'Blitzcrank', 'Kalista', 'Pantheon')",0,2,2
"('Ashe', 'Azir', 'Nidalee', 'Skarner', 'Thresh')",2,0,2
"('Aatrox', 'Alistar', 'Draven', 'Twisted Fate', 'Viego')",0,2,2
"('Draven', 'Gnar', 'Hwei', 'Pantheon', 'Pyke')",0,2,2
"('Camille', 'Kalista', 'Pantheon', ""Rek'Sai"", 'Taliyah')",2,0,2
"('Neeko', 'Taliyah', 'Twisted Fate', 'Viego', 'Zeri')",2,0,2
"('Ashe', 'Gnar', 'Hwei', 'Lee Sin', 'Rell')",2,0,2
"('Graves', 'Hwei', 'Nautilus', 'Renekton', 'Twitch')",2,0,2
"('Nautilus', 'Renekton', 'Smolder', 'Tristana', 'Viego')",0,2,2
"('Braum', 'Karthus', 'Twisted Fate', 'Yone', 'Zeri')",2,0,2
"('Aphelios', 'Lillia', 'Thresh', 'Tristana', 'Vladimir')",0,2,2
"('Corki', ""Kha'Zix"", 'Orianna', 'Rakan', 'Skarner')",0,2,2
"('Brand', 'Jayce', ""Kai'Sa"", 'Nautilus', 'Twisted Fate')",0,2,2
"('Graves', 'Kled', 'Varus', 'Xerath', 'Yone')",2,0,2
"('Diana', ""Kai'Sa"", ""Kha'Zix"", 'Poppy', 'Skarner')",2,0,2
"('Dr. Mundo', 'Ezreal', 'Graves', 'Karma', 'Twisted Fate')",0,2,2
"('Aphelios', 'Lillia', 'Rell', 'Skarner', 'Yone')",0,2,2
"('Camille', 'Ekko', ""Kai'Sa"", 'Rakan', 'Yone')",2,0,2
"('Hwei', ""Kai'Sa"", 'Skarner', 'Twisted Fate', 'Zyra')",2,0,2
"('Hwei', 'Jinx', 'Master Yi', 'Nautilus', 'Skarner')",2,0,2
"('Alistar', 'Corki', 'Jinx', 'Lillia', 'Renekton')",0,2,2
"('Fiddlesticks', 'Jayce', 'Jhin', 'Karma', 'Twisted Fate')",0,2,2
"('Ashe', 'Blitzcrank', 'Kled', 'Neeko', 'Viego')",2,0,2
"('Hecarim', 'Skarner', 'Soraka', 'Taliyah', 'Varus')",0,2,2
"('Ashe', 'Cassiopeia', 'Kalista', 'Lee Sin', 'Taliyah')",2,0,2
"('Caitlyn', 'Lillia', 'Nautilus', 'Renekton', 'Tristana')",0,2,2
"('Ashe', 'Kalista', 'Kassadin', 'Nidalee', 'Riven')",0,2,2
"('Braum', 'Corki', 'Irelia', 'Syndra', 'Xin Zhao')",2,0,2
"('Ahri', 'Kindred', 'Rakan', 'Twitch', 'Viego')",2,0,2
"('Brand', 'Jayce', 'Rakan', 'Sylas', 'Zeri')",2,0,2
"('Ashe', 'Neeko', 'Nidalee', 'Skarner', 'Thresh')",2,0,2
"('Gragas', 'Jax', 'Jinx', 'Katarina', 'Nautilus')",0,2,2
"('Aatrox', 'Jinx', 'LeBlanc', 'Thresh', 'Viego')",0,2,2
"('Blitzcrank', 'Rumble', 'Talon', 'Varus', 'Viego')",2,0,2
"('Blitzcrank', 'Nidalee', 'Seraphine', 'Skarner', 'Tristana')",2,0,2
"('Jayce', 'Rell', 'Rengar', 'Twisted Fate', 'Varus')",0,2,2
"('Hecarim', ""Kai'Sa"", 'Qiyana', ""Rek'Sai"", 'Rumble')",2,0,2
"('Blitzcrank', 'Hecarim', 'Jinx', 'Pantheon', 'Rumble')",0,2,2
"('Aphelios', 'Fiddlesticks', 'Lulu', 'Ornn', 'Tristana')",0,2,2
"('Ashe', 'Blitzcrank', 'Gnar', 'Rumble', 'Tristana')",2,0,2
"('Akshan', 'Gwen', 'Nautilus', 'Skarner', 'Zeri')",2,0,2
"('Aurelion Sol', 'Miss Fortune', 'Poppy', 'Shaco', 'Skarner')",2,0,2
"('Kindred', 'Nautilus', 'Qiyana', 'Rumble', 'Varus')",2,0,2
"('Hwei', 'Nautilus', 'Senna', 'Urgot', 'Vi')",2,0,2
"('Camille', ""Kai'Sa"", 'Malzahar', 'Pyke', 'Skarner')",2,0,2
"('Aphelios', 'Lee Sin', 'Qiyana', 'Skarner', 'Volibear')",2,0,2
"('Ahri', 'Kalista', 'Lee Sin', 'Pyke', 'Trundle')",0,2,2
"(""Kai'Sa"", 'Poppy', 'Pyke', 'Twisted Fate', 'Viego')",2,0,2
"('Irelia', 'Rakan', 'Viego', 'Zeri', 'Zoe')",2,0,2
"('Aatrox', 'Skarner', 'Taliyah', 'Tristana', 'Varus')",2,0,2
"(""Kai'Sa"", 'LeBlanc', 'Rakan', ""Rek'Sai"", 'Rumble')",1,1,2
"('Brand', 'Neeko', 'Pyke', 'Renekton', 'Samira')",2,0,2
"('Aatrox', 'Jinx', 'Nautilus', 'Taliyah', 'Yone')",2,0,2
"('Gnar', 'Hwei', ""Kai'Sa"", 'Pantheon', 'Pyke')",2,0,2
"('Camille', 'Fiddlesticks', ""K'Sante"", 'Kalista', 'Taliyah')",0,2,2
"('Brand', 'Irelia', ""Kai'Sa"", 'Qiyana', 'Rell')",0,2,2
"('Jayce', ""Kai'Sa"", 'Nasus', 'Nidalee', 'Rell')",0,2,2
"('Ashe', 'Fiora', 'Galio', 'Pyke', 'Viego')",0,2,2
"('Gwen', 'Pyke', 'Viego', 'Zed', 'Zeri')",0,2,2
"('Jax', ""Kai'Sa"", 'Nidalee', 'Pyke', 'Thresh')",0,2,2
"('Jhin', ""K'Sante"", 'Karthus', 'Rell', 'Tristana')",0,2,2
"('Aatrox', 'Corki', 'Lillia', 'Pyke', 'Tryndamere')",2,0,2
"('Aatrox', 'Draven', 'Lillia', 'Pyke', 'Rell')",2,0,2
"(""Kai'Sa"", 'Nautilus', 'Taliyah', 'Tryndamere', 'Viego')",2,0,2
"('Alistar', 'Ashe', 'Hwei', ""K'Sante"", 'Kindred')",0,2,2
"('Elise', 'Fizz', ""Kai'Sa"", 'Skarner', 'Viego')",0,2,2
"('Camille', 'Lillia', 'Sona', 'Tristana', 'Varus')",2,0,2
"('Aurelion Sol', 'Cassiopeia', 'Draven', 'Renata Glasc', 'Shaco')",2,0,2
"('Akshan', 'Elise', ""Kai'Sa"", 'Nautilus', 'Tryndamere')",2,0,2
"('Jayce', 'Kalista', 'Karthus', 'Pyke', 'Rumble')",0,2,2
"('Akshan', 'Ezreal', 'Nautilus', 'Shaco', 'Twisted Fate')",2,0,2
"('Jayce', 'Katarina', 'Rell', 'Samira', 'Taliyah')",2,0,2
"('Akshan', 'Camille', 'Jax', 'Jinx', 'Rumble')",0,2,2
"('Akshan', 'Fiora', 'Leona', 'Lucian', 'Taliyah')",2,0,2
"('Camille', 'Hwei', 'Jinx', 'Nautilus', 'Skarner')",2,0,2
"(""K'Sante"", ""Kai'Sa"", 'Lillia', 'Nautilus', 'Yone')",2,0,2
"('Jax', 'Kindred', 'Lissandra', 'Pantheon', 'Pyke')",0,2,2
"('Brand', 'Corki', 'Hwei', 'Malphite', 'Varus')",0,2,2
"('Ashe', 'Nasus', 'Nidalee', 'Qiyana', 'Thresh')",0,2,2
"(""K'Sante"", 'Katarina', 'Nautilus', 'Samira', 'Sylas')",2,0,2
"('Galio', 'Jax', 'Lee Sin', 'Pyke', 'Varus')",0,2,2
"('Cassiopeia', ""K'Sante"", ""Kai'Sa"", 'Thresh', 'Viego')",0,2,2
"('Cassiopeia', 'Graves', ""Kai'Sa"", 'Pantheon', 'Seraphine')",2,0,2
"('Nidalee', 'Skarner', 'Thresh', 'Tristana', 'Zeri')",2,0,2
"('Graves', 'Hwei', 'Rakan', 'Tryndamere', 'Xayah')",0,2,2
"('Corki', 'Lulu', 'Nidalee', 'Skarner', 'Zeri')",2,0,2
"('Ashe', 'Camille', 'Cassiopeia', 'Ekko', 'Irelia')",2,0,2
"('Corki', 'Nautilus', 'Nidalee', 'Sylas', 'Vayne')",2,0,2
"('Azir', ""K'Sante"", 'Kindred', 'Nautilus', 'Zeri')",0,2,2
"('Azir', ""Kai'Sa"", 'Nautilus', ""Rek'Sai"", 'Udyr')",2,0,2
"('Ahri', 'Graves', 'Jinx', 'Kennen', 'Nautilus')",2,0,2
"('Caitlyn', 'Jax', 'Lillia', 'Lux', 'Syndra')",0,2,2
"('Jayce', 'Maokai', 'Seraphine', 'Twisted Fate', 'Vayne')",0,2,2
"(""Kai'Sa"", 'Rakan', 'Twisted Fate', 'Viego', 'Zoe')",2,0,2
"('Nasus', 'Nautilus', 'Rengar', 'Smolder', 'Zoe')",2,0,2
"('Gragas', 'Nilah', 'Pyke', 'Taliyah', 'Xin Zhao')",2,0,2
"('Alistar', 'Ashe', 'Master Yi', 'Rumble', 'Vex')",2,0,2
"('Blitzcrank', 'Corki', 'Jinx', ""K'Sante"", 'Lillia')",0,2,2
"('Brand', 'Corki', ""K'Sante"", 'Senna', 'Tristana')",2,0,2
"('Aphelios', 'Lee Sin', 'Nautilus', 'Rumble', 'Vex')",0,2,2
"(""Kai'Sa"", 'Rakan', 'Rumble', 'Viego', 'Zed')",2,0,2
"('Ashe', 'Kennen', 'Syndra', 'Thresh', 'Viego')",2,0,2
"('Alistar', 'Graves', 'Hwei', 'Jhin', 'Volibear')",2,0,2
"('Ahri', 'Amumu', 'Jinx', 'Shaco', 'Vayne')",0,2,2
"('Blitzcrank', 'Jayce', ""Kai'Sa"", 'Nunu & Willump', 'Vex')",0,2,2
"('Alistar', 'Fiddlesticks', 'Gnar', 'Jayce', 'Zeri')",2,0,2
"('Aatrox', 'Annie', 'Draven', 'Pyke', 'Udyr')",0,2,2
"('Akshan', 'Pyke', 'Rumble', 'Talon', 'Ziggs')",2,0,2
"('Corki', 'Fiddlesticks', 'Rell', 'Samira', 'Warwick')",2,0,2
"('Gwen', 'Kalista', 'Nautilus', 'Vex', 'Viego')",2,0,2
"('Akali', 'Corki', 'Jinx', 'Karthus', 'Skarner')",0,2,2
"('Blitzcrank', 'Hwei', ""Kai'Sa"", 'Tryndamere', 'Viego')",0,2,2
"('Camille', 'Gwen', 'Jhin', ""K'Sante"", 'Zilean')",2,0,2
"('Aatrox', 'Akali', 'Hecarim', 'Lucian', 'Nautilus')",2,0,2
"('Aatrox', 'Corki', ""Kai'Sa"", 'Nautilus', 'Nidalee')",2,0,2
"('Jinx', 'LeBlanc', 'Seraphine', 'Skarner', 'Viego')",2,0,2
"('Akshan', 'Aphelios', 'Braum', 'Heimerdinger', ""Rek'Sai"")",0,2,2
"('Kalista', 'Katarina', 'Renekton', 'Skarner', 'Zac')",0,2,2
"('Ashe', 'Braum', 'Ekko', 'Gwen', 'Lee Sin')",2,0,2
"('Galio', 'Jinx', 'Lee Sin', 'Poppy', 'Tryndamere')",2,0,2
"('Ashe', 'Hwei', 'Jinx', 'Kindred', 'Skarner')",2,0,2
"('Ornn', 'Rumble', 'Varus', 'Viego', 'Yone')",2,0,2
"('Aurelion Sol', 'Hecarim', ""Kai'Sa"", 'Rell', 'Skarner')",2,0,2
"('Corki', 'Lillia', 'Renekton', 'Senna', 'Tristana')",0,2,2
"('Corki', 'Gragas', 'Lucian', 'Nami', 'Nunu & Willump')",1,1,2
"('Aphelios', 'Malphite', 'Nidalee', 'Quinn', 'Thresh')",0,2,2
"('Hwei', 'Kalista', 'Lee Sin', 'Pyke', 'Skarner')",2,0,2
"('Corki', 'Hwei', ""K'Sante"", 'Lee Sin', 'Tahm Kench')",2,0,2
"('Dr. Mundo', 'Jhin', 'Lee Sin', 'Neeko', 'Taliyah')",0,2,2
"('Camille', 'Lucian', 'Nidalee', 'Rell', 'Tristana')",2,0,2
"('Ashe', 'Camille', 'Graves', 'Rumble', 'Yone')",0,2,2
"('Camille', 'Lee Sin', 'Senna', 'Seraphine', 'Sylas')",0,2,2
"('Hwei', ""Kai'Sa"", ""Kha'Zix"", 'Poppy', 'Tristana')",2,0,2
"('Ashe', 'Braum', 'Lee Sin', 'Twisted Fate', 'Zoe')",2,0,2
"(""Kai'Sa"", 'Lillia', 'Pantheon', 'Tristana', 'Zilean')",2,0,2
"('Bard', ""K'Sante"", 'Lillia', 'Tristana', 'Varus')",2,0,2
"('Blitzcrank', 'Irelia', ""K'Sante"", 'Lillia', 'Varus')",0,2,2
"('Jinx', 'Nasus', 'Nautilus', 'Nidalee', 'Viego')",2,0,2
"('Cassiopeia', 'Jinx', 'Lulu', 'Rumble', 'Viego')",1,1,2
"('Ahri', 'Irelia', 'Kindred', 'Lucian', 'Rell')",2,0,2
"('Ashe', 'Braum', 'Nidalee', 'Skarner', 'Tristana')",2,0,2
"('Ashe', 'Cassiopeia', 'Corki', 'Elise', 'Lulu')",2,0,2
"('Ezreal', 'Jayce', 'Kled', 'Rell', 'Taliyah')",2,0,2
"('Aurelion Sol', ""Kai'Sa"", 'Leona', 'Renekton', 'Viego')",0,2,2
"('Diana', 'Graves', 'Kennen', 'Riven', 'Samira')",2,0,2
"('Gwen', 'Lee Sin', 'Senna', 'Tryndamere', 'Twisted Fate')",0,2,2
"('Aatrox', 'Hwei', 'Ivern', 'Jinx', 'Nautilus')",2,0,2
"('Fizz', 'Gwen', 'Lee Sin', 'Lucian', 'Rakan')",2,0,2
"('Akshan', 'Brand', ""Kog'Maw"", 'Seraphine', 'Zeri')",0,2,2
"('Blitzcrank', 'Jax', 'Kalista', 'Rumble', 'Twisted Fate')",2,0,2
"('Bard', 'Corki', ""K'Sante"", 'Skarner', 'Ziggs')",2,0,2
"('Ashe', 'Braum', 'Gragas', 'Orianna', 'Viego')",2,0,2
"('Ashe', 'Fiora', 'Katarina', 'Nautilus', 'Viego')",0,2,2
"('Akshan', 'Braum', 'Corki', 'Lillia', 'Skarner')",0,2,2
"('Leona', 'Master Yi', 'Neeko', 'Smolder', 'Twisted Fate')",2,0,2
"('Braum', 'Hecarim', 'Hwei', ""Kai'Sa"", 'LeBlanc')",2,0,2
"(""K'Sante"", 'Lillia', 'Rell', 'Samira', 'Zyra')",2,0,2
"('Kennen', 'Maokai', 'Nidalee', 'Samira', 'Tristana')",2,0,2
"('Aphelios', 'Lillia', 'Mordekaiser', 'Thresh', 'Tristana')",2,0,2
"('Akali', ""K'Sante"", 'Lillia', 'Rakan', 'Varus')",0,2,2
"('Annie', 'Braum', 'Jinx', 'Renekton', 'Viego')",0,2,2
"('Corki', 'Darius', 'Karthus', 'Rakan', 'Tristana')",0,2,2
"('Ahri', 'Jinx', 'Olaf', 'Poppy', 'Viego')",0,2,2
"('Gwen', ""K'Sante"", 'Tahm Kench', 'Zed', 'Zeri')",2,0,2
"('Camille', 'Draven', 'Hecarim', 'Hwei', 'Vladimir')",2,0,2
"('Corki', 'Gwen', 'Jhin', 'Mordekaiser', 'Rell')",0,2,2
"('Akali', 'Blitzcrank', ""Kai'Sa"", ""Rek'Sai"", 'Twisted Fate')",2,0,2
"('Corki', 'Lillia', 'Rakan', 'Twisted Fate', 'Yone')",0,2,2
"('Gwen', 'LeBlanc', 'Seraphine', 'Skarner', 'Smolder')",0,2,2
"('Ashe', 'Bard', 'Hwei', 'Olaf', 'Xin Zhao')",0,2,2
"('Jinx', 'Olaf', 'Skarner', 'Thresh', 'Xerath')",0,2,2
"('Corki', 'Jayce', ""K'Sante"", 'Lillia', 'Skarner')",0,2,2
"('Graves', 'Lucian', 'Skarner', 'Taric', 'Twisted Fate')",0,2,2
"('Camille', 'Jinx', 'LeBlanc', 'Lulu', 'Viego')",0,2,2
"('Nidalee', 'Pyke', 'Seraphine', 'Warwick', 'Zeri')",2,0,2
"('Jax', 'Lillia', 'Miss Fortune', 'Rell', 'Yone')",2,0,2
"('Ashe', ""Bel'Veth"", 'Jayce', 'Sona', 'Vex')",2,0,2
"('Hwei', 'Lulu', 'Renekton', 'Taliyah', 'Zeri')",0,2,2
"('Gwen', 'Jax', 'Seraphine', 'Twisted Fate', 'Yone')",0,2,2
"('Ezreal', 'Gnar', 'Hwei', 'Skarner', 'Viego')",0,2,2
"('Camille', 'Karthus', 'Nautilus', 'Samira', 'Zoe')",2,0,2
"('Kindred', 'Malphite', 'Morgana', 'Orianna', 'Sivir')",2,0,2
"('Ashe', 'Kalista', 'Lillia', 'Yone', 'Zac')",2,0,2
"('Ashe', 'Blitzcrank', 'Graves', 'Qiyana', 'Rumble')",2,0,2
"('Ahri', ""Kai'Sa"", 'Lee Sin', 'Nautilus', 'Trundle')",2,0,2
"('Akshan', ""K'Sante"", ""Kai'Sa"", 'Pantheon', 'Taliyah')",2,0,2
"('Gnar', 'Jinx', ""Kha'Zix"", 'LeBlanc', 'Rell')",2,0,2
"('Blitzcrank', 'Rumble', 'Smolder', 'Xin Zhao', 'Yone')",2,0,2
"(""Rek'Sai"", 'Rumble', 'Samira', 'Skarner', 'Yasuo')",0,2,2
"('Aurelion Sol', 'Gnar', 'Rakan', ""Rek'Sai"", 'Tristana')",2,0,2
"('Ashe', 'Hecarim', 'Kalista', 'Orianna', 'Skarner')",0,2,2
"('Caitlyn', 'Graves', 'Hwei', 'Karma', 'Twisted Fate')",0,2,2
"('Brand', 'Jayce', 'Karthus', 'Skarner', 'Zeri')",2,0,2
"('Ashe', 'LeBlanc', 'Lee Sin', 'Nautilus', 'Olaf')",2,0,2
"(""Kai'Sa"", 'Nautilus', 'Nidalee', 'Viego', 'Yone')",0,2,2
"('Akali', 'Jhin', 'Neeko', 'Sejuani', 'Viego')",0,2,2
"('Ahri', 'Camille', 'Corki', 'Kennen', 'Viego')",2,0,2
"('Hwei', ""Kai'Sa"", 'Nasus', 'Rakan', 'Skarner')",2,0,2
"('Blitzcrank', 'Camille', 'Hecarim', 'Hwei', 'Kalista')",2,0,2
"('Ashe', 'Bard', 'Katarina', 'Nidalee', 'Skarner')",2,0,2
"('Lillia', 'Maokai', 'Urgot', 'Varus', 'Zoe')",2,0,2
"('Nidalee', 'Qiyana', 'Rakan', 'Tryndamere', 'Zeri')",2,0,2
"('Caitlyn', 'Hwei', 'Rell', 'Rumble', 'Talon')",0,2,2
"(""Kai'Sa"", 'Lissandra', 'Quinn', 'Rakan', 'Viego')",2,0,2
"('Caitlyn', 'Corki', 'Fiora', 'Rell', 'Taliyah')",2,0,2
"('Cassiopeia', 'Kalista', 'Nautilus', 'Viego', 'Vladimir')",2,0,2
"(""Bel'Veth"", 'Camille', 'Hwei', 'Jinx', 'Lissandra')",0,2,2
"('Blitzcrank', 'Draven', 'Nidalee', 'Skarner', 'Tristana')",2,0,2
"('Caitlyn', 'Gnar', 'Karma', 'Nidalee', 'Yone')",0,2,2
"('Corki', 'Gnar', 'Karthus', 'Rell', 'Zed')",2,0,2
"('Ashe', 'Hwei', 'Kennen', 'Nautilus', 'Viego')",2,0,2
"('Jax', 'Leona', 'Lucian', ""Rek'Sai"", 'Twisted Fate')",2,0,2
"('Nidalee', 'Olaf', 'Seraphine', 'Varus', 'Zed')",2,0,2
"('Jhin', 'Katarina', 'Nautilus', 'Vayne', 'Viego')",2,0,2
"('Camille', 'Graves', ""Kai'Sa"", 'Rakan', 'Sylas')",2,0,2
"('Akshan', 'Brand', 'Camille', 'Ezreal', 'Maokai')",2,0,2
"('Cassiopeia', 'Graves', 'LeBlanc', 'Nautilus', 'Varus')",2,0,2
"('Cassiopeia', 'Corki', 'Kayn', 'Nautilus', 'Twisted Fate')",0,2,2
"('Ahri', 'Draven', 'Rakan', 'Rumble', 'Vi')",2,0,2
"('Graves', 'Lissandra', 'Seraphine', 'Shen', 'Zeri')",2,0,2
"('Ashe', 'Braum', 'Karthus', 'Skarner', 'Yone')",2,0,2
"('Gangplank', 'Katarina', 'Sejuani', 'Varus', 'Zyra')",0,2,2
"('Kalista', 'Katarina', 'Nautilus', 'Twisted Fate', 'Udyr')",0,2,2
"('Akali', 'Kalista', 'Kindred', 'Neeko', 'Yasuo')",2,0,2
"('Jax', 'Jinx', 'Nidalee', 'Thresh', 'Viego')",0,2,2
"('Caitlyn', 'Graves', 'Orianna', 'Pyke', 'Skarner')",0,2,2
"('Akali', 'Ashe', 'Taliyah', 'Twisted Fate', 'Varus')",0,2,2
"(""Kai'Sa"", 'Nidalee', 'Pyke', 'Skarner', 'Vex')",2,0,2
"('Akshan', 'Caitlyn', 'Jax', 'Lillia', 'Thresh')",2,0,2
"('Lillia', 'Nasus', 'Thresh', 'Varus', 'Volibear')",2,0,2
"('Kalista', 'Lillia', 'Taric', 'Twisted Fate', 'Zed')",2,0,2
"('Camille', 'Corki', 'Nautilus', 'Orianna', 'Viego')",0,2,2
"('Aphelios', 'Graves', 'Heimerdinger', 'Hwei', 'Orianna')",2,0,2
"('Graves', 'Heimerdinger', 'Hwei', 'Jhin', 'Sylas')",2,0,2
"('Braum', 'Graves', ""Kai'Sa"", 'Skarner', 'Syndra')",2,0,2
"('Akshan', 'Brand', 'Ezreal', 'Heimerdinger', 'Skarner')",2,0,2
"('Aphelios', 'Brand', 'Master Yi', 'Pantheon', 'Taric')",2,0,2
"('Heimerdinger', 'Jhin', 'Lillia', 'Skarner', 'Tryndamere')",2,0,2
"('Camille', 'Corki', 'Karthus', 'Smolder', 'Ziggs')",0,2,2
"('Kindred', 'LeBlanc', 'Poppy', 'Rumble', 'Tristana')",0,2,2
"('Alistar', 'Katarina', 'Teemo', 'Vayne', 'Viego')",0,2,2
"('Aphelios', 'Blitzcrank', 'LeBlanc', 'Twisted Fate', 'Viego')",2,0,2
"('Akali', ""Kai'Sa"", 'Leona', ""Rek'Sai"", 'Talon')",2,0,2
"('Caitlyn', 'Cassiopeia', 'Lee Sin', 'Nautilus', 'Tristana')",0,2,2
"('Hwei', ""Kai'Sa"", 'Pantheon', 'Pyke', 'Viego')",0,2,2
"('Ashe', 'Brand', 'Pantheon', 'Skarner', 'Taric')",0,2,2
"('Nidalee', 'Rumble', 'Skarner', 'Tristana', 'Varus')",2,0,2
"('Aphelios', 'Camille', 'Lillia', 'Talon', 'Thresh')",2,0,2
"('Kindred', 'Rumble', 'Skarner', 'Twisted Fate', 'Zeri')",0,2,2
"('Ashe', 'Lee Sin', 'Rumble', 'Taliyah', 'Varus')",0,2,2
"('Ahri', 'Kindred', 'Rell', 'Samira', 'Skarner')",2,0,2
"('Akshan', 'Jhin', ""K'Sante"", 'Nidalee', 'Rumble')",0,2,2
"('Camille', 'Galio', 'Taric', 'Varus', 'Viego')",2,0,2
"('Akali', 'Camille', 'Darius', ""Kai'Sa"", 'Viego')",2,0,2
"('Aatrox', 'Annie', 'Heimerdinger', 'Varus', 'Vi')",2,0,2
"('Camille', 'Darius', 'Heimerdinger', 'Jinx', 'Lillia')",2,0,2
"('Ashe', 'Graves', 'Jayce', 'Sylas', 'Varus')",2,0,2
"('Fiddlesticks', ""Kai'Sa"", 'LeBlanc', 'Tahm Kench', 'Viego')",2,0,2
"('Ezreal', 'Heimerdinger', 'Jax', 'Katarina', 'Viego')",2,0,2
"('Heimerdinger', 'Nidalee', 'Renekton', 'Varus', 'Zed')",2,0,2
"(""Kai'Sa"", 'LeBlanc', 'Pyke', 'Talon', 'Warwick')",0,2,2
"('Fizz', 'Graves', 'Heimerdinger', 'Jhin', 'Kled')",2,0,2
"('Heimerdinger', 'Jhin', 'Rumble', 'Xin Zhao', 'Yone')",0,2,2
"('Heimerdinger', 'Jayce', 'LeBlanc', 'Skarner', 'Zeri')",0,2,2
"('Heimerdinger', 'Jhin', 'LeBlanc', 'Skarner', 'Xin Zhao')",2,0,2
"('Aphelios', 'Corki', 'Heimerdinger', 'Lillia', 'Viego')",0,2,2
"('Diana', 'Rakan', 'Skarner', 'Viego', 'Zeri')",2,0,2
"('Alistar', 'Lillia', 'Ryze', 'Samira', 'Tryndamere')",2,0,2
"(""Bel'Veth"", ""Kai'Sa"", 'Nautilus', 'Riven', 'Sylas')",0,2,2
"('Caitlyn', 'Fiddlesticks', 'Jax', 'Taric', 'Yone')",0,2,2
"('Ashe', 'Graves', 'Heimerdinger', 'Nami', 'Twisted Fate')",2,0,2
"('Jayce', 'Rell', 'Sivir', ""Vel'Koz"", 'Viego')",2,0,2
"('Ahri', 'Ashe', 'Kled', 'Seraphine', 'Taliyah')",0,2,2
"('Karthus', 'Skarner', 'Taric', 'Tristana', 'Vex')",0,2,2
"('Hwei', 'Rakan', ""Rek'Sai"", 'Rumble', 'Tristana')",0,2,2
"('Ashe', 'Jax', 'LeBlanc', 'Milio', ""Rek'Sai"")",0,2,2
"('Cassiopeia', 'Leona', 'Skarner', 'Tristana', 'Zed')",2,0,2
"(""Bel'Veth"", 'Kalista', 'Nautilus', 'Sejuani', 'Zoe')",0,2,2
"('Aurelion Sol', 'Braum', 'Corki', 'Lee Sin', 'Volibear')",2,0,2
"('Aurelion Sol', 'Jax', 'Lillia', 'Rell', 'Tristana')",2,0,2
"('Irelia', 'Karthus', 'Leona', 'Xerath', 'Zeri')",2,0,2
"('Aphelios', 'Hwei', 'Poppy', 'Seraphine', 'Viego')",2,0,2
"(""K'Sante"", ""Kai'Sa"", 'Lillia', 'Rell', 'Talon')",2,0,2
"('Alistar', 'Corki', 'Gwen', ""Kai'Sa"", 'Skarner')",0,2,2
"('Ashe', 'Hwei', 'Rakan', 'Viego', 'Volibear')",2,0,2
"('Graves', 'Hwei', 'Jhin', 'Rell', 'Twisted Fate')",0,2,2
"('Ashe', 'Galio', 'Kindred', 'Leona', 'Olaf')",0,2,2
"('Lillia', 'Nautilus', 'Tristana', 'Varus', 'Volibear')",2,0,2
"(""Kai'Sa"", 'Kennen', 'Rakan', 'Viktor', 'Xin Zhao')",2,0,2
"('Akshan', ""Kai'Sa"", 'Mordekaiser', 'Pyke', 'Viego')",0,2,2
"('Aphelios', 'Camille', 'LeBlanc', 'Lee Sin', 'Thresh')",2,0,2
"('Gnar', ""Kai'Sa"", 'Pyke', 'Taliyah', 'Yasuo')",2,0,2
"('Blitzcrank', ""Kai'Sa"", 'Kassadin', 'Kennen', 'Kindred')",2,0,2
"('Ahri', 'Jinx', ""Kha'Zix"", 'Lulu', 'Skarner')",0,2,2
"('Camille', 'Ezreal', 'Lillia', 'Seraphine', 'Yasuo')",2,0,2
"('Aatrox', ""Kai'Sa"", 'Karthus', 'Nautilus', 'Tristana')",0,2,2
"(""Kai'Sa"", 'Kennen', 'Morgana', 'Yone', 'Zac')",0,2,2
"('Hwei', 'Jax', 'Maokai', 'Senna', 'Viego')",0,2,2
"('Graves', ""Kai'Sa"", 'Poppy', 'Renekton', 'Twisted Fate')",2,0,2
"('Jayce', 'LeBlanc', 'Thresh', 'Viego', 'Zeri')",2,0,2
"('Ahri', 'Kindred', 'Nautilus', 'Ornn', 'Varus')",2,0,2
"('Akshan', ""Kai'Sa"", 'Nidalee', 'Rell', 'Renekton')",0,2,2
"(""Bel'Veth"", ""Kai'Sa"", 'Malphite', 'Rell', 'Tryndamere')",0,2,2
"('Camille', 'Hwei', ""Kai'Sa"", 'Vayne', 'Viego')",2,0,2
"('Blitzcrank', 'Brand', 'Corki', 'Skarner', 'Varus')",2,0,2
"('Leona', 'Lillia', 'Miss Fortune', 'Qiyana', 'Vladimir')",0,2,2
"(""Kai'Sa"", 'Nautilus', 'Sylas', 'Urgot', 'Vladimir')",2,0,2
"(""K'Sante"", 'Lillia', 'Nautilus', 'Twisted Fate', 'Varus')",0,2,2
"('Azir', ""Kai'Sa"", 'Kled', 'Poppy', 'Skarner')",2,0,2
"('Pantheon', 'Renekton', 'Smolder', 'Soraka', 'Taliyah')",2,0,2
"('Fiddlesticks', 'LeBlanc', 'Skarner', 'Varus', 'Viego')",0,2,2
"('Aatrox', 'Aurelion Sol', ""Kai'Sa"", 'Nautilus', 'Viego')",0,2,2
"('Jhin', 'Renekton', 'Shen', 'Taliyah', 'Tristana')",0,2,2
"('Ezreal', 'Hwei', ""K'Sante"", 'Karma', 'Shaco')",0,2,2
"('Azir', 'Corki', 'Nidalee', 'Ornn', 'Rell')",2,0,2
"('Nami', 'Rumble', 'Taliyah', 'Tristana', 'Zeri')",2,0,2
"('Aphelios', 'Riven', 'Seraphine', 'Yone', 'Zac')",0,2,2
"('Alistar', 'Renekton', 'Taliyah', 'Tristana', 'Zeri')",2,0,2
"('Aurelion Sol', 'Corki', ""K'Sante"", 'Lee Sin', 'Nautilus')",0,2,2
"('Caitlyn', 'Jax', 'Rakan', 'Skarner', 'Twisted Fate')",2,0,2
"('Jinx', ""K'Sante"", 'Nautilus', 'Taliyah', 'Yone')",2,0,2
"('Aphelios', 'Aurelion Sol', 'Nidalee', 'Rell', 'Twisted Fate')",0,2,2
"('Aatrox', 'Jinx', 'Nidalee', 'Tahm Kench', 'Tristana')",0,2,2
"('Jayce', 'Seraphine', 'Tahm Kench', 'Taliyah', 'Twisted Fate')",0,2,2
"('Garen', 'Karthus', 'Leona', 'Zeri', 'Zoe')",2,0,2
"('Hwei', ""Kai'Sa"", 'Nautilus', 'Viego', 'Zac')",2,0,2
"('Irelia', ""Kai'Sa"", 'Rell', 'Rumble', 'Taliyah')",2,0,2
"('Ekko', 'Gnar', ""Kai'Sa"", 'Sett', 'Yone')",0,2,2
"('Aatrox', 'Anivia', 'Bard', 'Graves', 'Zeri')",0,2,2
"('Aurelion Sol', 'Nautilus', 'Tryndamere', 'Vi', 'Zeri')",2,0,2
"('Ashe', 'Nidalee', 'Pantheon', 'Pyke', 'Yone')",0,2,2
"('Graves', ""K'Sante"", ""Kai'Sa"", 'Kennen', 'Zac')",2,0,2
"('Ashe', 'Lissandra', ""Rek'Sai"", 'Rumble', 'Taric')",0,2,2
"('Aatrox', 'Jinx', 'Lee Sin', 'Seraphine', 'Sylas')",0,2,2
"('Akali', 'Darius', 'Jinx', 'Poppy', 'Seraphine')",0,2,2
"('Akali', 'Alistar', 'Gragas', 'Poppy', 'Varus')",2,0,2
"('Alistar', 'Gragas', 'Jayce', 'Twisted Fate', 'Zeri')",0,2,2
"('Ahri', ""Kog'Maw"", 'Lulu', 'Renekton', 'Viego')",0,2,2
"('Ashe', 'Diana', 'Jax', 'Lee Sin', 'Taric')",2,0,2
"('Ahri', 'Rakan', 'Skarner', 'Vi', 'Xayah')",0,2,2
"('Ashe', 'Leona', 'Lillia', 'Qiyana', 'Vayne')",2,0,2
"('Alistar', 'Galio', ""K'Sante"", 'Nidalee', 'Zeri')",2,0,2
"('Corki', 'Nautilus', 'Skarner', 'Taliyah', 'Varus')",0,2,2
"('Aatrox', 'Jhin', 'Nautilus', 'Nidalee', 'Swain')",2,0,2
"('Corki', 'Hwei', 'Nautilus', 'Taliyah', 'Warwick')",2,0,2
"('Corki', 'Fiddlesticks', ""Kai'Sa"", 'Leona', 'Rengar')",2,0,2
"('Camille', ""Kai'Sa"", 'Karthus', 'Pantheon', 'Taliyah')",0,2,2
"('Irelia', ""Rek'Sai"", 'Swain', 'Taric', 'Varus')",2,0,2
"('Gnar', ""Kai'Sa"", 'Nautilus', 'Nidalee', 'Yone')",2,0,2
"('Katarina', 'Lucian', 'Senna', 'Swain', 'Viego')",0,2,2
"('Akshan', 'Gnar', 'Jinx', 'Taliyah', 'Thresh')",2,0,2
"('Gnar', 'Jinx', 'Katarina', 'Lulu', ""Rek'Sai"")",0,2,2
"('Gnar', ""Kai'Sa"", 'Nautilus', 'Nidalee', 'Viego')",0,2,2
"('Aphelios', 'Gnar', 'Master Yi', 'Nautilus', 'Twisted Fate')",0,2,2
"('Gnar', 'Neeko', 'Taric', 'Varus', 'Xin Zhao')",2,0,2
"('Camille', 'Corki', 'Gnar', 'Graves', 'Sylas')",2,0,2
"('Bard', 'Gnar', ""Kai'Sa"", 'Rengar', 'Rumble')",2,0,2
"('Gnar', 'Hecarim', ""Kai'Sa"", 'Rakan', 'Syndra')",0,2,2
"('Akshan', 'Brand', 'Senna', 'Smolder', 'Yone')",0,2,2
"('Ahri', 'Gnar', ""Kai'Sa"", 'Rell', 'Viego')",0,2,2
"('Gnar', ""Kai'Sa"", 'Nidalee', 'Rell', 'Zoe')",2,0,2
"('Blitzcrank', 'Gnar', 'Gwen', 'Jinx', 'Orianna')",2,0,2
"('Caitlyn', 'Gnar', 'Hwei', 'Karthus', 'Nautilus')",2,0,2
"('Gnar', ""Kai'Sa"", 'Pyke', 'Viego', 'Vladimir')",0,2,2
"('Alistar', 'Kindred', 'Nilah', 'Orianna', 'Skarner')",2,0,2
"('Aatrox', 'Fiddlesticks', 'Galio', 'Xin Zhao', 'Zeri')",2,0,2
"('Fiora', 'Nautilus', 'Taliyah', 'Tristana', 'Ziggs')",2,0,2
"('Fiora', 'Nautilus', 'Nidalee', 'Talon', 'Zeri')",0,2,2
"('Jax', 'Lucian', 'Nami', 'Nocturne', 'Orianna')",0,2,2
"('Alistar', 'Maokai', 'Tristana', 'Twisted Fate', 'Zeri')",0,2,2
"('Graves', ""Kai'Sa"", 'Kennen', 'Nautilus', 'Sylas')",0,2,2
"('Rakan', 'Rengar', 'Rumble', 'Varus', 'Zilean')",2,0,2
"('Fiddlesticks', 'Jayce', 'Nidalee', 'Sivir', 'Viego')",2,0,2
"('Blitzcrank', 'Olaf', ""Rek'Sai"", 'Syndra', 'Varus')",2,0,2
"('Blitzcrank', 'Elise', 'Galio', ""Kai'Sa"", 'Volibear')",0,2,2
"('Aphelios', 'Dr. Mundo', 'Kindred', 'Rakan', 'Taliyah')",2,0,2
"('Amumu', 'Ashe', 'Gwen', 'Viego', 'Zyra')",2,0,2
"('Lillia', 'Nami', 'Urgot', 'Varus', 'Yasuo')",2,0,2
"('Ashe', 'Jayce', 'Rell', 'Rumble', 'Taliyah')",0,2,2
"('Alistar', 'Jayce', 'Lillia', 'Varus', 'Viego')",2,0,2
"('Kled', 'Rakan', 'Taliyah', 'Varus', 'Viktor')",0,2,2
"(""Kai'Sa"", 'Nidalee', 'Renekton', 'Sylas', 'Tristana')",0,2,2
"('Ahri', 'Garen', 'Miss Fortune', 'Pyke', 'Viego')",2,0,2
"('Jhin', 'Kennen', 'Qiyana', 'Seraphine', 'Volibear')",0,2,2
"('Azir', 'Jayce', 'Lee Sin', 'Lucian', 'Milio')",0,2,2
"(""Bel'Veth"", 'Taliyah', 'Taric', 'Varus', 'Zeri')",2,0,2
"('Akshan', 'Draven', 'Gwen', 'Rumble', 'Taric')",0,2,2
"('Jinx', 'Karthus', 'Lee Sin', 'Taric', 'Zac')",0,2,2
"('Fiora', 'Lillia', 'Senna', 'Swain', 'Zed')",2,0,2
"('Ahri', 'Ashe', 'Pantheon', 'Riven', 'Taric')",0,2,2
"('Corki', 'Taliyah', 'Wukong', 'Yone', 'Zyra')",2,0,2
"('Fiora', 'Lillia', 'Pantheon', 'Taric', 'Xayah')",2,0,2
"('Aatrox', 'Jinx', 'Thresh', 'Volibear', 'Zoe')",2,0,2
"('Fiddlesticks', 'Jayce', 'Jinx', 'LeBlanc', 'Taric')",0,2,2
"(""Kai'Sa"", 'Lee Sin', 'Rell', 'Sett', ""Vel'Koz"")",2,0,2
"('Corki', 'Jayce', 'Rakan', ""Vel'Koz"", 'Viego')",2,0,2
"('Blitzcrank', 'Gnar', 'Hecarim', ""Vel'Koz"", 'Zeri')",2,0,2
"('Aatrox', ""Bel'Veth"", 'Kalista', 'Rell', ""Vel'Koz"")",0,2,2
"('Bard', 'Lee Sin', 'Sett', 'Varus', ""Vel'Koz"")",0,2,2
"('Jhin', 'Nunu & Willump', 'Shen', 'Sylas', 'Zyra')",2,0,2
"('Camille', 'Draven', 'Rell', ""Vel'Koz"", 'Viego')",2,0,2
"('Anivia', 'Kennen', 'Lucian', 'Taric', 'Viego')",2,0,2
"('Camille', 'Ezreal', 'Fiddlesticks', 'Gragas', 'Taric')",0,2,2
"('Blitzcrank', ""Kai'Sa"", 'Kindred', ""Vel'Koz"", 'Zac')",0,2,2
"('Hwei', 'Nunu & Willump', 'Pyke', 'Riven', 'Varus')",2,0,2
"('Jhin', 'Kindred', 'Nautilus', 'Taliyah', 'Yasuo')",2,0,2
"('Camille', ""K'Sante"", 'Taliyah', 'Vladimir', 'Xin Zhao')",2,0,2
"('Nautilus', 'Samira', 'Twisted Fate', 'Viego', 'Vladimir')",2,0,2
"('Corki', 'Maokai', 'Nidalee', 'Vladimir', 'Yone')",0,2,2
"('Ekko', 'Katarina', 'Pyke', 'Rumble', 'Varus')",2,0,2
"('Camille', 'Darius', ""Kai'Sa"", 'Kayn', 'Vladimir')",0,2,2
"('Ashe', 'Varus', ""Vel'Koz"", 'Viego', 'Vladimir')",0,2,2
"('Draven', 'Jayce', 'Pyke', 'Taliyah', 'Vladimir')",0,2,2
"('Graves', 'Lucian', 'Nami', 'Twisted Fate', 'Vladimir')",0,2,2
"('Ashe', 'Fiddlesticks', 'Rell', 'Tristana', 'Vladimir')",2,0,2
"('Akshan', 'Brand', 'Kalista', 'Rumble', 'Volibear')",0,2,2
"('Ashe', 'Draven', 'Graves', 'Kennen', 'Vex')",0,2,2
"('Cassiopeia', ""Kha'Zix"", 'Kled', 'Lucian', 'Taric')",2,0,2
"('Ashe', 'Fiora', 'Karthus', 'Kled', 'Taric')",2,0,2
"('Amumu', 'Cassiopeia', ""Kai'Sa"", 'Lillia', 'Yone')",2,0,2
"('Akali', 'Blitzcrank', 'Jhin', ""Vel'Koz"", 'Vi')",0,2,2
"('Graves', 'Morgana', 'Poppy', 'Sivir', ""Vel'Koz"")",0,2,2
"('Graves', 'Hwei', 'Rell', 'Renekton', 'Ziggs')",0,2,2
"('Corki', 'Fiddlesticks', 'Rell', 'Rumble', 'Viego')",2,0,2
"('Ashe', 'Rell', 'Rumble', 'Tristana', 'Twisted Fate')",2,0,2
"('Draven', 'Jhin', 'Orianna', 'Seraphine', 'Shaco')",2,0,2
"('Corki', 'Draven', 'Jayce', 'Nautilus', 'Nunu & Willump')",0,2,2
"('Hwei', 'Kennen', 'Lucian', 'Nami', 'Viego')",0,2,2
"('Corki', 'Hwei', ""Rek'Sai"", 'Rell', 'Twisted Fate')",2,0,2
"('Alistar', 'Ashe', 'Ekko', 'Tristana', 'Twisted Fate')",2,0,2
"('Blitzcrank', 'Hecarim', 'Hwei', ""Kai'Sa"", 'Kennen')",0,2,2
"('Hecarim', 'Orianna', 'Smolder', 'Sona', 'Twisted Fate')",2,0,2
"('Illaoi', 'LeBlanc', 'Lee Sin', 'Taric', 'Xayah')",0,2,2
"('Draven', 'Neeko', 'Rell', 'Rumble', 'Viego')",0,2,2
"('Aatrox', ""Bel'Veth"", ""Kai'Sa"", 'Nautilus', 'Taliyah')",0,2,2
"('Corki', 'Mordekaiser', 'Nidalee', 'Thresh', 'Tristana')",2,0,2
"('Aurelion Sol', ""Kai'Sa"", 'Lee Sin', 'Nautilus', 'Rumble')",2,0,2
"('Aphelios', 'Camille', 'Nautilus', 'Qiyana', 'Udyr')",0,2,2
"('Aphelios', 'Gragas', 'Jax', 'Seraphine', 'Viego')",2,0,2
"('Akshan', 'Aphelios', 'Hecarim', 'LeBlanc', 'Rakan')",2,0,2
"('Ashe', 'Braum', 'Cassiopeia', 'LeBlanc', 'Lee Sin')",2,0,2
"(""Kha'Zix"", 'Renekton', 'Thresh', ""Vel'Koz"", 'Xayah')",0,2,2
"('Ahri', 'Caitlyn', 'Illaoi', 'Lillia', 'Rell')",0,2,2
"(""Kha'Zix"", 'Lucian', 'Nami', 'Olaf', ""Vel'Koz"")",2,0,2
"('Camille', 'Maokai', 'Skarner', 'Twisted Fate', 'Varus')",0,2,2
"('Gwen', ""Kai'Sa"", 'Lee Sin', 'Nautilus', ""Vel'Koz"")",2,0,2
"('Galio', 'Lee Sin', 'Lulu', 'Quinn', 'Zeri')",0,2,2
"('Aatrox', 'Hwei', 'Jhin', ""Kha'Zix"", ""Vel'Koz"")",2,0,2
"('Braum', ""K'Sante"", 'Lee Sin', 'Lucian', ""Vel'Koz"")",0,2,2
"('Aatrox', 'Alistar', 'Corki', 'Nocturne', ""Vel'Koz"")",2,0,2
"('Aatrox', 'Fiddlesticks', 'Kalista', 'Leona', ""Vel'Koz"")",0,2,2
"(""Bel'Veth"", ""K'Sante"", 'Lucian', 'Nami', ""Vel'Koz"")",0,2,2
"('Lillia', 'Poppy', 'Renekton', 'Varus', ""Vel'Koz"")",2,0,2
"('Camille', 'Graves', 'Rumble', 'Varus', 'Zyra')",0,2,2
"('Jax', ""Kha'Zix"", 'Rakan', 'Sylas', 'Zeri')",2,0,2
"('Gragas', 'Graves', 'Jhin', 'Skarner', 'Vladimir')",0,2,2
"('Ekko', 'Kled', 'Nautilus', 'Tristana', 'Varus')",2,0,2
"('Caitlyn', 'Hwei', 'Jax', 'Nidalee', 'Yone')",2,0,2
"(""K'Sante"", 'Renekton', 'Taliyah', 'Thresh', 'Varus')",0,2,2
"('Draven', 'LeBlanc', 'Nautilus', 'Nidalee', 'Skarner')",2,0,2
"('Akali', 'Ashe', 'Galio', 'Master Yi', 'Twisted Fate')",2,0,2
"('Ahri', 'Caitlyn', 'Camille', 'Lux', ""Rek'Sai"")",2,0,2
"('Draven', 'Orianna', 'Rell', 'Skarner', 'Viego')",2,0,2
"('Fiora', 'Graves', 'Irelia', 'Seraphine', 'Skarner')",2,0,2
"(""Kai'Sa"", 'Lillia', 'Maokai', 'Tristana', 'Vladimir')",2,0,2
"('Corki', 'Draven', 'Lillia', 'Nautilus', 'Skarner')",2,0,2
"('Corki', ""K'Sante"", 'Karthus', 'Nautilus', 'Varus')",0,2,2
"('Garen', 'Orianna', 'Rell', 'Shaco', 'Zeri')",0,2,2
"('Alistar', 'Ashe', 'Lee Sin', 'Malphite', 'Sylas')",0,2,2
"('Leona', 'Rumble', 'Taliyah', 'Viego', 'Zeri')",0,2,2
"('Alistar', 'Gangplank', 'Lee Sin', 'Lissandra', ""Vel'Koz"")",2,0,2
"('Akshan', 'Camille', ""Kai'Sa"", 'Nautilus', 'Nidalee')",0,2,2
"('Camille', 'Jhin', 'LeBlanc', 'Lee Sin', 'Nautilus')",0,2,2
"('Aurelion Sol', 'Bard', 'Camille', 'Jhin', 'Wukong')",0,2,2
"('Azir', 'Graves', 'Lucian', 'Nami', 'Twisted Fate')",0,2,2
"('Gragas', 'Jinx', 'Kindred', 'Taliyah', 'Thresh')",0,2,2
"('Corki', 'Kennen', 'Kindred', 'Nautilus', 'Neeko')",2,0,2
"('Ashe', 'Katarina', 'Lee Sin', 'Renekton', 'Senna')",2,0,2
"(""K'Sante"", 'Katarina', 'Nautilus', 'Sejuani', 'Smolder')",0,2,2
"('Jax', ""Kog'Maw"", 'LeBlanc', 'Maokai', 'Viego')",2,0,2
"('Jayce', 'Karthus', 'Rell', 'Samira', 'Yone')",2,0,2
"('Akshan', ""K'Sante"", 'Lillia', 'Rell', 'Tristana')",0,2,2
"('Gragas', 'Jinx', 'Nidalee', 'Rell', 'Tristana')",2,0,2
"(""Kai'Sa"", 'Rell', 'Tryndamere', 'Twisted Fate', 'Viego')",2,0,2
"('Aurelion Sol', 'Camille', 'Graves', ""Kog'Maw"", 'Lulu')",0,2,2
"('Akali', 'Ashe', ""K'Sante"", 'Rumble', 'Viego')",0,2,2
"('Hwei', 'Nautilus', 'Nidalee', 'Rumble', 'Samira')",0,2,2
"('Camille', 'Cassiopeia', 'Gragas', 'Jhin', 'Viego')",0,2,2
"(""Kai'Sa"", 'Rell', 'Taliyah', 'Viego', 'Volibear')",2,0,2
"('Brand', 'Nautilus', 'Senna', 'Twisted Fate', 'Vayne')",2,0,2
"('Aatrox', ""Kai'Sa"", 'Morgana', 'Neeko', 'Tristana')",2,0,2
"('Ashe', ""K'Sante"", 'Syndra', 'Talon', 'Varus')",0,2,2
"('Jhin', 'Kindred', 'Senna', 'Skarner', 'Sylas')",2,0,2
"('Hwei', 'Jax', 'Nautilus', 'Smolder', 'Viego')",0,2,2
"('Corki', 'Graves', 'LeBlanc', 'Nautilus', 'Twisted Fate')",0,2,2
"('Graves', ""Kai'Sa"", 'Poppy', 'Taliyah', 'Twisted Fate')",2,0,2
"('Ahri', 'Gnar', 'Graves', 'Thresh', 'Veigar')",2,0,2
"('Aatrox', 'Hwei', 'Janna', 'Katarina', ""Kha'Zix"")",0,2,2
"('Ashe', 'Bard', 'Jayce', 'Lillia', 'Renekton')",0,2,2
"('Camille', 'Cassiopeia', 'LeBlanc', 'Leona', ""Rek'Sai"")",2,0,2
"('Cassiopeia', 'Diana', 'Jhin', 'Rengar', 'Seraphine')",2,0,2
"(""Kai'Sa"", 'Nautilus', 'Twisted Fate', 'Viego', 'Zoe')",0,2,2
"('Aatrox', 'Hwei', 'Jax', 'Rell', 'Zeri')",2,0,2
"('Ashe', 'Lee Sin', 'Rakan', 'Twisted Fate', 'Vayne')",2,0,2
"('Hwei', ""Kai'Sa"", 'Rakan', 'Skarner', 'Xin Zhao')",2,0,2
"('Olaf', 'Shyvana', 'Skarner', 'Tristana', 'Varus')",2,0,2
"('Camille', 'Galio', 'Hwei', 'Jhin', 'Kindred')",0,2,2
"('Aatrox', 'Corki', 'Jayce', 'Leona', 'Nidalee')",2,0,2
"('Draven', 'Jayce', 'Nautilus', 'Taliyah', 'Yone')",0,2,2
"('Ashe', 'Gragas', 'Ivern', 'Rakan', 'Tristana')",2,0,2
"('Aatrox', 'Corki', 'Fiddlesticks', 'Galio', 'Jhin')",0,2,2
"('Ashe', 'Gragas', 'Jax', 'Taric', 'Viego')",2,0,2
"('Akshan', 'Jhin', 'Leona', 'Nidalee', 'Udyr')",0,2,2
"('Akali', 'Aphelios', 'Hecarim', 'Jax', 'Senna')",0,2,2
"('Ashe', 'Camille', 'Katarina', 'Senna', 'Viego')",0,2,2
"('Irelia', 'Lillia', 'Volibear', 'Yuumi', 'Zeri')",0,2,2
"('Cassiopeia', 'Dr. Mundo', 'Elise', ""Kai'Sa"", 'Viego')",2,0,2
"('Cassiopeia', 'Jinx', 'Lee Sin', ""Rek'Sai"", 'Thresh')",2,0,2
"('Braum', 'Camille', 'Hwei', 'Jinx', 'Kindred')",2,0,2
"('Corki', 'Karthus', 'Nasus', 'Nautilus', 'Varus')",2,0,2
"('Ashe', 'LeBlanc', 'Lee Sin', 'Pyke', 'Skarner')",0,2,2
"('Akshan', 'Aphelios', 'Karthus', 'Leona', 'Vladimir')",2,0,2
"('Corki', 'Gwen', 'Kindred', 'Nautilus', 'Varus')",2,0,2
"('Aurelion Sol', 'Camille', 'Skarner', 'Twitch', 'Viego')",2,0,2
"('Camille', 'Fiddlesticks', 'Nidalee', 'Twisted Fate', 'Zeri')",2,0,2
"('Ashe', ""K'Sante"", ""Kha'Zix"", 'Nautilus', 'Rumble')",0,2,2
"(""Bel'Veth"", 'Cassiopeia', 'Hwei', 'Jinx', 'Thresh')",0,2,2
"('Aphelios', 'Brand', 'Corki', 'Rumble', 'Thresh')",0,2,2
"('Caitlyn', 'Cassiopeia', 'Gragas', 'Lux', 'Tristana')",0,2,2
"('Cassiopeia', 'Hwei', 'Nami', 'Varus', 'Xin Zhao')",0,2,2
"('Ashe', 'Graves', 'Hwei', 'Jayce', 'Malzahar')",2,0,2
"('Akali', 'Cassiopeia', ""Kai'Sa"", 'Leona', ""Rek'Sai"")",2,0,2
"('Cassiopeia', 'Jinx', 'Rell', 'Rengar', 'Twisted Fate')",2,0,2
"(""Bel'Veth"", 'Fiora', 'Lucian', 'Neeko', 'Rell')",0,2,2
"('Ahri', 'Briar', 'Cassiopeia', 'Jhin', 'Karma')",0,2,2
"('Caitlyn', 'Kindred', 'Orianna', 'Rakan', 'Skarner')",2,0,2
"('Aatrox', 'Akali', 'Alistar', 'Jhin', ""Kha'Zix"")",0,2,2
"('Rakan', 'Udyr', 'Vex', 'Viego', 'Xayah')",0,2,2
"('Brand', 'Braum', ""K'Sante"", 'Pantheon', 'Varus')",0,2,2
"('Graves', 'Hwei', 'Renekton', 'Varus', 'Viego')",2,0,2
"('Karthus', 'Lee Sin', 'Rakan', 'Sivir', 'Skarner')",0,2,2
"('Jax', 'Kindred', 'Kled', 'Nautilus', ""Vel'Koz"")",2,0,2
"('Ornn', 'Quinn', 'Rakan', ""Rek'Sai"", 'Twitch')",2,0,2
"('Ekko', 'Jarvan IV', ""Kai'Sa"", 'Qiyana', 'Skarner')",2,0,2
"('Ashe', 'Rumble', 'Tahm Kench', 'Viego', 'Zac')",2,0,2
"('Corki', 'Senna', 'Swain', 'Warwick', 'Xin Zhao')",0,2,2
"('Aatrox', 'Ashe', 'Lulu', 'Taliyah', 'Viego')",0,2,2
"('Darius', 'Galio', 'Jinx', 'Nunu & Willump', 'Thresh')",0,2,2
"('Ashe', 'Bard', 'Camille', 'Galio', 'Graves')",0,2,2
"('Alistar', 'Ashe', 'Cassiopeia', 'Graves', 'Yasuo')",0,2,2
"('Graves', 'Malphite', 'Taliyah', 'Zeri', 'Zilean')",0,2,2
"('Blitzcrank', 'Taliyah', 'Tristana', 'Twisted Fate', 'Varus')",2,0,2
"('Alistar', 'Jinx', 'Karthus', 'Pantheon', 'Tristana')",2,0,2
"('Alistar', 'Brand', 'Fiora', 'Jinx', 'Viego')",0,2,2
"('Jinx', ""Kha'Zix"", 'Rumble', 'Thresh', 'Yone')",1,1,2
"('Alistar', 'Brand', ""Kai'Sa"", 'Poppy', 'Shaco')",2,0,2
"('Aatrox', 'Caitlyn', 'Kindred', 'Neeko', 'Viktor')",0,2,2
"('Ashe', 'Lee Sin', 'Seraphine', 'Skarner', 'Zoe')",2,0,2
"('Draven', 'Irelia', 'Malphite', 'Rell', 'Viego')",0,2,2
"('Corki', ""K'Sante"", ""Kai'Sa"", 'Seraphine', 'Taliyah')",0,2,2
"('Camille', 'Hecarim', 'Hwei', 'Lucian', 'Nautilus')",0,2,2
"('Blitzcrank', 'Camille', 'Gragas', 'Varus', 'Yasuo')",0,2,2
"('Bard', ""Kha'Zix"", 'Ornn', 'Syndra', 'Zeri')",2,0,2
"('Jax', 'LeBlanc', 'Nautilus', 'Senna', 'Viego')",0,2,2
"('Ashe', 'LeBlanc', 'Nautilus', 'Renekton', 'Viego')",0,2,2
"('Lulu', 'Skarner', 'Taliyah', 'Varus', 'Viego')",2,0,2
"('Ashe', 'Camille', 'Corki', 'Lillia', 'Twisted Fate')",2,0,2
"('Ashe', 'Jayce', 'Nautilus', 'Taliyah', 'Vayne')",2,0,2
"('Lux', 'Smolder', 'Sylas', 'Tristana', 'Vayne')",2,0,2
"('Ezreal', 'Hwei', 'Neeko', 'Renekton', 'Xin Zhao')",2,0,2
"('Gnar', 'Nautilus', 'Nidalee', 'Varus', 'Viego')",0,2,2
"('Illaoi', 'Karma', ""Kha'Zix"", 'Orianna', 'Zeri')",0,2,2
"('Taliyah', 'Taric', 'Tristana', 'Varus', 'Viego')",2,0,2
"('Braum', 'Kindred', 'Orianna', 'Renekton', 'Varus')",2,0,2
"('Jinx', 'Leona', 'Nidalee', 'Orianna', 'Twisted Fate')",0,2,2
"('Ahri', 'Jhin', 'Poppy', 'Udyr', 'Viego')",2,0,2
"('Illaoi', 'Jinx', 'Poppy', 'Twisted Fate', 'Viego')",0,2,2
"('Jayce', ""Kai'Sa"", 'Nautilus', 'Neeko', 'Skarner')",2,0,2
"('Brand', ""Kai'Sa"", 'Ornn', 'Skarner', 'Tristana')",2,0,2
"(""Kai'Sa"", 'Lillia', 'Thresh', 'Tristana', 'Yone')",0,2,2
"('Darius', 'Ekko', 'Nunu & Willump', 'Taric', 'Varus')",0,2,2
"('Fiora', 'Jinx', 'Pyke', 'Rumble', 'Twisted Fate')",2,0,2
"('Fiddlesticks', 'Jinx', 'Kindred', 'Rakan', 'Sett')",2,0,2
"('Corki', 'Elise', 'Fiora', 'Nautilus', 'Tristana')",2,0,2
"('Ashe', 'Aurelion Sol', 'Kindred', 'LeBlanc', 'Rell')",2,0,2
"('Lillia', 'Poppy', 'Seraphine', 'Varus', 'Yasuo')",2,0,2
"('Gragas', 'Graves', 'Nautilus', 'Orianna', 'Varus')",2,0,2
"('Graves', 'Hwei', 'Illaoi', 'Sett', 'Varus')",0,2,2
"('Kalista', 'Nidalee', 'Orianna', 'Pyke', 'Varus')",0,2,2
"('Camille', 'Diana', 'Gragas', 'Tristana', 'Varus')",0,2,2
"('Diana', 'Fiora', 'Jhin', 'Neeko', 'Tryndamere')",2,0,2
"('Akshan', ""K'Sante"", ""Kai'Sa"", 'Neeko', 'Nidalee')",0,2,2
"('Ashe', 'Camille', 'Galio', 'Milio', 'Rumble')",2,0,2
"('Akshan', 'Brand', 'Gangplank', ""Kai'Sa"", 'Rell')",2,0,2
"('Ashe', 'Braum', 'Fiora', 'Katarina', 'Kindred')",0,2,2
"('Akshan', 'Camille', 'Ezreal', 'Lissandra', 'Master Yi')",2,0,2
"('Graves', 'Leona', 'Lillia', 'Neeko', 'Tristana')",0,2,2
"('Blitzcrank', ""Kai'Sa"", 'Orianna', 'Smolder', 'Vi')",0,2,2
"('Braum', 'Kindred', 'Pantheon', 'Syndra', 'Varus')",0,2,2
"(""K'Sante"", ""Kai'Sa"", 'Kindred', 'Leona', 'Orianna')",0,2,2
"('Akali', 'Corki', 'Kindred', 'Rakan', 'Tristana')",2,0,2
"('Annie', 'Camille', 'Ezreal', 'Graves', ""K'Sante"")",2,0,2
"('Ezreal', 'Jayce', 'Karthus', 'Rell', 'Twisted Fate')",2,0,2
"('Alistar', 'Jax', ""Kai'Sa"", 'Taliyah', 'Twisted Fate')",0,2,2
"('Irelia', ""Kai'Sa"", 'Leona', 'Poppy', 'Skarner')",0,2,2
"(""Kai'Sa"", 'Kindred', 'Olaf', 'Pyke', 'Syndra')",2,0,2
"('Camille', ""Kai'Sa"", 'Kindred', 'LeBlanc', 'Thresh')",2,0,2
"('Corki', ""Kai'Sa"", 'Nidalee', 'Renekton', 'Taric')",2,0,2
"('Katarina', ""Kog'Maw"", 'Lillia', 'Nautilus', 'Poppy')",2,0,2
"('Fiora', 'LeBlanc', 'Lucian', 'Nami', 'Vi')",2,0,2
"('Ezreal', 'Nidalee', 'Pyke', 'Tristana', 'Yone')",2,0,2
"('Camille', 'Corki', 'Nidalee', 'Rakan', 'Twisted Fate')",2,0,2
"('Akshan', 'Jayce', 'Nocturne', 'Pantheon', ""Vel'Koz"")",2,0,2
"('Kennen', 'Nautilus', 'Pantheon', 'Skarner', 'Zeri')",2,0,2
"('Camille', 'Hwei', ""Kai'Sa"", 'Lee Sin', 'Nautilus')",0,2,2
"('Graves', ""Kai'Sa"", 'Nautilus', 'Pantheon', 'Zoe')",2,0,2
"('Corki', 'Hwei', 'Jax', 'Nidalee', 'Rell')",0,2,2
"('Jinx', 'Lulu', 'Nidalee', 'Yasuo', 'Yone')",2,0,2
"('Corki', 'Jax', 'Ryze', 'Tristana', 'Zilean')",2,0,2
"('Camille', 'Jinx', 'LeBlanc', ""Rek'Sai"", 'Senna')",2,0,2
"('Graves', ""Kai'Sa"", 'Skarner', 'Zac', 'Zoe')",2,0,2
"('Garen', ""Kai'Sa"", 'Lillia', 'Rell', 'Yone')",0,2,2
"('Camille', 'Janna', 'Taliyah', 'Viktor', 'Zeri')",2,0,2
"('Ashe', 'Elise', 'Lissandra', 'Seraphine', 'Twisted Fate')",2,0,2
"('Caitlyn', 'Kennen', 'Rumble', 'Skarner', 'Zed')",2,0,2
"('Ashe', 'Graves', 'Heimerdinger', 'Lulu', 'Renekton')",2,0,2
"('Ashe', 'Caitlyn', 'Diana', 'Skarner', 'Yasuo')",0,2,2
"('Lillia', 'Poppy', 'Tahm Kench', 'Tristana', 'Yasuo')",0,2,2
"('Ashe', 'Hwei', 'Twisted Fate', 'Varus', 'Viego')",2,0,2
"('Ahri', ""Kai'Sa"", 'Kindred', 'Lulu', 'Nautilus')",2,0,2
"('Aurelion Sol', 'Blitzcrank', 'Graves', 'Renekton', 'Twitch')",0,2,2
"('Akshan', 'Camille', ""Kai'Sa"", 'Leona', 'Lillia')",2,0,2
"('Janna', 'Sett', 'Taliyah', 'Talon', 'Zeri')",2,0,2
"('Akali', 'Cassiopeia', 'Graves', 'Jinx', 'Rakan')",0,2,2
"('Kennen', ""Kog'Maw"", 'Swain', 'Thresh', 'Viego')",2,0,2
"('Fiddlesticks', 'Rakan', 'Skarner', 'Twitch', 'Viktor')",2,0,2
"('Corki', 'Gragas', 'Nocturne', 'Olaf', 'Rakan')",0,2,2
"(""Kai'Sa"", 'Neeko', 'Ryze', 'Tristana', 'Viego')",0,2,2
"('Ekko', 'Jayce', ""K'Sante"", ""Kai'Sa"", 'Leona')",2,0,2
"('Caitlyn', 'Rakan', 'Rengar', 'Syndra', 'Volibear')",0,2,2
"(""Kai'Sa"", 'Nautilus', 'Ryze', 'Urgot', 'Viego')",0,2,2
"('Aatrox', ""Kai'Sa"", 'Nautilus', 'Nidalee', 'Qiyana')",0,2,2
"('Aatrox', 'Akshan', 'Braum', 'Elise', 'Ezreal')",0,2,2
"('Renekton', 'Taliyah', 'Tristana', 'Yuumi', 'Zeri')",2,0,2
"('Ashe', 'Fiora', 'Katarina', 'Nidalee', 'Skarner')",2,0,2
"('Aatrox', 'Fiddlesticks', ""Kai'Sa"", 'Nautilus', 'Tristana')",2,0,2
"('Lillia', 'Pyke', 'Varus', 'Warwick', 'Zed')",0,2,2
"('Nidalee', 'Orianna', 'Pyke', 'Skarner', 'Zeri')",2,0,2
"('Gwen', 'Jayce', 'Nautilus', 'Taliyah', 'Xayah')",2,0,2
"('Bard', 'Irelia', 'Jax', 'Taliyah', 'Varus')",2,0,2
"('Gragas', 'Jinx', 'Taliyah', 'Thresh', 'Tristana')",2,0,2
"('Ashe', 'Karthus', 'Katarina', 'Rell', 'Twisted Fate')",2,0,2
"('Corki', 'Nautilus', 'Nidalee', 'Nilah', 'Volibear')",2,0,2
"(""Kha'Zix"", 'Skarner', 'Thresh', 'Zeri', 'Zoe')",2,0,2
"('Gragas', 'Hwei', ""Kai'Sa"", 'Poppy', 'Thresh')",0,2,2
"(""Kai'Sa"", 'Karthus', 'Lulu', 'Pantheon', 'Thresh')",2,0,2
"('Camille', ""Kai'Sa"", 'Viego', 'Warwick', 'Xerath')",2,0,2
"('Azir', ""Kai'Sa"", 'Nautilus', 'Riven', 'Xin Zhao')",0,2,2
"('Aatrox', 'Jhin', 'Lillia', 'Seraphine', 'Zac')",0,2,2
"('Draven', 'Lulu', 'Nautilus', 'Syndra', 'Viego')",0,2,2
"('Braum', 'Ezreal', 'Kennen', 'Kindred', 'LeBlanc')",2,0,2
"('Draven', 'Katarina', 'Lee Sin', 'Thresh', 'Twisted Fate')",2,0,2
"('Galio', 'Kindred', 'Renekton', 'Thresh', 'Zeri')",2,0,2
"('Ashe', 'Jinx', 'Kennen', 'Lillia', 'Tristana')",2,0,2
"('Aatrox', 'Jinx', 'Nidalee', 'Qiyana', 'Thresh')",2,0,2
"('Akshan', 'Ekko', 'Jinx', 'Karma', 'Skarner')",0,2,2
"('Braum', 'Corki', 'Lissandra', 'Pantheon', 'Viego')",0,2,2
"('Camille', 'Corki', 'Elise', 'Seraphine', 'Tristana')",0,2,2
"('Aurelion Sol', 'Camille', 'Kalista', 'Taliyah', 'Thresh')",0,2,2
"('Ashe', 'Aurelion Sol', ""K'Sante"", 'Nautilus', 'Nidalee')",2,0,2
"('Ashe', 'Jax', 'Lissandra', 'Varus', 'Vi')",2,0,2
"('Alistar', 'Corki', 'Master Yi', 'Rumble', 'Varus')",2,0,2
"('Corki', 'Nautilus', 'Rumble', 'Senna', 'Skarner')",2,0,2
"('Cassiopeia', 'Jinx', 'Nidalee', 'Senna', 'Yone')",0,2,2
"('Jax', ""Kai'Sa"", 'Nautilus', 'Rumble', 'Zed')",0,2,2
"('Kled', 'Nautilus', 'Taliyah', 'Tristana', 'Yone')",2,0,2
"('Alistar', 'Jinx', 'Kled', 'Nidalee', 'Tristana')",2,0,2
"('Brand', 'Camille', 'Corki', 'Jayce', 'Yasuo')",2,0,2
"('Aphelios', 'Hwei', 'Kennen', 'Neeko', 'Xin Zhao')",2,0,2
"('Alistar', 'Hwei', ""Kai'Sa"", ""Rek'Sai"", 'Rumble')",2,0,2
"('Ashe', 'Galio', 'Gragas', 'Kled', 'Lee Sin')",2,0,2
"('Ashe', 'Galio', 'Lillia', ""Rek'Sai"", 'Talon')",0,2,2
"('Ashe', 'Brand', 'Jayce', 'Nautilus', 'Skarner')",0,2,2
"('Jhin', 'Nautilus', 'Taliyah', 'Twisted Fate', 'Yasuo')",0,2,2
"('Akshan', 'Corki', 'Lee Sin', 'Rell', 'Urgot')",0,2,2
"('Blitzcrank', 'Jax', 'Nidalee', 'Twisted Fate', 'Varus')",2,0,2
"('Jinx', 'LeBlanc', 'Lee Sin', 'Nautilus', 'Riven')",0,2,2
"('Ashe', ""Bel'Veth"", 'Lillia', 'Nautilus', 'Qiyana')",0,2,2
"('Aatrox', 'Irelia', 'Jhin', 'Karthus', 'Skarner')",0,2,2
"('Camille', 'Corki', 'Katarina', 'Lux', 'Rengar')",0,2,2
"(""Kai'Sa"", 'LeBlanc', 'Rengar', 'Skarner', 'Zac')",2,0,2
"('Ashe', 'Gragas', 'LeBlanc', 'Lee Sin', 'Seraphine')",0,2,2
"(""Kha'Zix"", 'LeBlanc', 'Leona', 'Samira', 'Skarner')",2,0,2
"('Jayce', 'Jinx', 'LeBlanc', 'Lulu', 'Viego')",0,2,2
"('Camille', 'Sejuani', 'Skarner', ""Vel'Koz"", 'Yone')",2,0,2
"('Jhin', 'Pantheon', 'Taliyah', 'Yone', 'Zyra')",2,0,2
"('Corki', 'Kennen', 'LeBlanc', 'Rell', 'Xin Zhao')",0,2,2
"('Akali', 'Aphelios', 'Gragas', 'Kindred', 'Rell')",2,0,2
"(""Kog'Maw"", 'LeBlanc', 'Pantheon', 'Xin Zhao', 'Zilean')",2,0,2
"('Caitlyn', 'Camille', 'Dr. Mundo', 'Ivern', 'LeBlanc')",2,0,2
"('Caitlyn', 'Dr. Mundo', 'LeBlanc', 'Rengar', 'Thresh')",0,2,2
"('Akali', 'Jinx', 'Kennen', 'Poppy', 'Skarner')",2,0,2
"('Graves', 'Hwei', ""Kai'Sa"", 'Nautilus', 'Renekton')",2,0,2
"('Hwei', ""K'Sante"", 'Nilah', 'Pyke', 'Udyr')",0,2,2
"('Camille', 'Jinx', 'Nidalee', 'Rumble', 'Zed')",0,2,2
"('Camille', ""Kai'Sa"", 'Maokai', 'Taliyah', 'Tristana')",2,0,2
"('Ahri', 'Gragas', 'Lucian', 'Nami', 'Vi')",0,2,2
"('Cassiopeia', 'Graves', 'LeBlanc', 'Nautilus', 'Zeri')",0,2,2
"('Camille', 'LeBlanc', 'Rakan', 'Varus', 'Xin Zhao')",0,2,2
"('Ashe', 'Nautilus', 'Taliyah', 'Tryndamere', 'Twisted Fate')",2,0,2
"('Graves', 'Hwei', 'LeBlanc', 'Twisted Fate', 'Varus')",2,0,2
"('Hwei', 'Jax', 'Nautilus', 'Sivir', 'Viego')",2,0,2
"('Fiddlesticks', 'Rakan', 'Vayne', 'Xayah', 'Yone')",2,0,2
"('Ahri', ""Cho'Gath"", 'Rakan', 'Twisted Fate', 'Viego')",2,0,2
"('Corki', 'Jax', 'Nidalee', 'Rell', 'Tristana')",0,2,2
"('Caitlyn', 'Gragas', 'Graves', 'Nautilus', 'Twisted Fate')",0,2,2
"('Caitlyn', 'Graves', ""K'Sante"", 'Rumble', 'Veigar')",2,0,2
"('Camille', 'Hwei', 'Kindred', 'Varus', 'Vladimir')",2,0,2
"('Aatrox', 'Alistar', 'Irelia', 'Jhin', 'Lillia')",2,0,2
"('Hwei', 'Kayle', 'Lee Sin', 'Thresh', 'Varus')",2,0,2
"('Corki', 'Graves', 'Hwei', 'Illaoi', 'Rell')",2,0,2
"('Camille', 'Irelia', 'Jinx', 'Lulu', 'Nidalee')",0,2,2
"('Camille', 'Corki', 'Gnar', ""Kai'Sa"", 'Taliyah')",0,2,2
"('Hwei', 'Kalista', 'Lee Sin', 'Pyke', 'Sejuani')",2,0,2
"('Camille', 'Gragas', 'Graves', 'Kalista', 'Neeko')",0,2,2
"('Ashe', 'Jax', 'Pyke', 'Taliyah', 'Tristana')",2,0,2
"('Aatrox', 'Ashe', 'Gragas', 'Graves', 'Lulu')",2,0,2
"('Bard', 'Dr. Mundo', 'Nunu & Willump', 'Rumble', 'Tristana')",2,0,2
"('Ashe', 'Aurelion Sol', 'Jayce', ""Rek'Sai"", 'Varus')",0,2,2
"('Aatrox', 'Ahri', 'Ashe', 'Blitzcrank', 'Sejuani')",0,2,2
"('Illaoi', ""Kai'Sa"", 'Lee Sin', 'Nunu & Willump', 'Seraphine')",2,0,2
"('Corki', 'Rell', 'Rumble', 'Tryndamere', 'Xerath')",2,0,2
"('Corki', 'Ekko', 'Qiyana', 'Rakan', 'Skarner')",0,2,2
"('Alistar', 'Diana', 'Jax', 'Jinx', 'Yasuo')",0,2,2
"('Corki', 'Jax', 'LeBlanc', 'Rell', 'Viego')",2,0,2
"('Hwei', 'Kindred', 'Pyke', 'Skarner', 'Varus')",2,0,2
"('Corki', 'Jayce', 'Karthus', 'Nautilus', 'Zoe')",0,2,2
"('Fiora', 'Gragas', 'Hwei', ""Kha'Zix"", 'Varus')",0,2,2
"('Azir', 'Hwei', 'Skarner', 'Varus', 'Viego')",2,0,2
"('Brand', ""K'Sante"", 'Kalista', 'Kayn', 'Rell')",0,2,2
"('Aurelion Sol', 'Nidalee', 'Renekton', 'Varus', 'Xerath')",0,2,2
"('Hwei', 'Lee Sin', 'Nasus', 'Rakan', 'Twitch')",2,0,2
"('Fiddlesticks', ""Kai'Sa"", 'Pyke', 'Tristana', 'Tryndamere')",2,0,2
"('Skarner', 'Talon', 'Twitch', 'Zac', 'Zyra')",2,0,2
"('Hecarim', 'Kalista', 'Nautilus', 'Skarner', 'Viktor')",2,0,2
"('Blitzcrank', 'Gragas', 'Graves', 'Jax', 'Tristana')",0,2,2
"('Caitlyn', 'Hwei', 'Lee Sin', 'Poppy', 'Seraphine')",2,0,2
"('Alistar', 'Hwei', ""Kai'Sa"", 'Ornn', 'Viego')",2,0,2
"('Aurelion Sol', 'Jinx', 'Lee Sin', 'Skarner', 'Thresh')",2,0,2
"('Jayce', 'Kalista', 'Nidalee', 'Pantheon', 'Taric')",0,2,2
"('Ashe', 'Gnar', 'Kalista', 'LeBlanc', 'Xin Zhao')",0,2,2
"('Aatrox', 'Blitzcrank', ""Kai'Sa"", 'Master Yi', 'Twisted Fate')",2,0,2
"('Azir', 'Kalista', ""Kha'Zix"", 'Rell', 'Rumble')",2,0,2
"('Akshan', 'Irelia', ""Kai'Sa"", 'Nautilus', 'Taliyah')",2,0,2
"('Bard', 'Camille', 'Galio', 'Jax', 'Zeri')",2,0,2
"('Alistar', 'Ashe', 'Lulu', 'Vex', 'Viego')",0,2,2
"('Ashe', 'Cassiopeia', 'Hecarim', 'Ornn', 'Vayne')",0,2,2
"('Aphelios', 'Hwei', 'Illaoi', 'Milio', 'Rengar')",0,2,2
"('Aurelion Sol', ""Bel'Veth"", 'Caitlyn', 'Jayce', 'Lux')",0,2,2
"('Caitlyn', 'Heimerdinger', 'Karthus', 'Lux', 'Yasuo')",0,2,2
"('Dr. Mundo', 'Jayce', 'Lillia', 'Rumble', 'Varus')",0,2,2
"('Kalista', 'Olaf', 'Talon', 'Taric', 'Zac')",2,0,2
"('Ashe', 'Jayce', 'Lillia', 'Poppy', 'Rumble')",2,0,2
"('Jinx', ""Kha'Zix"", 'Lissandra', 'Nautilus', 'Skarner')",0,2,2
"('Brand', 'Gnar', 'Jayce', ""Kai'Sa"", 'Nautilus')",0,2,2
"('Ezreal', 'Galio', 'Gnar', 'Graves', 'Thresh')",0,2,2
"('Ashe', 'Gnar', 'Irelia', 'Taliyah', 'Taric')",0,2,2
"('Draven', 'Lillia', 'Ornn', 'Rell', 'Tristana')",2,0,2
"('Jayce', ""Kai'Sa"", 'Lee Sin', 'Neeko', 'Rell')",2,0,2
"('Aatrox', 'Ashe', ""Kha'Zix"", 'Nautilus', 'Orianna')",0,2,2
"('Jax', 'Lee Sin', 'Lux', 'Rakan', 'Zeri')",2,0,2
"('Ashe', 'Camille', 'Lee Sin', 'Neeko', 'Seraphine')",2,0,2
"('Neeko', 'Rell', 'Tryndamere', 'Twisted Fate', 'Viego')",0,2,2
"('Diana', 'Seraphine', 'Viego', 'Yasuo', 'Zeri')",0,2,2
"('Hwei', 'Rumble', 'Thresh', 'Viego', 'Zeri')",1,1,2
"('Aatrox', 'Katarina', ""Kog'Maw"", 'Lillia', 'Rakan')",0,2,2
"('Graves', ""Kai'Sa"", 'Nautilus', 'Neeko', 'Urgot')",0,2,2
"('Ashe', 'Senna', 'Viego', 'Yasuo', 'Zoe')",2,0,2
"('Alistar', 'Draven', 'Gragas', 'Nidalee', 'Tristana')",2,0,2
"('Hwei', ""Kai'Sa"", 'Kennen', 'Rell', 'Viego')",0,2,2
"('Graves', 'Kalista', 'Syndra', 'Taric', 'Warwick')",2,0,2
"('Hwei', 'Kennen', 'Lee Sin', 'Lulu', 'Zeri')",0,2,2
"('Alistar', 'Hwei', 'Lee Sin', 'Twisted Fate', 'Warwick')",2,0,2
"('LeBlanc', 'Senna', 'Sett', 'Skarner', 'Swain')",2,0,2
"('Nidalee', 'Pantheon', 'Qiyana', 'Seraphine', 'Varus')",2,0,2
"('Ashe', 'Bard', 'LeBlanc', ""Rek'Sai"", 'Volibear')",2,0,2
"('Alistar', 'Corki', 'Nidalee', 'Skarner', 'Zeri')",0,2,2
"('Graves', 'Hwei', 'Jinx', 'LeBlanc', 'Skarner')",2,0,2
"('Draven', 'Jayce', 'Pantheon', 'Rell', 'Twisted Fate')",2,0,2
"('Jinx', 'Maokai', 'Nidalee', 'Shen', 'Tristana')",2,0,2
"('Alistar', 'Ashe', 'Hwei', 'Kindred', 'Skarner')",2,0,2
"('Alistar', 'Aurelion Sol', ""Kai'Sa"", 'Nasus', 'Pantheon')",2,0,2
"('Ahri', 'Corki', 'Kennen', 'Lee Sin', 'Leona')",2,0,2
"('Aphelios', 'Azir', ""Bel'Veth"", 'Jax', 'Sett')",0,2,2
"(""Bel'Veth"", 'Kled', 'LeBlanc', 'Skarner', 'Varus')",0,2,2
"(""Cho'Gath"", 'Graves', 'Poppy', 'Viktor', 'Volibear')",2,0,2
"('Brand', 'Graves', 'Kennen', 'Seraphine', 'Zeri')",0,2,2
"('Brand', 'Gangplank', 'Jhin', 'Karthus', 'Nautilus')",0,2,2
"('Aatrox', 'Bard', 'Brand', 'Caitlyn', 'Lee Sin')",0,2,2
"('Braum', 'Camille', 'Jinx', 'Lee Sin', 'Orianna')",2,0,2
"('Camille', 'Diana', 'Graves', 'Skarner', 'Vayne')",0,2,2
"('Ashe', 'Camille', 'Dr. Mundo', 'Karthus', 'Yone')",0,2,2
"('Jinx', ""K'Sante"", 'Nidalee', 'Rell', 'Yasuo')",2,0,2
"('Irelia', 'Jax', 'Jayce', 'Jinx', 'Lillia')",0,2,2
"('Alistar', 'Anivia', 'Hecarim', 'Jhin', 'Renekton')",2,0,2
"('Kalista', 'Renata Glasc', 'Rumble', 'Viego', 'Yone')",2,0,2
"('Ahri', 'Camille', 'Hecarim', 'Jinx', 'Nautilus')",2,0,2
"('Jax', 'Rumble', 'Skarner', 'Twitch', 'Zed')",2,0,2
"('Heimerdinger', ""Kai'Sa"", 'Master Yi', 'Sylas', 'Thresh')",0,2,2
"('Aatrox', 'Hwei', 'LeBlanc', 'Lucian', 'Viego')",0,2,2
"(""Kai'Sa"", ""Kha'Zix"", 'Rakan', 'Twisted Fate', 'Zed')",0,2,2
"('Jax', 'Kennen', 'Lucian', 'Nami', 'Yasuo')",2,0,2
"('Illaoi', ""Kai'Sa"", ""Kha'Zix"", 'Lux', 'Nami')",2,0,2
"('Aurelion Sol', ""Kai'Sa"", 'Kindred', 'Nami', 'Poppy')",2,0,2
"(""Kai'Sa"", 'Kennen', 'Rakan', 'Taliyah', 'Tristana')",2,0,2
"('Braum', 'Lucian', 'Mordekaiser', 'Orianna', 'Rengar')",0,2,2
"('Ezreal', 'Malzahar', 'Nautilus', ""Rek'Sai"", 'Tryndamere')",0,2,2
"('Kennen', 'Lucian', 'Pyke', 'Sylas', 'Viego')",2,0,2
"('Hwei', 'Lee Sin', 'Lucian', 'Nami', 'Riven')",2,0,2
"(""Bel'Veth"", 'Gangplank', 'Orianna', 'Seraphine', 'Zeri')",2,0,2
"('Draven', 'Karthus', 'Lulu', 'Riven', 'Tristana')",2,0,2
"('Ahri', 'Jax', ""Kha'Zix"", 'Rell', 'Varus')",2,0,2
"('Hwei', 'Nidalee', 'Renekton', 'Thresh', 'Varus')",2,0,2
"('Fiddlesticks', 'Jhin', ""K'Sante"", 'Pyke', 'Viego')",2,0,2
"('Brand', 'Renekton', 'Shaco', 'Smolder', 'Yone')",0,2,2
"('Ashe', 'Master Yi', 'Skarner', 'Thresh', 'Zoe')",2,0,2
"('Graves', 'Jhin', 'Katarina', 'Neeko', 'Olaf')",0,2,2
"('Anivia', 'Camille', 'Graves', 'Jhin', 'Pyke')",0,2,2
"('Aatrox', 'Kalista', 'LeBlanc', 'Lee Sin', 'Taric')",2,0,2
"('Nautilus', 'Orianna', 'Skarner', 'Tristana', 'Viego')",0,2,2
"('Jayce', ""K'Sante"", 'Lillia', 'Lulu', 'Xayah')",2,0,2
"('Gragas', 'Graves', 'Jinx', 'Rumble', 'Thresh')",2,0,2
"('Cassiopeia', 'Galio', 'Kalista', 'Kindred', 'Renata Glasc')",0,2,2
"('Corki', 'LeBlanc', 'Lux', 'Poppy', 'Viego')",0,2,2
"('Hwei', ""K'Sante"", 'LeBlanc', 'Lee Sin', 'Lucian')",2,0,2
"('Caitlyn', 'Corki', 'Lillia', 'Lux', 'Skarner')",0,2,2
"('Kled', 'Lee Sin', 'Rakan', 'Twisted Fate', 'Twitch')",0,2,2
"('LeBlanc', 'Rakan', 'Shaco', 'Skarner', 'Zeri')",2,0,2
"('Aurelion Sol', 'Hwei', 'Kalista', ""Rek'Sai"", 'Renekton')",2,0,2
"('Jax', 'Jhin', 'Lee Sin', 'Nami', 'Zoe')",0,2,2
"('Ashe', 'Karma', 'Karthus', 'Lulu', 'Talon')",2,0,2
"('Aatrox', 'Hwei', ""Kai'Sa"", 'Naafiri', 'Pantheon')",2,0,2
"('Jinx', ""Kha'Zix"", 'LeBlanc', 'Nautilus', 'Tryndamere')",0,2,2
"('Lucian', 'Pantheon', 'Rumble', 'Taliyah', 'Taric')",2,0,2
"(""Bel'Veth"", ""Kai'Sa"", 'Nautilus', 'Taliyah', 'Viego')",2,0,2
"(""Bel'Veth"", ""Kai'Sa"", 'Rumble', 'Taliyah', 'Taric')",0,2,2
"('Galio', 'Hecarim', ""Kai'Sa"", 'Pyke', 'Yasuo')",2,0,2
"(""Kai'Sa"", 'Kindred', 'LeBlanc', 'Leona', 'Twisted Fate')",0,2,2
"('Ashe', 'Ezreal', 'Jayce', 'Karthus', 'Pyke')",0,2,2
"('Aphelios', 'Leona', 'Tryndamere', 'Viego', 'Zac')",0,2,2
"('Cassiopeia', 'Corki', 'Jax', 'Leona', 'Viego')",0,2,2
"('Ahri', 'Ashe', 'Leona', 'Mordekaiser', 'Viego')",2,0,2
"('Ashe', 'Kindred', 'LeBlanc', 'Varus', 'Viego')",0,2,2
"(""Kai'Sa"", 'Neeko', ""Rek'Sai"", 'Twisted Fate', 'Vi')",0,2,2
"('Camille', 'Cassiopeia', 'Corki', 'Volibear', 'Yone')",2,0,2
"('Blitzcrank', 'Jinx', 'Lee Sin', 'Sylas', 'Zed')",0,2,2
"('Jax', 'Nautilus', 'Nidalee', 'Varus', 'Yone')",1,1,2
"('Corki', 'Graves', 'Lissandra', 'Nautilus', 'Skarner')",0,2,2
"('Corki', 'Malphite', 'Nautilus', 'Poppy', 'Taliyah')",0,2,2
"('Ashe', 'Cassiopeia', 'Graves', ""K'Sante"", 'Thresh')",2,0,2
"('Rakan', 'Rumble', 'Shaco', 'Tryndamere', 'Zeri')",0,2,2
"('Azir', ""Kha'Zix"", 'Seraphine', 'Sivir', 'Skarner')",0,2,2
"('Ahri', 'Alistar', 'Corki', 'Jax', 'Jayce')",2,0,2
"('Ashe', 'Kalista', 'Rumble', 'Skarner', 'Vex')",0,2,2
"('Akshan', 'Ekko', 'Jhin', 'Poppy', 'Shen')",0,2,2
"('Ashe', 'Aurelion Sol', 'Kennen', 'Kindred', 'Maokai')",2,0,2
"('Ashe', 'Brand', 'Nautilus', 'Poppy', 'Tristana')",2,0,2
"('Jinx', 'Nautilus', ""Rek'Sai"", 'Syndra', 'Twisted Fate')",2,0,2
"('Ashe', 'Aurelion Sol', 'Pantheon', 'Thresh', 'Volibear')",2,0,2
"('Hwei', 'Kennen', 'Pantheon', 'Rakan', 'Zeri')",2,0,2
"('Alistar', 'LeBlanc', 'Rumble', 'Smolder', 'Viego')",0,2,2
"('Akali', 'Corki', 'Fiddlesticks', 'Jhin', 'Senna')",2,0,2
"('Camille', 'Corki', 'Nunu & Willump', 'Rumble', 'Skarner')",0,2,2
"('Camille', 'Corki', 'Nautilus', 'Viego', 'Warwick')",2,0,2
"('Alistar', 'Jinx', 'Katarina', 'Pantheon', ""Rek'Sai"")",2,0,2
"('Braum', 'Corki', 'LeBlanc', 'Pantheon', 'Sylas')",2,0,2
"('Senna', 'Sylas', 'Taliyah', 'Tryndamere', 'Varus')",2,0,2
"('Jinx', 'Kennen', 'Nautilus', 'Viego', 'Yasuo')",0,2,2
"('Braum', 'Corki', 'Graves', 'Rumble', 'Varus')",0,2,2
"('Corki', 'Fiddlesticks', 'Rell', 'Rumble', 'Tristana')",2,0,2
"('Alistar', 'Ezreal', 'Lissandra', ""Rek'Sai"", 'Twisted Fate')",0,2,2
"('Ashe', 'Galio', 'Karthus', 'Nautilus', 'Viego')",2,0,2
"('Aatrox', 'Ashe', 'Kindred', 'LeBlanc', 'Seraphine')",2,0,2
"('Ashe', 'Camille', 'Hwei', 'Lee Sin', 'Leona')",2,0,2
"('Ashe', 'Fiora', 'Kalista', ""Kha'Zix"", 'Twisted Fate')",0,2,2
"('Caitlyn', 'Fiora', 'Galio', 'Janna', 'Kindred')",0,2,2
"(""Bel'Veth"", 'Diana', 'Ezreal', 'Garen', 'Janna')",0,2,2
"('Gragas', ""Kha'Zix"", 'Sivir', 'Yasuo', 'Zyra')",0,2,2
"('Jhin', 'Nautilus', 'Nidalee', 'Renekton', 'Twisted Fate')",2,0,2
"('Akali', 'Jhin', 'Qiyana', ""Rek'Sai"", 'Rumble')",2,0,2
"('Alistar', 'Gragas', 'Jinx', 'Lillia', 'Talon')",2,0,2
"('Annie', 'Camille', 'Jax', ""Kai'Sa"", 'Lee Sin')",2,0,2
"('Akali', ""Bel'Veth"", ""Kai'Sa"", 'Pyke', 'Taliyah')",0,2,2
"(""Kai'Sa"", 'Nautilus', 'Pantheon', 'Rumble', 'Yone')",2,0,2
"(""K'Sante"", ""Kai'Sa"", 'LeBlanc', 'Nautilus', 'Xin Zhao')",2,0,2
"('Camille', 'Karthus', 'Rakan', 'Renekton', 'Zeri')",0,2,2
"('Alistar', 'Lillia', 'Tristana', 'Twisted Fate', 'Zeri')",2,0,2
"('Gnar', ""Kai'Sa"", 'LeBlanc', 'Leona', 'Pantheon')",0,2,2
"('Diana', 'Jarvan IV', 'Jayce', 'Sivir', 'Taliyah')",0,2,2
"('Aphelios', 'Nidalee', 'Renekton', 'Taric', 'Yone')",2,0,2
"('Graves', 'LeBlanc', 'Rell', 'Skarner', 'Varus')",2,0,2
"('Gragas', 'Hwei', 'Nilah', 'Pantheon', 'Rell')",0,2,2
"('Draven', 'Hwei', 'Jayce', 'Lee Sin', 'Nautilus')",2,0,2
"('Ekko', ""K'Sante"", ""Kai'Sa"", 'Katarina', 'Nautilus')",0,2,2
"('Akshan', 'Ashe', 'Lee Sin', 'Rumble', 'Seraphine')",2,0,2
"('Graves', ""Kai'Sa"", 'LeBlanc', 'Lulu', 'Quinn')",0,2,2
"('Ashe', 'Elise', 'Lucian', 'Neeko', 'Vex')",2,0,2
"('Ahri', 'Ashe', 'Jayce', 'Lee Sin', 'Rumble')",2,0,2
"('Akali', 'Aurelion Sol', 'Jinx', 'Pantheon', 'Thresh')",2,0,2
"('Aatrox', 'Ivern', 'Rakan', 'Sivir', 'Yasuo')",0,2,2
"('Akali', 'Alistar', 'Gragas', ""Kai'Sa"", 'Pantheon')",2,0,2
"('Alistar', 'Kayn', 'Ornn', 'Syndra', 'Zeri')",2,0,2
"('Alistar', 'Ashe', 'Jax', 'Katarina', 'Pantheon')",0,2,2
"('Jayce', 'Nautilus', 'Nidalee', 'Twisted Fate', 'Zeri')",2,0,2
"('Kassadin', 'Kindred', 'Senna', 'Seraphine', 'Skarner')",0,2,2
"('Aatrox', 'Diana', ""Kai'Sa"", 'Kindred', 'Nautilus')",0,2,2
"('Gragas', 'Jayce', 'Rengar', 'Rumble', 'Varus')",0,2,2
"('Lee Sin', 'Nautilus', 'Samira', 'Taliyah', 'Warwick')",2,0,2
"('Ahri', 'Jax', 'Rell', 'Rengar', 'Varus')",2,0,2
"('Aphelios', 'Irelia', 'Kennen', 'Nautilus', ""Rek'Sai"")",2,0,2
"('Camille', ""Kai'Sa"", 'Rumble', 'Udyr', 'Yone')",2,0,2
"('Aurelion Sol', 'Bard', 'Jhin', 'Kayn', 'Skarner')",2,0,2
"('Jayce', 'Lillia', 'Lulu', 'Tristana', 'Zeri')",2,0,2
"('Gnar', 'Jhin', 'LeBlanc', ""Rek'Sai"", 'Zyra')",2,0,2
"('Blitzcrank', 'Gragas', 'Lee Sin', 'Qiyana', 'Zeri')",2,0,2
"('Ahri', 'Dr. Mundo', 'Graves', 'Thresh', 'Twitch')",2,0,2
"('Ahri', 'Graves', 'Rakan', 'Twitch', 'Warwick')",2,0,2
"('Gnar', 'Jinx', 'Kindred', 'Thresh', 'Vex')",2,0,2
"('Ahri', 'Alistar', 'Graves', 'Mordekaiser', 'Varus')",2,0,2
"('Ashe', 'Kindred', 'Renata Glasc', 'Skarner', 'Xerath')",2,0,2
"('Caitlyn', 'LeBlanc', 'Lux', 'Skarner', 'Xin Zhao')",2,0,2
"(""Kai'Sa"", 'Master Yi', 'Nasus', 'Nautilus', 'Syndra')",2,0,2
"('Akali', ""Rek'Sai"", 'Skarner', 'Twisted Fate', 'Zeri')",0,2,2
"('Lucian', 'Nami', 'Nidalee', 'Skarner', 'Twisted Fate')",2,0,2
"(""Kai'Sa"", 'Nautilus', 'Rengar', 'Rumble', 'Viktor')",0,2,2
"(""Kai'Sa"", 'Kled', 'Lee Sin', 'Rell', 'Viktor')",0,2,2
"('Ahri', 'Draven', 'Graves', ""K'Sante"", 'Pyke')",0,2,2
"('Jhin', 'Lissandra', 'Rakan', 'Riven', 'Xin Zhao')",2,0,2
"('Graves', 'Jhin', 'Leona', 'Neeko', 'Riven')",0,2,2
"('Jhin', 'Neeko', 'Pantheon', 'Seraphine', 'Taliyah')",0,2,2
"('Ahri', 'Ashe', 'Dr. Mundo', 'Lulu', ""Rek'Sai"")",0,2,2
"('Ahri', 'Kled', 'Maokai', 'Nidalee', 'Varus')",0,2,2
"('Cassiopeia', 'Jhin', 'Kindred', 'Singed', 'Thresh')",2,0,2
"('Ashe', 'Hecarim', 'Jhin', ""K'Sante"", 'Rumble')",2,0,2
"('Jhin', 'Kennen', 'Lillia', 'Thresh', 'Tristana')",2,0,2
"('Aphelios', 'Lee Sin', 'Nasus', 'Nautilus', 'Vex')",0,2,2
"('Ashe', 'Gragas', 'Nidalee', 'Thresh', 'Tristana')",2,0,2
"('Irelia', 'Jayce', 'Jhin', 'Lillia', 'Rell')",2,0,2
"('Azir', 'Blitzcrank', 'Jhin', 'Renekton', 'Viego')",0,2,2
"('Brand', 'Jhin', 'LeBlanc', 'Malphite', 'Rakan')",2,0,2
"('Aurelion Sol', ""K'Sante"", 'Kalista', 'Thresh', 'Xin Zhao')",2,0,2
"('Alistar', 'Ashe', 'Gragas', 'Ivern', 'Jax')",0,2,2
"('Ashe', 'Rumble', 'Taliyah', 'Thresh', 'Zed')",2,0,2
"('Azir', 'Dr. Mundo', 'Senna', 'Seraphine', 'Viego')",2,0,2
"('Camille', 'Nidalee', 'Thresh', 'Varus', 'Yone')",2,0,2
"('Ahri', 'Amumu', 'Kalista', 'Renata Glasc', 'Riven')",2,0,2
"('Hecarim', 'Seraphine', 'Tryndamere', 'Varus', 'Zoe')",0,2,2
"('Diana', 'Jax', ""Rek'Sai"", 'Varus', 'Zoe')",0,2,2
"('Diana', 'Jinx', 'Sion', 'Thresh', 'Tristana')",0,2,2
"('Alistar', ""K'Sante"", 'Kayn', 'Twisted Fate', 'Zoe')",2,0,2
"('Ashe', 'Gragas', 'Leona', 'Lillia', 'Quinn')",0,2,2
"('Corki', 'Fiddlesticks', 'Graves', 'Nautilus', 'Skarner')",2,0,2
"('Lee Sin', 'Maokai', 'Nilah', 'Ryze', 'Tristana')",0,2,2
"('Corki', 'Evelynn', 'Nasus', 'Taric', 'Varus')",2,0,2
"('Ahri', 'Nautilus', 'Rumble', 'Samira', 'Xin Zhao')",0,2,2
"('Jinx', 'Lillia', 'Malphite', 'Thresh', 'Tryndamere')",2,0,2
"('Elise', 'Hwei', 'Tristana', 'Tryndamere', 'Viego')",0,2,2
"('Ashe', 'Gragas', 'Hwei', 'Master Yi', 'Rumble')",2,0,2
"('Ahri', 'Master Yi', 'Miss Fortune', 'Nautilus', 'Twisted Fate')",2,0,2
"('Caitlyn', 'Galio', 'Gwen', 'Master Yi', 'Seraphine')",2,0,2
"('Hwei', 'Jax', 'Jhin', 'Seraphine', 'Vi')",2,0,2
"('Ashe', 'Hwei', 'Kennen', 'Master Yi', 'Thresh')",2,0,2
"('Akshan', 'Elise', 'Lux', 'Varus', 'Volibear')",0,2,2
"('Ezreal', 'Gwen', 'Lissandra', 'Rengar', 'Seraphine')",0,2,2
"('Blitzcrank', ""Kai'Sa"", 'Master Yi', 'Rammus', 'Tristana')",0,2,2
"('Ashe', 'Nidalee', 'Rakan', 'Taliyah', 'Tryndamere')",0,2,2
"(""Cho'Gath"", 'Katarina', 'Kayn', 'Milio', 'Twisted Fate')",0,2,2
"('Akali', 'Graves', 'Jinx', ""K'Sante"", 'Nautilus')",2,0,2
"('Lee Sin', 'Leona', 'Nasus', 'Orianna', 'Varus')",2,0,2
"('Jhin', 'Kennen', 'Kindred', 'Senna', 'Tristana')",0,2,2
"(""Kai'Sa"", 'Karthus', 'Kennen', 'Nautilus', 'Yone')",2,0,2
"('Graves', ""K'Sante"", 'Pyke', 'Vex', 'Xerath')",2,0,2
"('Akshan', 'Braum', 'Corki', ""K'Sante"", 'Nidalee')",0,2,2
"('Gragas', ""Kai'Sa"", 'Malphite', 'Pantheon', 'Rakan')",0,2,2
"('Ashe', 'Braum', 'Darius', 'Taliyah', 'Viego')",0,2,2
"('Anivia', 'Jax', 'Jinx', 'Lee Sin', 'Seraphine')",2,0,2
"('Ashe', 'Bard', 'Elise', 'Sion', 'Skarner')",2,0,2
"('Ahri', 'Aphelios', 'Camille', 'Nidalee', 'Rakan')",2,0,2
"('Bard', 'Caitlyn', 'Galio', 'Lillia', 'Skarner')",0,2,2
"('Corki', ""K'Sante"", ""Kai'Sa"", 'Nautilus', 'Nidalee')",0,2,2
"('Ahri', 'Neeko', 'Skarner', 'Twisted Fate', 'Varus')",0,2,2
"('Fiddlesticks', 'Nautilus', 'Samira', 'Shen', 'Tristana')",2,0,2
"('Fiddlesticks', 'Gragas', ""K'Sante"", 'Tristana', 'Varus')",2,0,2
"('Ahri', ""K'Sante"", 'Nautilus', ""Rek'Sai"", 'Ziggs')",2,0,2
"('Gragas', 'Jhin', 'Nidalee', 'Qiyana', 'Senna')",2,0,2
"('Graves', 'Jhin', 'Malphite', 'Rumble', 'Yone')",2,0,2
"('Akali', ""Bel'Veth"", 'Jhin', 'Nautilus', ""Rek'Sai"")",2,0,2
"('Brand', 'Corki', 'Nautilus', 'Renekton', 'Tristana')",2,0,2
"('Camille', 'Corki', 'Nautilus', 'Qiyana', 'Taliyah')",2,0,2
"('Ahri', 'Alistar', 'Jinx', ""K'Sante"", 'Taliyah')",2,0,2
"('Akshan', 'Corki', 'Illaoi', 'Poppy', 'Taliyah')",2,0,2
"('Corki', 'Graves', 'Seraphine', 'Urgot', ""Vel'Koz"")",0,2,2
"('Corki', 'Nautilus', 'Sett', 'Taliyah', 'Yone')",2,0,2
"('Corki', 'Diana', 'Graves', 'Jayce', 'Leona')",2,0,2
"('Camille', 'Corki', 'Nidalee', 'Tristana', 'Udyr')",2,0,2
"('Anivia', 'Corki', 'Irelia', 'Maokai', 'Nidalee')",2,0,2
"('Corki', 'Gwen', 'Master Yi', 'Orianna', 'Thresh')",2,0,2
"('Corki', 'Maokai', 'Nasus', 'Taliyah', 'Yone')",2,0,2
"('Ahri', 'Ashe', ""K'Sante"", 'Karma', 'Lee Sin')",0,2,2
"('Aphelios', 'Gwen', 'Nautilus', 'Neeko', 'Viego')",0,2,2
"('Graves', 'Janna', 'Kennen', 'Miss Fortune', 'Udyr')",2,0,2
"('Aphelios', 'Karthus', 'Pantheon', 'Pyke', 'Tristana')",0,2,2
"('Corki', 'Gnar', 'Master Yi', 'Rakan', 'Syndra')",2,0,2
"(""K'Sante"", 'Lillia', 'Nautilus', 'Varus', 'Vex')",2,0,2
"('Corki', 'Karthus', 'Leona', 'Renekton', 'Tristana')",2,0,2
"('Corki', 'Jayce', ""Kha'Zix"", 'Rakan', 'Zoe')",0,2,2
"('Akali', 'Corki', 'Nidalee', 'Pyke', 'Sett')",2,0,2
"('Jax', 'Lillia', 'Rell', 'Tristana', 'Zeri')",0,2,2
"('Camille', 'Jayce', ""Kai'Sa"", 'Neeko', 'Nidalee')",2,0,2
"('Brand', 'Corki', 'Fiddlesticks', 'Gnar', 'Varus')",0,2,2
"('Hwei', 'Jinx', 'Olaf', 'Sett', 'Thresh')",2,0,2
"('Ashe', 'Jax', 'Lillia', 'Tristana', 'Zyra')",0,2,2
"('Jayce', ""Kai'Sa"", 'Nautilus', 'Renekton', 'Taliyah')",0,2,2
"('Ashe', 'Kennen', 'Lee Sin', 'Lissandra', 'Nautilus')",0,2,2
"('Aatrox', 'Ashe', 'LeBlanc', 'Lillia', 'Varus')",2,0,2
"('Ashe', 'Brand', 'Orianna', 'Thresh', 'Zed')",0,2,2
"('Aatrox', 'Blitzcrank', 'Lee Sin', 'Varus', 'Xerath')",0,2,2
"('Akshan', 'Gwen', 'Lillia', 'Nautilus', 'Samira')",2,0,2
"('Blitzcrank', 'Caitlyn', 'Hecarim', 'Katarina', 'Skarner')",0,2,2
"('Ashe', 'Graves', 'Nautilus', 'Rumble', 'Tristana')",0,2,2
"('Draven', 'Gragas', 'Riven', 'Taliyah', 'Tristana')",0,2,2
"('Corki', 'Galio', 'Rakan', 'Shaco', 'Twisted Fate')",2,0,2
"('Corki', 'Kayn', 'Kennen', 'Nautilus', 'Sylas')",0,2,2
"('Camille', 'Corki', ""Kai'Sa"", 'Poppy', 'Taliyah')",2,0,2
"('Alistar', 'Gragas', 'Jayce', 'Jhin', 'Nunu & Willump')",2,0,2
"('Cassiopeia', ""Kai'Sa"", 'Pyke', ""Rek'Sai"", 'Rumble')",0,2,2
"('Corki', 'Dr. Mundo', 'Jinx', 'Nidalee', 'Seraphine')",2,0,2
"('Gragas', 'Jhin', 'Katarina', 'Nautilus', 'Pantheon')",2,0,2
"('Aatrox', 'Ahri', 'Ezreal', 'Karma', 'Olaf')",2,0,2
"('Camille', 'Cassiopeia', 'Corki', 'Graves', 'Gwen')",2,0,2
"('Camille', 'Corki', 'Jayce', 'Nidalee', 'Pantheon')",0,2,2
"('Corki', 'Kalista', 'Sett', 'Taliyah', 'Thresh')",2,0,2
"('Braum', 'Lillia', 'Lucian', 'Poppy', 'Tristana')",0,2,2
"('Ahri', 'Kalista', 'Maokai', 'Vi', 'Volibear')",0,2,2
"('Leona', 'Mordekaiser', 'Nasus', 'Sivir', 'Taric')",0,2,2
"('Jinx', 'Rumble', 'Taliyah', 'Thresh', 'Wukong')",2,0,2
"('Akali', 'Camille', 'Jhin', 'Skarner', 'Taliyah')",2,0,2
"('Ezreal', 'Nunu & Willump', 'Skarner', 'Yasuo', 'Zoe')",0,2,2
"('Camille', 'Jhin', 'Lillia', 'Riven', 'Yone')",2,0,2
"('Jhin', 'Nautilus', 'Rumble', 'Taliyah', 'Viego')",0,2,2
"('Ahri', 'Bard', 'Corki', 'Gnar', 'Lee Sin')",2,0,2
"('Ashe', 'Brand', 'Ekko', 'Master Yi', 'Shen')",0,2,2
"('Jax', 'Nidalee', 'Seraphine', 'Tristana', 'Varus')",2,0,2
"('Aphelios', 'Jax', 'Taliyah', 'Thresh', 'Yasuo')",2,0,2
"('Ahri', 'Bard', 'Draven', 'Twisted Fate', 'Vi')",0,2,2
"('Ashe', 'Rengar', 'Seraphine', 'Shyvana', ""Vel'Koz"")",2,0,2
"('Ahri', 'Corki', 'Lucian', 'Nautilus', ""Rek'Sai"")",2,0,2
"('Aatrox', 'Ashe', 'Seraphine', 'Syndra', 'Viego')",2,0,2
"('Aurelion Sol', 'Camille', ""Kai'Sa"", 'Lee Sin', 'Skarner')",2,0,2
"('Akali', 'Kalista', 'Neeko', 'Riven', 'Xin Zhao')",2,0,2
"('Hwei', 'Seraphine', 'Skarner', 'Xin Zhao', 'Zeri')",0,2,2
"('Draven', 'Katarina', 'Maokai', 'Renekton', 'Xin Zhao')",0,2,2
"('Akshan', 'Gragas', 'Jinx', ""Rek'Sai"", 'Seraphine')",0,2,2
"('Brand', 'Jayce', 'Jhin', 'Qiyana', 'Skarner')",0,2,2
"('Camille', 'Jayce', ""Kai'Sa"", 'Poppy', 'Rumble')",0,2,2
"('Ahri', 'Cassiopeia', 'Corki', 'Poppy', ""Rek'Sai"")",2,0,2
"('Hwei', 'Master Yi', 'Poppy', 'Varus', 'Viego')",0,2,2
"('Corki', 'Nidalee', 'Seraphine', 'Varus', 'Zac')",0,2,2
"('Ahri', 'Darius', 'Jinx', 'Lee Sin', 'Rakan')",2,0,2
"('Lee Sin', 'Nautilus', 'Poppy', 'Rumble', 'Vayne')",2,0,2
"('Ashe', 'Garen', 'Graves', 'Hwei', 'Nautilus')",2,0,2
"('Aatrox', 'Ashe', 'Gnar', 'Nidalee', 'Varus')",0,2,2
"('Alistar', 'Aphelios', 'Mordekaiser', 'Nidalee', 'Yone')",0,2,2
"('Aphelios', 'Camille', 'Gnar', 'Lillia', 'Thresh')",2,0,2
"('Ahri', 'Rakan', 'Renekton', 'Viego', 'Zeri')",0,2,2
"('Ashe', 'Azir', 'Graves', 'Renekton', 'Sivir')",2,0,2
"('Blitzcrank', 'Gragas', 'Jarvan IV', 'Lucian', 'Orianna')",2,0,2
"('Azir', 'Renekton', 'Skarner', 'Yasuo', 'Yuumi')",0,2,2
"('Azir', 'Malphite', 'Rakan', ""Rek'Sai"", 'Varus')",0,2,2
"('Ahri', 'Pyke', 'Rumble', 'Varus', 'Viego')",2,0,2
"('Jayce', 'Jhin', 'Nocturne', 'Orianna', 'Thresh')",2,0,2
"('Ashe', 'Jayce', ""K'Sante"", 'Lillia', 'Rell')",0,2,2
"('Ashe', 'Graves', 'Hwei', 'Poppy', 'Seraphine')",0,2,2
"('Azir', ""Kai'Sa"", 'Kindred', 'Leona', 'Poppy')",0,2,2
"(""Bel'Veth"", 'Braum', 'Jayce', 'LeBlanc', 'Lucian')",2,0,2
"('Blitzcrank', ""Kai'Sa"", ""Rek'Sai"", 'Vayne', 'Zoe')",2,0,2
"('Akali', 'Graves', 'Jinx', 'Thresh', 'Tristana')",0,2,2
"('Hwei', 'Nidalee', 'Skarner', 'Varus', 'Yone')",2,0,2
"('Fiora', 'Jhin', 'Lee Sin', 'Neeko', 'Thresh')",2,0,2
"('Ahri', 'Ashe', 'Bard', 'Darius', 'Graves')",2,0,2
"('Ashe', 'Azir', 'Lillia', 'Pantheon', 'Pyke')",2,0,2
"('Cassiopeia', 'Jax', ""Kai'Sa"", 'Rell', 'Yone')",0,2,2
"('Akali', 'Cassiopeia', ""Kai'Sa"", 'Nautilus', 'Udyr')",2,0,2
"('Aphelios', 'Gragas', 'Graves', 'Lulu', ""Rek'Sai"")",2,0,2
"('Akshan', 'Caitlyn', ""K'Sante"", 'Morgana', 'Seraphine')",2,0,2
"('Azir', 'Lee Sin', 'Mordekaiser', 'Nautilus', 'Twisted Fate')",2,0,2
"('Azir', 'Nautilus', ""Rek'Sai"", 'Sett', 'Tristana')",0,2,2
"('Alistar', 'Azir', 'Nidalee', 'Nilah', 'Ornn')",2,0,2
"('Ashe', 'Cassiopeia', 'Graves', 'Nautilus', 'Ziggs')",2,0,2
"('Diana', 'Lulu', ""Rek'Sai"", 'Udyr', 'Varus')",0,2,2
"(""Kha'Zix"", 'Ornn', 'Seraphine', 'Thresh', 'Zeri')",0,2,2
"('Cassiopeia', 'Hwei', 'Kalista', 'Lee Sin', 'Neeko')",0,2,2
"('Azir', 'Hecarim', 'Rell', 'Rumble', 'Zeri')",0,2,2
"('Azir', 'Lulu', 'Poppy', 'Zac', 'Zeri')",0,2,2
"('Azir', 'Graves', 'Lucian', 'Nami', 'Skarner')",2,0,2
"('Elise', 'Lucian', 'Milio', 'Ornn', 'Tristana')",2,0,2
"('Azir', 'Graves', 'Skarner', 'Thresh', 'Twisted Fate')",2,0,2
"('Ashe', 'Cassiopeia', 'Hecarim', 'Hwei', 'Nautilus')",0,2,2
"('Cassiopeia', ""Kai'Sa"", 'Rakan', 'Twisted Fate', 'Viego')",2,0,2
"(""Kha'Zix"", 'Lucian', 'Renekton', 'Thresh', 'Twisted Fate')",2,0,2
"('Ashe', 'Blitzcrank', 'Lillia', 'Skarner', 'Talon')",2,0,2
"('Ekko', 'Nautilus', 'Renekton', 'Yone', 'Zeri')",0,2,2
"('Akshan', 'Irelia', 'Lucian', 'Nautilus', 'Nidalee')",0,2,2
"('Ahri', 'Irelia', 'Nautilus', 'Nidalee', 'Smolder')",2,0,2
"('Aphelios', 'Graves', 'Irelia', 'Sylas', 'Thresh')",2,0,2
"('Hecarim', 'Hwei', 'Rakan', 'Rumble', 'Xayah')",0,2,2
"('Alistar', 'Ashe', 'Irelia', 'Lee Sin', 'Malzahar')",0,2,2
"('Corki', ""K'Sante"", 'Nautilus', 'Talon', 'Zyra')",2,0,2
"('Corki', 'Lillia', 'Ornn', 'Pyke', 'Yasuo')",0,2,2
"('Akshan', 'Cassiopeia', 'Jinx', 'Master Yi', 'Nautilus')",2,0,2
"('Jayce', ""Kai'Sa"", 'Nautilus', 'Orianna', 'Skarner')",2,0,2
"('Aphelios', 'Irelia', 'Nidalee', 'Poppy', 'Rumble')",0,2,2
"('Karthus', 'Nautilus', 'Samira', 'Sett', 'Yone')",2,0,2
"(""K'Sante"", 'Kindred', 'Rell', 'Sivir', 'Taliyah')",0,2,2
"('Corki', 'Jinx', ""K'Sante"", 'Lillia', 'Rumble')",2,0,2
"('Ahri', 'Camille', 'Graves', 'Nilah', 'Pyke')",0,2,2
"('Alistar', ""Kai'Sa"", 'Lillia', 'Skarner', 'Yone')",2,0,2
"('Caitlyn', 'Corki', 'Irelia', 'Lillia', 'Taric')",2,0,2
"('Cassiopeia', 'Gragas', 'Irelia', 'Poppy', 'Viego')",2,0,2
"('Corki', 'Irelia', ""Kai'Sa"", 'Nidalee', 'Rell')",0,2,2
"('Blitzcrank', 'Cassiopeia', 'Udyr', 'Varus', 'Zoe')",0,2,2
"(""Bel'Veth"", 'Irelia', ""Kai'Sa"", 'Pyke', 'Rumble')",0,2,2
"('Akshan', 'Ashe', 'Dr. Mundo', 'Nautilus', 'Nidalee')",0,2,2
"('Ashe', 'Fiora', 'Lulu', 'Viego', 'Zed')",2,0,2
"('Ashe', ""Cho'Gath"", 'Graves', 'Renekton', 'Xerath')",0,2,2
"('Draven', 'Jayce', 'Katarina', 'Rumble', 'Thresh')",0,2,2
"('Galio', 'Jayce', ""Kai'Sa"", 'Kindred', 'Nautilus')",0,2,2
"('Nautilus', 'Nidalee', 'Renekton', 'Tryndamere', 'Zeri')",2,0,2
"('Ashe', 'Jax', 'Soraka', 'Taliyah', 'Tristana')",0,2,2
"('Ashe', 'Cassiopeia', 'Graves', 'Kled', 'Thresh')",0,2,2
"('Ahri', 'Ashe', 'Rumble', 'Seraphine', 'Viego')",2,0,2
"('Akali', 'Lee Sin', 'Smolder', 'Thresh', 'Zac')",0,2,2
"(""Bel'Veth"", 'Cassiopeia', 'Rell', 'Vex', 'Zeri')",2,0,2
"('Ashe', 'Gragas', 'Jax', 'Rell', 'Viego')",2,0,2
"('Fiddlesticks', 'Irelia', 'Kalista', 'Renata Glasc', 'Sylas')",2,0,2
"('Cassiopeia', 'Malphite', 'Seraphine', 'Varus', 'Viego')",2,0,2
"('Irelia', ""Kai'Sa"", 'Neeko', 'Pyke', ""Rek'Sai"")",0,2,2
"('Azir', 'Caitlyn', 'Graves', 'Gwen', 'Leona')",0,2,2
"('Azir', 'Corki', 'Pantheon', 'Thresh', 'Xin Zhao')",2,0,2
"('Azir', 'Brand', 'Master Yi', 'Ornn', 'Smolder')",2,0,2
"('Karthus', 'Lucian', 'Nautilus', 'Seraphine', 'Skarner')",2,0,2
"('Aatrox', 'Cassiopeia', 'Rakan', ""Rek'Sai"", ""Vel'Koz"")",0,2,2
"('Ashe', 'Galio', 'Gwen', 'Riven', 'Seraphine')",0,2,2
"('Akali', 'Graves', 'Leona', 'Riven', ""Vel'Koz"")",2,0,2
"('Hecarim', 'Jayce', ""Vel'Koz"", 'Zac', 'Zyra')",0,2,2
"('Jayce', 'Jhin', 'Katarina', 'Seraphine', 'Sylas')",2,0,2
"('Kalista', 'Katarina', 'Seraphine', 'Viego', 'Yorick')",0,2,2
"('Ashe', 'Camille', 'Seraphine', 'Taliyah', 'Viego')",2,0,2
"('Pantheon', 'Rell', 'Vayne', ""Vel'Koz"", 'Vi')",2,0,2
"('Ashe', 'Camille', 'Hecarim', 'Rumble', 'Seraphine')",0,2,2
"('Aphelios', 'Graves', ""K'Sante"", 'Nautilus', 'Zoe')",2,0,2
"('Ahri', 'Caitlyn', 'Graves', ""K'Sante"", 'Thresh')",0,2,2
"(""Kai'Sa"", 'Lillia', 'Nautilus', 'Ornn', 'Tristana')",0,2,2
"(""Kai'Sa"", 'Nasus', 'Rakan', 'Skarner', 'Xin Zhao')",0,2,2
"('Graves', 'Leona', 'Skarner', 'Twisted Fate', 'Zeri')",2,0,2
"('Blitzcrank', ""Kai'Sa"", 'Lillia', 'Riven', 'Talon')",0,2,2
"('Ashe', 'Pyke', 'Talon', ""Vel'Koz"", 'Zac')",2,0,2
"('Kindred', 'Nautilus', 'Seraphine', 'Skarner', 'Sylas')",0,2,2
"('Graves', 'Hwei', 'Kennen', 'Rakan', 'Varus')",2,0,2
"('Fiddlesticks', 'Galio', 'Jinx', 'Yone', 'Zac')",0,2,2
"('Jinx', 'Sejuani', 'Sylas', 'Thresh', 'Viego')",2,0,2
"('Jax', 'Rakan', 'Taliyah', 'Varus', 'Vi')",2,0,2
"('Ashe', 'Aurelion Sol', 'Kindred', 'Seraphine', 'Skarner')",0,2,2
"('Akali', 'Hecarim', ""K'Sante"", 'Leona', 'Seraphine')",2,0,2
"(""K'Sante"", 'Kindred', 'Senna', 'Seraphine', 'Xerath')",2,0,2
"('Jax', 'Taliyah', 'Taric', 'Twitch', 'Vi')",2,0,2
"('Akali', 'Jayce', 'Kindred', 'Rakan', 'Zeri')",0,2,2
"('Jayce', 'Jinx', 'Nautilus', 'Taliyah', 'Tristana')",2,0,2
"('Aphelios', 'Graves', 'Hwei', 'Taric', 'Tryndamere')",2,0,2
"('Kindred', 'Rakan', 'Skarner', 'Twisted Fate', ""Vel'Koz"")",0,2,2
"('Gnar', 'Hecarim', 'Seraphine', 'Thresh', 'Zoe')",2,0,2
"('Lillia', 'Nasus', 'Poppy', 'Seraphine', 'Smolder')",0,2,2
"('Dr. Mundo', 'Lissandra', 'Morgana', 'Seraphine', 'Viego')",0,2,2
"('Ekko', 'Leona', 'Tristana', 'Twisted Fate', ""Vel'Koz"")",0,2,2
"('Tristana', 'Udyr', 'Varus', 'Veigar', 'Warwick')",2,0,2
"('Azir', 'Nunu & Willump', 'Senna', 'Seraphine', 'Vayne')",0,2,2
"('Brand', 'Jayce', 'Jinx', ""K'Sante"", 'Thresh')",2,0,2
"('Ashe', 'Jayce', 'Jinx', 'Katarina', 'Zeri')",2,0,2
"('Braum', 'Camille', 'Nidalee', 'Viego', 'Zeri')",2,0,2
"('Akshan', 'Hecarim', ""Kai'Sa"", 'Mordekaiser', 'Poppy')",0,2,2
"('Gragas', ""Kai'Sa"", 'Morgana', 'Nautilus', 'Tristana')",0,2,2
"('Ezreal', 'Hwei', 'Rakan', 'Twisted Fate', 'Viego')",2,0,2
"('Lillia', 'Pyke', 'Skarner', 'Smolder', 'Tristana')",0,2,2
"('Akali', 'Fiora', 'Pyke', 'Samira', 'Viego')",2,0,2
"('Aphelios', 'Camille', 'Jax', 'Nidalee', 'Tristana')",2,0,2
"('Gragas', 'Hecarim', 'Jinx', 'Kled', 'Nautilus')",2,0,2
"('Brand', 'Jinx', 'Rumble', 'Thresh', 'Yasuo')",0,2,2
"('Alistar', 'Hwei', 'Lee Sin', 'Olaf', 'Varus')",0,2,2
"('Camille', 'Kalista', 'Nidalee', 'Pantheon', 'Taliyah')",0,2,2
"('Jinx', 'Katarina', 'Nidalee', 'Thresh', 'Vayne')",0,2,2
"('Elise', 'Nautilus', 'Urgot', 'Varus', 'Ziggs')",2,0,2
"('Camille', 'Corki', 'Kennen', ""Kha'Zix"", 'Yone')",2,0,2
"('Camille', 'Kalista', 'Ryze', 'Talon', ""Vel'Koz"")",2,0,2
"('Aphelios', 'Lux', 'Nidalee', 'Skarner', 'Talon')",2,0,2
"('Ashe', 'Lillia', 'Rakan', 'Skarner', 'Yone')",2,0,2
"('Kennen', 'Kindred', 'LeBlanc', 'Rell', 'Samira')",0,2,2
"('Ahri', ""Bel'Veth"", 'Blitzcrank', 'Jax', 'Lucian')",0,2,2
"('Fiddlesticks', 'Kennen', 'Nocturne', 'Thresh', 'Zeri')",0,2,2
"('Draven', 'Graves', 'Rell', 'Syndra', 'Vladimir')",2,0,2
"('Corki', 'Graves', 'LeBlanc', 'Nautilus', 'Zac')",0,2,2
"('Aurelion Sol', 'Lucian', 'Nami', ""Rek'Sai"", 'Rumble')",0,2,2
"('Graves', 'Nautilus', 'Orianna', 'Twitch', 'Urgot')",2,0,2
"('Aurelion Sol', 'Graves', ""Kai'Sa"", 'Kennen', 'Rell')",0,2,2
"('Aphelios', 'Ashe', 'Graves', 'Malphite', 'Twisted Fate')",2,0,2
"('Alistar', ""Kai'Sa"", 'Lee Sin', 'Ryze', 'Twisted Fate')",2,0,2
"('Graves', 'Gwen', 'Kalista', 'Rell', 'Twisted Fate')",2,0,2
"(""Kai'Sa"", 'Karthus', 'Kled', 'Rell', 'Tristana')",2,0,2
"('Azir', 'Corki', 'Nautilus', 'Olaf', 'Varus')",2,0,2
"('Ahri', 'Jhin', ""K'Sante"", 'Rumble', 'Viego')",2,0,2
"('Aatrox', 'Ashe', 'Jax', 'LeBlanc', 'Lux')",0,2,2
"('Bard', 'Corki', 'Graves', 'Skarner', 'Ziggs')",2,0,2
"('Hwei', 'Jhin', 'Lee Sin', 'Seraphine', 'Twisted Fate')",0,2,2
"('Akshan', 'Nautilus', 'Nidalee', 'Renekton', 'Sivir')",2,0,2
"('Ahri', 'Ashe', 'Graves', ""Kai'Sa"", 'Viego')",0,2,2
"('Jhin', 'Nautilus', 'Pantheon', 'Taliyah', 'Udyr')",0,2,2
"('Irelia', 'Jax', 'Karthus', 'Nautilus', 'Varus')",2,0,2
"('Alistar', 'Kennen', 'LeBlanc', 'Rengar', 'Zeri')",2,0,2
"('Azir', 'Jayce', ""Kai'Sa"", 'Nidalee', 'Rell')",0,2,2
"('Ahri', 'Akali', 'Ezreal', ""Kha'Zix"", 'Leona')",2,0,2
"('Corki', 'Gnar', 'Lillia', 'Qiyana', 'Rell')",0,2,2
"('Akali', 'Camille', 'Twisted Fate', 'Viego', 'Zeri')",0,2,2
"(""Cho'Gath"", 'Jhin', 'Maokai', 'Xin Zhao', 'Zac')",2,0,2
"('Akshan', 'Braum', 'Fiora', 'Lillia', 'Varus')",0,2,2
"('Akali', 'Jarvan IV', 'Jinx', 'Renekton', 'Thresh')",2,0,2
"('Akshan', 'Jhin', 'Karthus', 'Skarner', 'Thresh')",2,0,2
"('Camille', 'LeBlanc', 'Nautilus', 'Nilah', 'Viego')",0,2,2
"('Akshan', ""Kai'Sa"", 'Nidalee', 'Olaf', 'Thresh')",0,2,2
"('Ashe', ""Kha'Zix"", 'Rakan', 'Ryze', 'Urgot')",2,0,2
"('Ashe', 'Azir', 'Fiddlesticks', 'Graves', 'Sylas')",2,0,2
"(""Kai'Sa"", 'Katarina', 'Rell', 'Taliyah', 'Twisted Fate')",2,0,2
"('Corki', 'Hwei', 'Master Yi', 'Thresh', 'Twisted Fate')",2,0,2
"('Jayce', 'Rell', 'Taliyah', 'Tristana', 'Varus')",0,2,2
"('Corki', 'Kindred', 'Pantheon', 'Rell', 'Rumble')",0,2,2
"(""Kai'Sa"", 'Nidalee', 'Seraphine', 'Sion', 'Tristana')",2,0,2
"('Anivia', 'Elise', 'Skarner', 'Twisted Fate', 'Zeri')",2,0,2
"('Akali', 'Garen', 'Graves', 'Jhin', 'Rakan')",0,2,2
"('Akali', 'Graves', 'Jinx', 'Thresh', 'Twisted Fate')",2,0,2
"('Aphelios', 'Garen', 'Nidalee', 'Yasuo', 'Zac')",2,0,2
"('Alistar', 'Gragas', 'Tryndamere', 'Xayah', 'Yasuo')",2,0,2
"('Aurelion Sol', 'Jayce', 'Kindred', 'Thresh', 'Viego')",0,2,2
"('Fiddlesticks', 'Gragas', 'Jinx', 'Lulu', 'Yasuo')",2,0,2
"('Corki', 'Lillia', 'Skarner', 'Thresh', 'Varus')",2,0,2
"('Braum', 'Gnar', 'Lillia', 'Varus', 'Yone')",2,0,2
"('Corki', 'Lillia', 'Rakan', 'Twisted Fate', 'Yasuo')",0,2,2
"('Aurelion Sol', 'Blitzcrank', 'Graves', 'Jayce', ""Kai'Sa"")",0,2,2
"('Corki', 'Galio', 'Taric', 'Viego', 'Volibear')",0,2,2
"('Ashe', 'Braum', 'Kennen', 'Pantheon', 'Viego')",0,2,2
"('Aatrox', 'Bard', 'Ezreal', 'Graves', 'Orianna')",2,0,2
"('Kalista', ""Rek'Sai"", 'Renekton', 'Skarner', 'Tristana')",0,2,2
"('Ashe', 'Jax', 'Kennen', 'Neeko', 'Tristana')",0,2,2
"('Camille', 'Jinx', 'Karthus', 'Rell', 'Tristana')",0,2,2
"('Braum', 'Corki', 'Gragas', 'Sylas', 'Viego')",2,0,2
"('LeBlanc', 'Lucian', 'Pyke', 'Twisted Fate', 'Xin Zhao')",2,0,2
"('Akali', 'Alistar', 'Graves', ""Kai'Sa"", 'Riven')",2,0,2
"('Akali', 'Graves', ""Kai'Sa"", 'Katarina', 'Nautilus')",2,0,2
"('Jax', 'Jhin', 'Skarner', 'Viego', 'Zoe')",0,2,2
"('Kalista', 'Katarina', 'Nunu & Willump', 'Pyke', 'Yasuo')",2,0,2
"('Camille', 'Graves', 'Kalista', 'Katarina', 'Rell')",0,2,2
"('Ahri', 'Irelia', 'Jinx', ""Kha'Zix"", 'Soraka')",2,0,2
"('Ashe', 'Briar', 'Katarina', 'Seraphine', 'Twisted Fate')",0,2,2
"('Camille', 'Jinx', 'Katarina', 'Nautilus', 'Nunu & Willump')",0,2,2
"('Akali', 'Ashe', 'Graves', 'Irelia', 'Taric')",2,0,2
"('Aurelion Sol', 'Camille', 'Corki', 'Graves', 'Jax')",2,0,2
"('Aurelion Sol', 'Nautilus', 'Skarner', 'Udyr', 'Varus')",0,2,2
"('Ashe', 'Braum', 'Katarina', 'Nidalee', 'Yone')",0,2,2
"('Ashe', 'Jayce', 'Pantheon', 'Rumble', 'Taliyah')",0,2,2
"('Alistar', 'Jayce', ""Kai'Sa"", 'Skarner', 'Taliyah')",2,0,2
"('Brand', 'Gnar', 'Lee Sin', 'Lissandra', 'Nautilus')",0,2,2
"('Camille', 'Corki', 'Galio', 'Rumble', 'Varus')",2,0,2
"('Camille', 'Gragas', ""Kai'Sa"", 'Lillia', 'Tristana')",0,2,2
"('Jax', 'Katarina', 'Lillia', 'Sivir', 'Skarner')",2,0,2
"('Blitzcrank', 'Kalista', 'Skarner', 'Twisted Fate', 'Xin Zhao')",0,2,2
"('Aatrox', 'Ashe', 'Kennen', 'Vladimir', 'Warwick')",2,0,2
"('Camille', 'Draven', 'Graves', 'Hwei', 'Skarner')",2,0,2
"('Akali', 'Hecarim', 'Ryze', 'Senna', 'Zeri')",2,0,2
"('Karma', 'Karthus', 'Katarina', 'Twisted Fate', 'Varus')",2,0,2
"(""Kai'Sa"", 'Katarina', 'Pyke', 'Twisted Fate', 'Viego')",0,2,2
"('Galio', ""Kai'Sa"", 'Maokai', 'Skarner', 'Twisted Fate')",0,2,2
"('Darius', 'Graves', 'Katarina', 'LeBlanc', 'Smolder')",2,0,2
"('Corki', 'Katarina', 'Nautilus', 'Nidalee', 'Warwick')",2,0,2
"('Lissandra', 'Rell', 'Samira', 'Skarner', 'Viego')",0,2,2
"('Caitlyn', 'Hwei', 'Morgana', 'Skarner', 'Vi')",0,2,2
"('Aatrox', 'Caitlyn', 'Katarina', 'Volibear', 'Zyra')",2,0,2
"('Corki', 'Fiora', 'Lulu', 'Pantheon', 'Udyr')",2,0,2
"('Katarina', 'Lulu', 'Skarner', 'Tristana', 'Viego')",2,0,2
"('Graves', ""Kai'Sa"", 'LeBlanc', 'Rell', 'Renekton')",2,0,2
"('Gnar', 'Jinx', 'Katarina', 'Lillia', 'Thresh')",0,2,2
"('Akali', 'Graves', 'Katarina', 'Lucian', 'Poppy')",2,0,2
"('Aatrox', 'Gragas', 'Katarina', ""Rek'Sai"", 'Senna')",0,2,2
"('Brand', 'Corki', 'Dr. Mundo', 'Leona', 'Renekton')",2,0,2
"('Jinx', 'Nautilus', 'Nidalee', 'Qiyana', 'Vladimir')",2,0,2
"('Aphelios', 'Darius', 'Rell', 'Sylas', 'Viego')",2,0,2
"('Galio', 'Gnar', 'Jhin', 'Rell', 'Viego')",2,0,2
"('Camille', 'Galio', 'Graves', 'Lee Sin', 'Yasuo')",2,0,2
"('Fiora', 'Galio', 'Graves', 'Jinx', 'Thresh')",2,0,2
"('Cassiopeia', 'Jax', 'Kalista', 'Karthus', 'Tristana')",2,0,2
"('Graves', 'Rell', 'Twisted Fate', 'Veigar', 'Xin Zhao')",0,2,2
"('Aphelios', 'Jax', 'Lux', 'Thresh', 'Viego')",2,0,2
"('Aatrox', 'Akali', 'Ivern', 'Sona', 'Varus')",2,0,2
"('Aphelios', 'Jayce', 'Lillia', 'Malphite', 'Taric')",0,2,2
"('Brand', 'Jayce', 'Pantheon', 'Twitch', 'Yuumi')",0,2,2
"('Galio', 'Graves', 'Jinx', 'Rumble', 'Thresh')",0,2,2
"('Jhin', 'Kennen', 'Lee Sin', 'Seraphine', 'Twisted Fate')",2,0,2
"('Jayce', 'Jhin', 'Karthus', 'Tristana', 'Zyra')",0,2,2
"('Fiora', 'Galio', ""Kai'Sa"", 'Taric', 'Viego')",2,0,2
"('Alistar', 'Gnar', 'Jhin', 'Nidalee', 'Pantheon')",0,2,2
"('Anivia', 'Aphelios', 'Lee Sin', 'Viktor', 'Zyra')",0,2,2
"('Fiora', 'Galio', 'Sona', 'Varus', 'Viego')",2,0,2
"('Draven', 'Graves', 'Neeko', 'Skarner', 'Twisted Fate')",2,0,2
"('Cassiopeia', 'Lee Sin', 'Rakan', 'Swain', 'Varus')",2,0,2
"(""Kai'Sa"", 'Pyke', 'Skarner', 'Twisted Fate', 'Xin Zhao')",2,0,2
"('Cassiopeia', 'Gnar', 'Rell', 'Shaco', 'Zeri')",2,0,2
"('Corki', 'Hwei', 'Kennen', 'Nautilus', ""Rek'Sai"")",2,0,2
"('Nidalee', 'Pyke', 'Sivir', 'Skarner', 'Tristana')",0,2,2
"('Alistar', 'Samira', 'Skarner', 'Sylas', 'Viego')",0,2,2
"('Ashe', 'Cassiopeia', 'Katarina', 'Rakan', 'Viego')",2,0,2
"('Ekko', 'Graves', 'Seraphine', 'Skarner', 'Varus')",0,2,2
"('Aatrox', 'Ekko', 'Jhin', 'Rell', 'Viego')",0,2,2
"('Caitlyn', 'Galio', 'Jax', 'Nunu & Willump', 'Senna')",0,2,2
"('Aatrox', 'Ashe', 'Aurelion Sol', ""Bel'Veth"", 'Braum')",0,2,2
"('Camille', 'Jinx', 'Kennen', ""Rek'Sai"", 'Syndra')",2,0,2
"('Ashe', 'Camille', 'Gnar', 'Nidalee', 'Pyke')",2,0,2
"('Camille', 'Corki', 'Gwen', 'Nautilus', 'Tristana')",0,2,2
"('Fiddlesticks', 'Hwei', 'Jax', 'Jinx', 'Rell')",0,2,2
"('Jinx', ""K'Sante"", 'Thresh', 'Wukong', 'Zoe')",0,2,2
"('Galio', 'Graves', ""Kai'Sa"", 'Malphite', 'Rakan')",2,0,2
"('Camille', 'Galio', ""Kai'Sa"", 'Taliyah', 'Viego')",2,0,2
"('Cassiopeia', 'Corki', 'Orianna', 'Thresh', 'Vi')",2,0,2
"('Aphelios', 'Pantheon', 'Sett', 'Taliyah', 'Tristana')",0,2,2
"('Karthus', 'Renekton', 'Thresh', 'Tristana', 'Varus')",2,0,2
"('Ashe', 'Heimerdinger', 'Nidalee', 'Seraphine', 'Sett')",2,0,2
"('Galio', 'Hecarim', ""Kai'Sa"", 'Rell', 'Tryndamere')",0,2,2
"(""Bel'Veth"", 'Rell', 'Samira', 'Sylas', 'Tryndamere')",0,2,2
"(""Kai'Sa"", 'LeBlanc', 'Rell', 'Rumble', 'Viego')",2,0,2
"('Bard', 'Jayce', 'Nilah', 'Taliyah', 'Twisted Fate')",0,2,2
"('Ahri', 'Janna', 'Jhin', ""Kha'Zix"", 'Rumble')",0,2,2
"('Jax', 'Jhin', 'Nasus', 'Soraka', 'Viktor')",1,1,2
"('Aphelios', 'Azir', ""Bel'Veth"", 'Leona', 'Viego')",0,2,2
"('Akshan', 'Blitzcrank', ""Kai'Sa"", 'Lillia', 'Renekton')",2,0,2
"('Aphelios', 'Gnar', 'Graves', 'Hwei', 'Taric')",2,0,2
"('Ashe', 'Aurelion Sol', 'Graves', 'Seraphine', 'Wukong')",0,2,2
"('Caitlyn', 'Karthus', 'Qiyana', 'Skarner', 'Taric')",0,2,2
"('Ahri', ""Kai'Sa"", 'Ornn', 'Pantheon', 'Pyke')",2,0,2
"(""Bel'Veth"", 'Kalista', 'Nautilus', 'Udyr', 'Yone')",0,2,2
"('Jinx', 'Karthus', 'Lulu', 'Skarner', 'Tristana')",2,0,2
"('Aatrox', 'Draven', 'Nidalee', 'Rell', 'Tristana')",0,2,2
"('Jayce', 'Lillia', 'Mordekaiser', 'Nautilus', 'Zeri')",2,0,2
"('Ashe', 'Fiddlesticks', 'Nasus', 'Seraphine', 'Tristana')",0,2,2
"('Brand', 'Hwei', 'Jhin', 'Skarner', 'Viego')",2,0,2
"('Graves', 'Heimerdinger', 'LeBlanc', 'Skarner', 'Varus')",2,0,2
"('Anivia', 'Caitlyn', 'Hwei', 'Master Yi', 'Renekton')",2,0,2
"('Diana', 'Lux', 'Pantheon', 'Varus', 'Xin Zhao')",2,0,2
"('Aatrox', 'Lee Sin', 'Neeko', 'Nilah', 'Rell')",1,1,2
"('Annie', 'Corki', 'Graves', ""K'Sante"", 'Pyke')",0,2,2
"('Aatrox', 'Jayce', ""Kai'Sa"", 'Nautilus', 'Nidalee')",2,0,2
"(""Kai'Sa"", 'Nunu & Willump', ""Rek'Sai"", 'Skarner', 'Taliyah')",2,0,2
"('Aatrox', 'Heimerdinger', 'Rakan', 'Syndra', 'Xin Zhao')",2,0,2
"('Aatrox', 'Jinx', 'Lillia', 'Nautilus', 'Nunu & Willump')",2,0,2
"('Nidalee', 'Seraphine', 'Varus', 'Wukong', 'Yasuo')",0,2,2
"(""Bel'Veth"", 'Gragas', 'Karthus', 'Rakan', 'Zeri')",2,0,2
"('Pantheon', 'Renekton', 'Skarner', 'Taliyah', 'Zeri')",0,2,2
"(""Kai'Sa"", 'Karthus', 'Kled', 'Lissandra', 'Nautilus')",2,0,2
"('Brand', 'Nilah', 'Rumble', 'Sett', 'Zed')",2,0,2
"('Hwei', ""Kai'Sa"", 'Maokai', 'Olaf', ""Rek'Sai"")",0,2,2
"('Gragas', 'Jax', 'Pantheon', 'Yuumi', 'Zeri')",0,2,2
"('Braum', ""Kai'Sa"", 'LeBlanc', 'Lee Sin', 'Volibear')",2,0,2
"('Hwei', 'Jax', ""Kai'Sa"", 'Nidalee', 'Zed')",0,2,2
"('Akali', 'Ashe', 'Leona', 'Orianna', 'Viego')",2,0,2
"('Ahri', 'Jax', 'Rakan', 'Varus', 'Xin Zhao')",0,2,2
"('Blitzcrank', 'Brand', 'Ryze', 'Tristana', 'Zeri')",0,2,2
"('Galio', 'Gragas', 'Hwei', 'Lee Sin', 'Varus')",2,0,2
"('Galio', 'Jinx', ""K'Sante"", 'Kindred', 'Nautilus')",2,0,2
"('Alistar', 'Corki', 'Nidalee', 'Twisted Fate', 'Varus')",0,2,2
"('Ashe', 'Blitzcrank', 'Heimerdinger', 'Lee Sin', 'Ryze')",0,2,2
"('Karthus', 'Pyke', 'Renekton', ""Vel'Koz"", 'Zeri')",2,0,2
"('Jax', 'Kindred', 'Neeko', 'Zac', 'Zeri')",2,0,2
"('Graves', 'Lucian', 'Nami', 'Twisted Fate', 'Yone')",2,0,2
"('Jayce', ""Kai'Sa"", 'Lee Sin', 'Pyke', 'Taliyah')",0,2,2
"('Ezreal', 'Jayce', 'Karthus', 'Pyke', 'Tryndamere')",2,0,2
"('Azir', 'Jayce', 'Sivir', 'Taric', 'Viego')",2,0,2
"('Camille', 'Corki', 'Kennen', 'LeBlanc', 'Lee Sin')",0,2,2
"('Camille', 'Lee Sin', 'Qiyana', 'Skarner', 'Ziggs')",0,2,2
"('Corki', 'Darius', 'Jayce', 'Nidalee', 'Pyke')",1,1,2
"('Janna', 'Jayce', 'Jinx', 'Orianna', 'Viego')",0,2,2
"('Jinx', 'Lee Sin', 'Nautilus', 'Tristana', 'Vladimir')",0,2,2
"('Corki', 'Gwen', 'Pyke', 'Taliyah', 'Varus')",0,2,2
"('Kalista', 'Kindred', 'Rakan', 'Twisted Fate', 'Urgot')",0,2,2
"('Ezreal', 'Galio', 'Graves', 'Karma', 'LeBlanc')",0,2,2
"('Draven', 'Nidalee', 'Pyke', 'Skarner', 'Yasuo')",2,0,2
"(""Kai'Sa"", 'Nautilus', 'Nidalee', 'Tristana', 'Twisted Fate')",2,0,2
"('Draven', 'Irelia', 'Jayce', 'Leona', 'Nidalee')",0,2,2
"('Alistar', 'Lillia', 'Skarner', 'Tryndamere', 'Vayne')",0,2,2
"('Fiora', 'Nidalee', 'Poppy', 'Tristana', 'Zeri')",2,0,2
"('Aatrox', 'Graves', 'Jhin', 'LeBlanc', 'Xerath')",2,0,2
"('Ashe', 'Garen', 'Lulu', 'Nidalee', 'Vayne')",0,2,2
"('Alistar', 'Draven', 'Kennen', 'Nidalee', 'Tristana')",2,0,2
"('Draven', 'Illaoi', 'Nami', 'Nasus', 'Nidalee')",2,0,2
"('Hwei', 'Jhin', 'Kindred', 'Ornn', 'Rell')",2,0,2
"('Hwei', 'Leona', 'Lucian', 'Nidalee', 'Warwick')",0,2,2
"('Jinx', 'Nautilus', 'Neeko', 'Nidalee', 'Olaf')",2,0,2
"('Gragas', 'Karthus', 'Pyke', 'Varus', 'Zed')",0,2,2
"('Jhin', ""K'Sante"", 'Leona', 'Neeko', 'Pantheon')",0,2,2
"('Hwei', 'Kindred', 'Skarner', 'Smolder', 'Taric')",0,2,2
"('Blitzcrank', 'Camille', 'Lissandra', 'Taliyah', 'Xayah')",2,0,2
"('Kalista', 'Lee Sin', 'Orianna', 'Skarner', 'Thresh')",0,2,2
"(""Kai'Sa"", 'Lissandra', 'Rell', 'Skarner', 'Viego')",2,0,2
"('Graves', 'Mordekaiser', 'Rakan', 'Yone', 'Zeri')",0,2,2
"('Ahri', 'Jax', 'Nautilus', 'Samira', 'Viego')",1,1,2
"('Corki', 'Jinx', 'Lillia', 'Lulu', 'Skarner')",2,0,2
"('Camille', 'Kalista', 'Karthus', 'Lucian', 'Taric')",0,2,2
"('Braum', 'Dr. Mundo', 'Jinx', 'Vi', 'Zed')",0,2,2
"(""Bel'Veth"", 'Galio', 'Janna', 'Tryndamere', 'Zeri')",2,0,2
"('Blitzcrank', 'Briar', ""K'Sante"", ""Kai'Sa"", 'Orianna')",2,0,2
"('Graves', 'Rakan', 'Renekton', 'Syndra', 'Zeri')",0,2,2
"('Gnar', ""Kai'Sa"", 'Karthus', 'Pantheon', 'Rell')",0,2,2
"('Corki', 'Gragas', 'Jax', 'Kalista', 'Rell')",2,0,2
"('Nidalee', 'Skarner', 'Soraka', 'Tristana', 'Zeri')",0,2,2
"('Jayce', 'Jinx', 'Lee Sin', 'Nautilus', 'Neeko')",2,0,2
"('Lillia', 'Nautilus', 'Tristana', 'Twisted Fate', 'Varus')",2,0,2
"('Hwei', 'Kindred', 'Mordekaiser', 'Varus', 'Yone')",0,2,2
"('Alistar', 'Lillia', 'Samira', 'Sejuani', 'Tristana')",0,2,2
"('Braum', 'Jinx', ""Kha'Zix"", 'Malzahar', 'Rumble')",0,2,2
"('Jayce', 'Nautilus', 'Nidalee', 'Samira', 'Tryndamere')",0,2,2
"('Corki', 'Hecarim', 'LeBlanc', 'Poppy', 'Udyr')",2,0,2
"('Lucian', 'Lulu', 'Nami', 'Nidalee', 'Yone')",2,0,2
"('Ashe', 'Azir', 'Kennen', 'Master Yi', 'Milio')",2,0,2
"('Alistar', 'Graves', 'Jinx', 'LeBlanc', ""Rek'Sai"")",2,0,2
"('Pyke', 'Renekton', 'Samira', 'Skarner', 'Taliyah')",0,2,2
"('Kindred', 'Lucian', 'Seraphine', 'Vex', 'Ziggs')",0,2,2
"('Ashe', 'Camille', 'Gragas', 'Jayce', 'Nidalee')",2,0,2
"('Ashe', 'Gragas', 'LeBlanc', 'Lee Sin', 'Thresh')",0,2,2
"('Jhin', 'Nidalee', 'Renekton', 'Rumble', 'Tristana')",0,2,2
"('LeBlanc', 'Lee Sin', 'Leona', 'Skarner', 'Zeri')",2,0,2
"('Brand', 'Ezreal', 'Jarvan IV', 'Qiyana', 'Rumble')",2,0,2
"('Jinx', 'Nautilus', 'Rumble', 'Taliyah', 'Tristana')",2,0,2
"('Braum', 'Nidalee', 'Rumble', 'Tristana', 'Zeri')",2,0,2
"('Ashe', 'Heimerdinger', 'Kalista', 'Lee Sin', 'Taliyah')",2,0,2
"('Ahri', 'Lee Sin', 'Poppy', 'Pyke', 'Varus')",0,2,2
"('Aatrox', 'Kalista', 'Taliyah', 'Thresh', 'Viego')",2,0,2
"('Graves', 'Janna', 'Skarner', 'Smolder', 'Zoe')",2,0,2
"('Karthus', 'Katarina', 'Ornn', 'Sona', 'Zeri')",0,2,2
"('Corki', 'Lillia', 'Sivir', 'Warwick', 'Zyra')",2,0,2
"('Ahri', 'Jax', 'Rakan', 'Viego', 'Xayah')",0,2,2
"('Camille', 'Jayce', 'Kalista', 'Karthus', 'Neeko')",0,2,2
"('Corki', 'Fiddlesticks', 'Irelia', 'Katarina', 'Skarner')",2,0,2
"('Akali', 'Jinx', 'Lillia', 'Skarner', 'Tristana')",2,0,2
"('Kennen', 'Lillia', 'Rakan', 'Tristana', 'Xayah')",2,0,2
"('Elise', 'Kled', 'Lucian', 'Sona', 'Tristana')",2,0,2
"('Camille', 'Corki', 'Jayce', 'Nidalee', 'Varus')",2,0,2
"('Gragas', 'Nilah', 'Rakan', 'Twisted Fate', 'Viego')",2,0,2
"('Jayce', 'Mordekaiser', 'Nilah', 'Poppy', 'Rakan')",2,0,2
"('Corki', 'Dr. Mundo', 'Graves', 'Seraphine', 'Yone')",0,2,2
"('Camille', 'Graves', 'Jhin', 'Maokai', 'Neeko')",2,0,2
"('Alistar', 'Caitlyn', 'Karthus', 'Renekton', 'Yasuo')",0,2,2
"('Graves', 'Hwei', 'Nilah', 'Skarner', 'Soraka')",2,0,2
"('Alistar', 'Jinx', 'Taliyah', 'Warwick', 'Yasuo')",2,0,2
"('Akali', 'Jhin', ""Kha'Zix"", 'Rell', 'Sylas')",2,0,2
"('Rakan', 'Skarner', 'Sylas', 'Tristana', 'Twitch')",2,0,2
"('Akali', 'Camille', 'Jhin', ""Kha'Zix"", 'Rakan')",2,0,2
"('Corki', 'Ekko', 'Jayce', 'Nilah', 'Senna')",2,0,2
"('Corki', 'Jax', 'Senna', 'Varus', 'Viego')",2,0,2
"('Aurelion Sol', 'Lee Sin', 'Lucian', 'Neeko', 'Urgot')",0,2,2
"('Akali', 'Kindred', 'Lucian', 'Nautilus', 'Urgot')",2,0,2
"('Ashe', 'Azir', 'Camille', 'Pyke', 'Skarner')",2,0,2
"('Ashe', 'Maokai', 'Taliyah', 'Yorick', 'Zac')",2,0,2
"('Dr. Mundo', 'Neeko', 'Nilah', 'Rumble', 'Sona')",0,2,2
"('Akali', 'Bard', 'Caitlyn', 'Graves', 'Skarner')",2,0,2
"('Jhin', 'Nidalee', 'Skarner', 'Tryndamere', 'Yone')",0,2,2
"('Bard', 'Hwei', 'Lee Sin', 'Nilah', 'Viego')",2,0,2
"('Ashe', 'Camille', 'Rakan', 'Taliyah', 'Tristana')",2,0,2
"('Aphelios', 'Braum', 'Katarina', 'Lee Sin', 'Poppy')",2,0,2
"(""Bel'Veth"", 'Blitzcrank', 'Fiora', 'Jhin', 'LeBlanc')",0,2,2
"('Aatrox', 'Nautilus', 'Nilah', 'Taliyah', 'Tristana')",2,0,2
"('Lillia', 'Senna', 'Seraphine', 'Tryndamere', 'Yone')",2,0,2
"('Aatrox', 'Ashe', 'Nilah', 'Pantheon', 'Sylas')",0,2,2
"('Jax', 'Nidalee', 'Nilah', 'Pyke', 'Yasuo')",0,2,2
"(""K'Sante"", 'Malphite', 'Nilah', 'Viego', 'Yuumi')",0,2,2
"('Nilah', 'Seraphine', 'Skarner', 'Twisted Fate', 'Viego')",2,0,2
"('Ashe', 'Lee Sin', 'Lux', 'Nilah', 'Tryndamere')",2,0,2
"('Nilah', 'Seraphine', 'Viego', 'Xerath', 'Zac')",0,2,2
"('Jayce', 'Nilah', 'Pantheon', 'Rumble', 'Syndra')",0,2,2
"('Gnar', 'Jayce', ""Kai'Sa"", 'Nidalee', 'Rell')",2,0,2
"('Nidalee', 'Rell', 'Urgot', 'Yone', 'Ziggs')",2,0,2
"('Aurelion Sol', 'Graves', 'Kennen', 'Nilah', 'Sejuani')",2,0,2
"('Graves', 'Jhin', 'Nautilus', 'Skarner', 'Viktor')",2,0,2
"('Gwen', 'Jinx', 'Nautilus', 'Neeko', 'Viego')",0,2,2
"(""Kai'Sa"", 'Kayn', 'LeBlanc', 'Rell', 'Skarner')",0,2,2
"('Ahri', 'Jinx', 'Pantheon', 'Skarner', 'Talon')",2,0,2
"('Alistar', 'Graves', 'Hwei', 'Jayce', 'Nilah')",0,2,2
"('Aurelion Sol', 'Camille', 'Nautilus', 'Udyr', 'Varus')",0,2,2
"('Nautilus', 'Nunu & Willump', 'Talon', 'Udyr', 'Varus')",2,0,2
"('Aurelion Sol', 'Kalista', 'Pyke', 'Tristana', 'Udyr')",0,2,2
"('Akshan', 'Brand', 'Jayce', 'Lulu', 'Zeri')",0,2,2
"('Caitlyn', 'Karma', 'Kindred', 'Rumble', 'Twisted Fate')",2,0,2
"('Alistar', ""Kai'Sa"", 'Lee Sin', 'Nasus', 'Tristana')",2,0,2
"(""Kai'Sa"", 'Lillia', 'Nasus', 'Nautilus', 'Tristana')",0,2,2
"('Ahri', 'Kled', 'Nidalee', 'Rell', 'Samira')",2,0,2
"('Akali', 'Caitlyn', 'Renekton', 'Senna', 'Udyr')",2,0,2
"('Akshan', 'Elise', 'Galio', 'Jayce', 'Jhin')",0,2,2
"('Jayce', 'Jinx', 'Rumble', 'Soraka', 'Taliyah')",2,0,2
"('Lucian', 'Nami', 'Nidalee', 'Qiyana', 'Skarner')",2,0,2
"('Ekko', 'Fiora', 'Nautilus', 'Tristana', 'Zeri')",2,0,2
"('Ahri', 'Ashe', 'Blitzcrank', 'Udyr', 'Urgot')",0,2,2
"('Ahri', ""Kha'Zix"", 'Taric', 'Tristana', 'Zac')",0,2,2
"('Ahri', 'Riven', 'Senna', 'Varus', 'Viego')",2,0,2
"('Jinx', ""K'Sante"", 'Syndra', 'Thresh', 'Udyr')",2,0,2
"('Jayce', 'Lux', 'Qiyana', 'Udyr', 'Varus')",2,0,2
"(""K'Sante"", 'LeBlanc', 'Lucian', 'Nami', 'Xin Zhao')",2,0,2
"('Lee Sin', 'Lulu', 'Neeko', 'Skarner', 'Zeri')",0,2,2
"('Caitlyn', 'Kayn', 'Morgana', 'Rumble', 'Twisted Fate')",2,0,2
"('Ashe', 'Camille', 'Nunu & Willump', ""Rek'Sai"", 'Rumble')",0,2,2
"('Graves', 'Hwei', 'Poppy', 'Shen', 'Smolder')",0,2,2
"('Camille', 'Kennen', ""Kha'Zix"", 'Lucian', 'Milio')",0,2,2
"('Bard', 'Ezreal', 'Nidalee', 'Tryndamere', 'Yone')",2,0,2
"('Hwei', 'Jinx', 'Lulu', 'Pantheon', 'Shen')",2,0,2
"('Hecarim', ""Kai'Sa"", 'Nautilus', 'Shen', 'Twisted Fate')",0,2,2
"('Ashe', 'Hecarim', 'LeBlanc', 'Shen', 'Varus')",2,0,2
"('Darius', 'Smolder', 'Tristana', 'Udyr', 'Zyra')",0,2,2
"('Draven', 'Fiddlesticks', 'Tahm Kench', 'Thresh', 'Tristana')",0,2,2
"('Aphelios', 'Nautilus', 'Shen', 'Taliyah', 'Tristana')",2,0,2
"('Aurelion Sol', 'Corki', 'Gnar', 'Kindred', 'Maokai')",2,0,2
"('Rakan', 'Sylas', 'Varus', 'Viego', 'Vladimir')",2,0,2
"('Braum', ""Kog'Maw"", 'Skarner', 'Tristana', 'Udyr')",2,0,2
"('Aatrox', ""Kai'Sa"", 'Nautilus', 'Twisted Fate', 'Udyr')",2,0,2
"('Corki', 'Fiddlesticks', 'Jax', 'Kassadin', 'Udyr')",0,2,2
"('Corki', ""Kai'Sa"", 'Lillia', 'Nautilus', 'Urgot')",2,0,2
"('LeBlanc', 'Maokai', 'Riven', 'Varus', 'Viego')",2,0,2
"('Ashe', 'Fiora', 'Karthus', 'Talon', 'Thresh')",2,0,2
"('Akshan', ""Kai'Sa"", 'Nautilus', 'Viego', 'Volibear')",0,2,2
"('Draven', 'Malphite', 'Taliyah', 'Thresh', 'Tristana')",2,0,2
"('Akali', 'Blitzcrank', 'Cassiopeia', 'Skarner', 'Smolder')",0,2,2
"('Ashe', 'Ivern', 'Pantheon', 'Senna', 'Tristana')",2,0,2
"('Blitzcrank', 'Camille', ""Kai'Sa"", 'Orianna', 'Xin Zhao')",0,2,2
"('Caitlyn', 'Jayce', 'LeBlanc', 'Nautilus', 'Viego')",2,0,2
"('Amumu', 'Kalista', 'Lillia', 'Pantheon', 'Renekton')",2,0,2
"('Graves', 'Kennen', 'Qiyana', 'Taric', 'Zeri')",0,2,2
"('Aphelios', 'Blitzcrank', 'Elise', 'Renekton', 'Yone')",2,0,2
"('Alistar', 'Camille', ""Kai'Sa"", 'Lee Sin', 'Taliyah')",2,0,2
"('Caitlyn', 'Jayce', 'Lux', 'Soraka', 'Xin Zhao')",0,2,2
"('Aphelios', 'Hecarim', 'Hwei', 'Kennen', 'Lulu')",0,2,2
"('Galio', 'Kindred', 'Lulu', 'Maokai', 'Tristana')",2,0,2
"('Ashe', 'Nidalee', 'Olaf', 'Seraphine', 'Tryndamere')",2,0,2
"('Ashe', 'Gragas', 'Seraphine', 'Skarner', 'Yasuo')",2,0,2
"('Jinx', ""Kha'Zix"", 'Lulu', 'Nautilus', 'Twisted Fate')",2,0,2
"('Aurelion Sol', 'Jarvan IV', 'Leona', 'Riven', 'Twitch')",2,0,2
"('Sivir', 'Skarner', 'Taliyah', 'Twisted Fate', 'Zilean')",2,0,2
"('Galio', 'Graves', 'Maokai', 'Viego', 'Xayah')",0,2,2
"('Hwei', 'Lee Sin', 'Renekton', 'Varus', 'Zoe')",2,0,2
"('Lee Sin', 'Rumble', 'Skarner', 'Tristana', 'Zeri')",2,0,2
"('Aphelios', 'Dr. Mundo', 'Nidalee', 'Seraphine', 'Yone')",2,0,2
"('Dr. Mundo', 'Neeko', 'Nidalee', 'Tristana', 'Varus')",0,2,2
"('Ezreal', 'Lee Sin', 'Rakan', 'Rumble', 'Twisted Fate')",1,1,2
"('Aphelios', 'Dr. Mundo', 'Katarina', 'Rakan', ""Rek'Sai"")",0,2,2
"('Corki', 'Hwei', ""Rek'Sai"", 'Thresh', 'Tryndamere')",0,2,2
"('Corki', 'Karthus', 'Orianna', 'Pyke', 'Tryndamere')",0,2,2
"('Graves', 'LeBlanc', 'Renekton', 'Seraphine', 'Zeri')",2,0,2
"('Ashe', 'Braum', 'Cassiopeia', 'Graves', 'Kennen')",2,0,2
"('Caitlyn', 'Graves', 'Lulu', 'Lux', 'Taliyah')",0,2,2
"('Aurelion Sol', 'Draven', 'Kennen', 'Rell', 'Xin Zhao')",2,0,2
"(""Kai'Sa"", 'Neeko', 'Rumble', 'Vex', 'Viego')",2,0,2
"(""Cho'Gath"", 'Pantheon', 'Sejuani', 'Senna', 'Syndra')",0,2,2
"('Hecarim', ""Kai'Sa"", 'Rell', 'Rumble', 'Tristana')",0,2,2
"('Aphelios', 'Cassiopeia', 'Hwei', 'Nautilus', 'Olaf')",2,0,2
"('Camille', ""Kai'Sa"", 'LeBlanc', 'Nautilus', 'Nidalee')",2,0,2
"('Graves', 'Kennen', 'Nautilus', 'Senna', 'Vex')",2,0,2
"('Aurelion Sol', 'Irelia', 'Thresh', 'Viego', 'Xayah')",2,0,2
"('Ezreal', ""K'Sante"", 'Seraphine', 'Taliyah', 'Tryndamere')",2,0,2
"('Azir', 'Draven', 'Nautilus', 'Viego', 'Zac')",2,0,2
"('Aatrox', 'Ashe', 'Karma', 'Poppy', 'Pyke')",0,2,2
"('Ashe', 'Rell', 'Renekton', 'Syndra', 'Taliyah')",0,2,2
"('Jinx', 'Rakan', 'Taliyah', 'Tristana', 'Viego')",2,0,2
"('Gwen', 'Rell', 'Sion', 'Twitch', 'Vex')",0,2,2
"('Aatrox', 'Graves', 'Hwei', 'Jinx', 'Rell')",0,2,2
"('Aurelion Sol', 'Jhin', 'Lux', 'Udyr', 'Xin Zhao')",0,2,2
"('Ezreal', 'Jax', 'Kennen', 'LeBlanc', 'Rakan')",0,2,2
"('Illaoi', 'Lillia', 'Rakan', 'Tristana', 'Twitch')",2,0,2
"('Aurelion Sol', 'Master Yi', 'Rammus', 'Zeri', 'Zilean')",2,0,2
"('Aatrox', ""Kai'Sa"", 'Leona', 'Nunu & Willump', 'Taliyah')",2,0,2
"('Gnar', 'Graves', 'Jinx', 'Thresh', 'Twisted Fate')",2,0,2
"(""Bel'Veth"", 'Camille', 'Hwei', ""Kai'Sa"", 'Rakan')",2,0,2
"('Dr. Mundo', 'Heimerdinger', 'Senna', 'Taliyah', 'Xin Zhao')",2,0,2
"('Aphelios', 'Camille', 'Hwei', 'Lillia', 'Thresh')",1,1,2
"('Gwen', 'Jinx', 'LeBlanc', 'Rell', 'Rengar')",2,0,2
"('Aurelion Sol', 'Caitlyn', 'Fiora', 'Renata Glasc', 'Xin Zhao')",0,2,2
"('Braum', 'Nidalee', 'Skarner', 'Zed', 'Zeri')",0,2,2
"('Ekko', 'Leona', 'Qiyana', 'Renekton', 'Zeri')",2,0,2
"('Blitzcrank', ""Kai'Sa"", ""Kha'Zix"", 'Nasus', 'Vladimir')",2,0,2
"('Graves', 'Jax', 'LeBlanc', 'Neeko', 'Varus')",2,0,2
"('Nautilus', 'Nidalee', 'Renekton', 'Swain', 'Tristana')",2,0,2
"('Jinx', 'LeBlanc', 'Lulu', 'Rumble', 'Viego')",0,2,2
"('Camille', 'Jhin', 'Katarina', 'Neeko', 'Nidalee')",2,0,2
"('Ekko', 'Jhin', 'Kled', 'Neeko', 'Xin Zhao')",0,2,2
"('Darius', 'Fiora', 'Karthus', 'Leona', 'Varus')",0,2,2
"('Aurelion Sol', 'Graves', 'Jax', 'Rell', 'Zeri')",0,2,2
"(""Kai'Sa"", 'Nidalee', 'Rakan', 'Renekton', 'Sion')",0,2,2
"('Katarina', 'Kennen', 'Rakan', 'Viego', 'Zeri')",2,0,2
"('Alistar', 'Camille', 'Graves', 'Jhin', 'LeBlanc')",2,0,2
"('Camille', 'Taliyah', 'Tristana', 'Twitch', 'Udyr')",2,0,2
"('Camille', 'Draven', 'Graves', 'Hwei', 'Nautilus')",2,0,2
"(""Kai'Sa"", 'Leona', 'Nidalee', 'Renekton', 'Shyvana')",2,0,2
"('Elise', ""Kai'Sa"", 'Rell', 'Renekton', 'Twisted Fate')",0,2,2
"('Corki', 'Nautilus', 'Nidalee', 'Renekton', 'Zeri')",0,2,2
"('Draven', 'Galio', 'Pyke', 'Renekton', 'Viego')",0,2,2
"('Akali', 'Draven', 'Hecarim', 'Renekton', 'Zac')",0,2,2
"('Aatrox', 'LeBlanc', 'Lulu', 'Skarner', 'Zeri')",2,0,2
"('Aurelion Sol', 'Dr. Mundo', 'Hecarim', 'Senna', 'Zac')",2,0,2
"('Aurelion Sol', 'Dr. Mundo', 'Skarner', 'Yasuo', 'Zeri')",0,2,2
"('Aatrox', 'Alistar', 'Ashe', 'Hwei', 'Viego')",0,2,2
"('Jayce', 'Kled', 'Nautilus', 'Nidalee', 'Sivir')",0,2,2
"('Illaoi', 'Lulu', ""Rek'Sai"", 'Taliyah', 'Zeri')",0,2,2
"('Corki', 'Dr. Mundo', 'Graves', 'Kennen', 'Nunu & Willump')",0,2,2
"('Corki', 'Galio', 'Karma', 'Kindred', 'Viego')",0,2,2
"('Aatrox', 'Galio', 'Graves', 'Jhin', 'Leona')",2,0,2
"('Jinx', 'Kennen', 'Nunu & Willump', 'Thresh', 'Viego')",2,0,2
"('Gnar', 'Hwei', 'Kalista', 'Pyke', ""Rek'Sai"")",0,2,2
"('Akshan', 'Braum', ""K'Sante"", 'Lucian', 'Taliyah')",0,2,2
"('Rakan', ""Rek'Sai"", 'Smolder', 'Taliyah', 'Vladimir')",0,2,2
"('Graves', 'LeBlanc', 'Pantheon', 'Rell', 'Zeri')",0,2,2
"('Annie', 'Aphelios', 'Braum', 'Gragas', 'Nidalee')",2,0,2
"('Braum', 'Jinx', ""Rek'Sai"", 'Tristana', 'Vladimir')",2,0,2
"('Ekko', 'Jax', 'Nautilus', 'Nilah', ""Rek'Sai"")",0,2,2
"('Aatrox', ""Kai'Sa"", 'Nidalee', 'Rakan', 'Zed')",0,2,2
"(""Bel'Veth"", 'Corki', 'LeBlanc', 'Nasus', 'Rakan')",2,0,2
"('Kennen', ""Rek'Sai"", 'Rumble', 'Seraphine', 'Smolder')",0,2,2
"('Camille', 'Cassiopeia', 'Ezreal', 'Viego', 'Zac')",0,2,2
"('Fiora', 'Kindred', 'Nunu & Willump', 'Seraphine', 'Zeri')",2,0,2
"('Aatrox', 'Galio', ""Rek'Sai"", 'Seraphine', 'Smolder')",2,0,2
"('Gwen', 'Jax', 'Rell', 'Seraphine', 'Tristana')",2,0,2
"('Alistar', 'Aurelion Sol', 'Draven', 'Kindred', 'Twisted Fate')",2,0,2
"('Ashe', 'Brand', 'Nidalee', 'Pantheon', 'Poppy')",2,0,2
"('Kindred', 'Nautilus', 'Neeko', 'Rumble', 'Samira')",2,0,2
"('Aurelion Sol', 'Gnar', 'Graves', 'Leona', 'Varus')",2,0,2
"('Alistar', 'Aphelios', 'Viktor', 'Xin Zhao', 'Yone')",0,2,2
"('Jayce', 'Leona', 'Maokai', 'Tristana', 'Zeri')",2,0,2
"('Hwei', 'Kalista', 'Nautilus', 'Nidalee', 'Renekton')",2,0,2
"('Camille', 'Jax', 'Kalista', 'Taliyah', 'Viego')",2,0,2
"('Bard', 'Caitlyn', 'Nidalee', 'Ryze', 'Yasuo')",0,2,2
"('Corki', 'Galio', ""Rek'Sai"", 'Vladimir', 'Zoe')",0,2,2
"('Camille', 'Karthus', 'Renekton', 'Skarner', 'Varus')",2,0,2
"('Amumu', 'Diana', 'Lucian', 'Quinn', 'Yasuo')",0,2,2
"('Akali', 'Amumu', ""Kai'Sa"", 'Kindred', 'Rumble')",2,0,2
"('Corki', 'Mordekaiser', 'Nautilus', 'Poppy', 'Senna')",0,2,2
"('Corki', ""Kai'Sa"", 'Nidalee', 'Skarner', 'Taric')",0,2,2
"('Alistar', ""Kai'Sa"", 'Kled', 'Lee Sin', 'Sylas')",0,2,2
"('Corki', 'Galio', 'Lux', 'Sett', 'Skarner')",2,0,2
"('Blitzcrank', 'Kayn', 'Taliyah', 'Tryndamere', 'Twitch')",2,0,2
"('Alistar', 'Graves', 'Hwei', 'Tryndamere', 'Zeri')",2,0,2
"(""Kai'Sa"", 'Nami', 'Qiyana', 'Sylas', 'Udyr')",2,0,2
"('Nami', 'Nidalee', 'Renekton', 'Tristana', 'Varus')",2,0,2
"('Hecarim', 'Hwei', 'Jayce', 'Taric', 'Varus')",2,0,2
"('Ashe', ""Kai'Sa"", 'Kled', 'Xin Zhao', 'Zoe')",2,0,2
"('Hecarim', 'Jinx', 'Lulu', 'Singed', 'Tristana')",0,2,2
"('Hecarim', 'Kennen', 'Nautilus', 'Qiyana', 'Varus')",2,0,2
"('Aphelios', 'Dr. Mundo', 'Hecarim', 'Jayce', 'Swain')",2,0,2
"('Dr. Mundo', 'Hwei', 'Kalista', 'Lee Sin', 'Neeko')",2,0,2
"('Akshan', 'Elise', ""Kog'Maw"", 'Lulu', 'Skarner')",2,0,2
"('Ashe', 'Dr. Mundo', 'Lillia', 'Rumble', 'Yone')",0,2,2
"('Hecarim', 'Jinx', 'LeBlanc', 'Thresh', 'Twisted Fate')",2,0,2
"('Aphelios', 'Dr. Mundo', 'Nautilus', 'Twisted Fate', 'Viego')",0,2,2
"('Ashe', 'Brand', 'Corki', 'Mordekaiser', 'Seraphine')",2,0,2
"('Jinx', 'Katarina', 'Lulu', 'Rumble', 'Sejuani')",2,0,2
"('Cassiopeia', 'Ezreal', 'Janna', 'Qiyana', 'Viego')",2,0,2
"('Irelia', 'Jinx', ""Kha'Zix"", 'LeBlanc', 'Lulu')",2,0,2
"('Aurelion Sol', 'Camille', 'Nami', ""Rek'Sai"", 'Sivir')",2,0,2
"('Ahri', 'Camille', 'Karthus', 'Lulu', 'Zeri')",0,2,2
"('Akali', 'Alistar', 'Hecarim', 'Sivir', 'Twisted Fate')",0,2,2
"('Blitzcrank', 'Hecarim', ""Kai'Sa"", 'Orianna', 'Twisted Fate')",2,0,2
"('Corki', 'Nidalee', 'Pyke', 'Seraphine', 'Volibear')",2,0,2
"('Braum', 'Jax', 'Jinx', 'Nidalee', 'Pantheon')",2,0,2
"('Gnar', 'Hecarim', ""Kai'Sa"", 'LeBlanc', 'Lulu')",0,2,2
"('Nunu & Willump', 'Seraphine', 'Skarner', 'Tristana', 'Twitch')",2,0,2
"('Akshan', ""Kai'Sa"", 'Nautilus', 'Skarner', 'Viego')",0,2,2
"('Ahri', 'Ashe', ""K'Sante"", ""Rek'Sai"", 'Seraphine')",0,2,2
"('Cassiopeia', 'Elise', 'Jax', ""Kai'Sa"", 'Yone')",2,0,2
"('Blitzcrank', 'Jax', 'Lillia', 'Varus', 'Yone')",0,2,2
"('Hwei', 'Lee Sin', 'Rakan', 'Urgot', 'Xayah')",0,2,2
"('Jinx', ""K'Sante"", 'Taliyah', 'Thresh', 'Yone')",0,2,2
"('Hecarim', 'Kled', 'Rumble', 'Taliyah', 'Varus')",2,0,2
"('Caitlyn', 'Lux', 'Nidalee', 'Tristana', 'Tryndamere')",2,0,2
"('Hecarim', 'Kalista', 'Leona', 'Urgot', 'Viktor')",0,2,2
"('Aphelios', 'Corki', 'Nidalee', 'Ryze', 'Zac')",2,0,2
"(""Bel'Veth"", 'Camille', 'Jax', 'Kalista', 'Karma')",0,2,2
"('Caitlyn', 'Camille', 'Hwei', 'Karthus', 'Qiyana')",2,0,2
"('Hecarim', 'Mordekaiser', 'Seraphine', 'Smolder', 'Yone')",2,0,2
"('Ekko', 'Hecarim', 'Nautilus', 'Riven', 'Samira')",0,2,2
"('Ashe', 'Fiora', 'Janna', 'Lee Sin', 'Syndra')",0,2,2
"('Ashe', 'Blitzcrank', 'Ekko', 'Fiora', 'Hwei')",2,0,2
"('Caitlyn', 'Corki', 'Malphite', 'Nidalee', 'Rell')",0,2,2
"('Jhin', 'Pantheon', 'Riven', 'Senna', 'Taliyah')",0,2,2
"('Corki', 'Malphite', 'Nidalee', 'Rakan', 'Yone')",2,0,2
"('Akshan', 'Bard', 'Renekton', 'Sylas', 'Zeri')",0,2,2
"('Akshan', 'Kennen', 'Lillia', 'Rakan', 'Twisted Fate')",0,2,2
"('Ashe', 'Cassiopeia', ""K'Sante"", 'Lillia', 'Senna')",0,2,2
"('Katarina', 'Nidalee', 'Thresh', 'Twisted Fate', 'Zeri')",2,0,2
"('Amumu', 'Draven', 'Hwei', 'Pantheon', 'Twisted Fate')",0,2,2
"('Aurelion Sol', 'Jinx', 'Poppy', 'Pyke', 'Twisted Fate')",2,0,2
"('Ahri', 'Aphelios', 'Nautilus', 'Rumble', 'Viego')",0,2,2
"('Camille', 'Fiddlesticks', 'Jhin', 'Karma', ""Kha'Zix"")",2,0,2
"('Draven', 'Graves', 'Renekton', 'Rumble', 'Thresh')",0,2,2
"('Blitzcrank', 'Elise', 'Nilah', 'Rumble', 'Tristana')",0,2,2
"('Braum', ""Kai'Sa"", ""Rek'Sai"", 'Twisted Fate', 'Ziggs')",0,2,2
"('Graves', ""K'Sante"", 'Leona', 'Orianna', 'Varus')",0,2,2
"('Draven', 'Master Yi', 'Orianna', 'Rakan', 'Yorick')",0,2,2
"('Jhin', ""K'Sante"", 'Karthus', 'Senna', 'Tristana')",0,2,2
"('Fizz', ""Kai'Sa"", 'Nautilus', 'Viego', 'Wukong')",2,0,2
"('Akali', 'Graves', 'Lucian', 'Nami', 'Tristana')",0,2,2
"('Camille', 'Malphite', 'Nidalee', 'Pyke', 'Twisted Fate')",2,0,2
"('Gragas', 'Nilah', 'Quinn', 'Renata Glasc', 'Zed')",0,2,2
"('Karthus', 'Lucian', 'Nami', 'Nasus', 'Qiyana')",2,0,2
"('Ashe', 'Bard', 'Brand', 'Mordekaiser', 'Pantheon')",2,0,2
"('Ashe', 'Bard', 'Fiddlesticks', 'Jax', 'Pantheon')",2,0,2
"('Alistar', 'Azir', 'Draven', 'Hecarim', 'Kled')",0,2,2
"(""Kai'Sa"", 'Nautilus', 'Nocturne', 'Pantheon', 'Rumble')",2,0,2
"('Elise', 'Irelia', ""Kai'Sa"", 'Kled', 'Nautilus')",2,0,2
"('Kalista', 'Nidalee', 'Pantheon', 'Renata Glasc', 'Skarner')",0,2,2
"(""K'Sante"", 'Lillia', 'Pantheon', 'Rakan', 'Zeri')",2,0,2
"('Diana', 'Pantheon', 'Rell', 'Twisted Fate', 'Varus')",2,0,2
"('Fiddlesticks', 'Rakan', 'Sivir', 'Talon', 'Vladimir')",2,0,2
"('Ashe', ""Bel'Veth"", 'Leona', 'Mordekaiser', 'Pantheon')",2,0,2
"('Aphelios', 'Aurelion Sol', ""K'Sante"", 'Seraphine', 'Viego')",0,2,2
"('Camille', 'Hecarim', 'Kindred', 'Rakan', 'Taliyah')",0,2,2
"('Bard', 'Camille', 'Graves', 'Jhin', 'Taliyah')",2,0,2
"('Bard', 'Gnar', 'Jhin', ""Rek'Sai"", 'Zoe')",0,2,2
"('Ahri', 'Akali', 'Graves', ""Kai'Sa"", 'Nautilus')",2,0,2
"('Heimerdinger', 'Nidalee', 'Skarner', 'Tristana', 'Twisted Fate')",0,2,2
"('Gragas', ""Kai'Sa"", 'Poppy', 'Sona', 'Yasuo')",0,2,2
"('Ashe', 'Graves', 'Kennen', 'Skarner', 'Taric')",2,0,2
"('Ashe', 'Gragas', 'Pantheon', 'Pyke', 'Taliyah')",0,2,2
"('Galio', ""Kai'Sa"", 'Nautilus', 'Nidalee', 'Riven')",0,2,2
"(""Bel'Veth"", 'Camille', 'Cassiopeia', 'Galio', 'Nautilus')",2,0,2
"(""Kai'Sa"", 'Ornn', 'Rell', 'Rengar', 'Twisted Fate')",2,0,2
"('Elise', 'Ezreal', 'Illaoi', 'Karma', 'Tristana')",2,0,2
"('Hecarim', 'Neeko', 'Riven', 'Singed', 'Zeri')",2,0,2
"('Corki', 'Gwen', 'Miss Fortune', 'Nautilus', 'Nidalee')",0,2,2
"('Diana', 'Riven', 'Senna', 'Taliyah', 'Varus')",2,0,2
"('Galio', ""Kai'Sa"", 'Neeko', 'Riven', 'Viego')",2,0,2
"('Ashe', 'Cassiopeia', 'Rell', 'Tryndamere', 'Viego')",2,0,2
"(""Bel'Veth"", 'Lee Sin', 'Sona', 'Taliyah', 'Zeri')",2,0,2
"('Aphelios', 'Fiddlesticks', 'Galio', 'Renekton', 'Tahm Kench')",2,0,2
"('Draven', 'Graves', 'Hwei', 'Nautilus', 'Sett')",0,2,2
"('Neeko', 'Rengar', 'Taliyah', 'Twitch', 'Viego')",0,2,2
"('Ashe', 'Nunu & Willump', 'Rell', 'Riven', 'Xerath')",2,0,2
"('Braum', ""Kog'Maw"", 'Nidalee', 'Renekton', 'Tristana')",2,0,2
"('Cassiopeia', 'Kindred', 'Lulu', 'Orianna', 'Zeri')",0,2,2
"('Brand', 'Jayce', 'Nautilus', 'Riven', 'Swain')",2,0,2
"('Akali', ""Bel'Veth"", 'Pyke', 'Warwick', 'Zeri')",2,0,2
"('Corki', ""K'Sante"", 'Lucian', 'Nami', 'Nidalee')",2,0,2
"('Ashe', 'Jayce', 'Lillia', 'Pantheon', 'Taric')",2,0,2
"('Graves', 'Jinx', 'Syndra', 'Thresh', 'Vladimir')",2,0,2
"('Graves', 'Kalista', 'Leona', 'Twisted Fate', 'Vex')",0,2,2
"('Ahri', 'Jinx', 'Kindred', 'Renekton', 'Taric')",0,2,2
"('Lee Sin', 'Poppy', 'Rakan', 'Sivir', 'Syndra')",0,2,2
"('Graves', 'Kalista', 'Nautilus', ""Vel'Koz"", 'Vladimir')",2,0,2
"('Aatrox', 'Anivia', 'Ekko', ""Kai'Sa"", 'Lucian')",0,2,2
"('Hecarim', 'Hwei', 'Samira', 'Taric', 'Xin Zhao')",0,2,2
"('Ashe', 'Elise', 'Illaoi', 'Taric', 'Tristana')",2,0,2
"('Qiyana', 'Shaco', 'Sivir', 'Taric', 'Zac')",2,0,2
"('Caitlyn', 'Jax', 'Lulu', 'Rengar', 'Taliyah')",2,0,2
"(""Kai'Sa"", 'Lillia', 'Poppy', 'Taric', 'Tristana')",2,0,2
"('Gragas', 'Jhin', 'Nidalee', 'Qiyana', 'Renekton')",2,0,2
"(""Bel'Veth"", 'Blitzcrank', 'Shen', 'Twisted Fate', 'Zeri')",0,2,2
"(""Bel'Veth"", 'Blitzcrank', ""Kai'Sa"", 'Kennen', 'Zed')",0,2,2
"('Azir', ""Bel'Veth"", 'Lulu', 'Rell', 'Zeri')",2,0,2
"('Ashe', ""Bel'Veth"", 'Gragas', 'Jax', 'Katarina')",0,2,2
"(""Bel'Veth"", 'Hwei', 'Rakan', 'Twisted Fate', 'Varus')",0,2,2
"('Aphelios', 'Irelia', 'Kled', 'Taliyah', 'Thresh')",0,2,2
"(""Kai'Sa"", 'Lee Sin', 'Tryndamere', 'Twisted Fate', 'Zac')",2,0,2
"('Akali', 'Camille', 'Jinx', 'Rell', 'Taliyah')",2,0,2
"('Ashe', 'Camille', 'Gwen', 'Jayce', 'Rumble')",2,0,2
"('Ashe', 'Braum', 'Hecarim', 'Orianna', 'Rumble')",2,0,2
"('Aurelion Sol', 'Karthus', 'Rakan', 'Tryndamere', 'Zeri')",2,0,2
"('Ashe', 'Hwei', 'Malphite', 'Skarner', 'Viego')",2,0,2
"('Fiora', 'Hwei', 'Rakan', 'Viego', 'Xayah')",0,2,2
"('Alistar', 'Ashe', 'Fiora', 'Karthus', 'Tristana')",0,2,2
"('Gwen', ""Kai'Sa"", 'Lee Sin', 'Rakan', 'Yasuo')",0,2,2
"('Ashe', 'Braum', 'Ekko', 'Jayce', 'Renekton')",2,0,2
"('Ashe', 'Aurelion Sol', 'Blitzcrank', 'Lee Sin', 'Skarner')",0,2,2
"('Cassiopeia', 'Graves', ""Kai'Sa"", 'Nautilus', 'Zoe')",0,2,2
"('Ashe', 'Lee Sin', 'Leona', 'Poppy', 'Twisted Fate')",2,0,2
"('Ahri', 'Lucian', 'Rell', 'Tryndamere', 'Viego')",0,2,2
"('Karthus', 'Katarina', 'Neeko', 'Ornn', 'Varus')",2,0,2
"('Graves', 'Janna', 'Rumble', 'Syndra', 'Varus')",2,0,2
"('Bard', 'Gragas', 'Kindred', 'Nunu & Willump', 'Varus')",2,0,2
"('Ivern', 'Jayce', ""Kai'Sa"", 'Rell', 'Zed')",0,2,2
"('Camille', 'Gragas', 'Lillia', 'Lulu', 'Zeri')",0,2,2
"('Graves', 'Rakan', 'Renekton', 'Twisted Fate', 'Varus')",0,2,2
"(""Kai'Sa"", 'Rell', 'Tahm Kench', 'Taliyah', 'Yasuo')",2,0,2
"('Graves', 'Olaf', 'Pyke', 'Syndra', 'Zeri')",2,0,2
"('Ashe', 'Lissandra', 'Pantheon', 'Skarner', 'Viego')",2,0,2
"('Corki', 'Illaoi', 'Kindred', 'Orianna', 'Rell')",0,2,2
"('Graves', 'Hwei', 'Kennen', 'Sivir', 'Zyra')",0,2,2
"('Ashe', 'Graves', 'Rammus', 'Rumble', 'Twisted Fate')",2,0,2
"('Cassiopeia', 'Katarina', ""Kha'Zix"", 'Neeko', 'Varus')",0,2,2
"('Camille', 'Graves', 'Hwei', 'Jax', 'Jhin')",0,2,2
"('Caitlyn', 'Camille', 'Graves', 'Heimerdinger', 'Taliyah')",0,2,2
"('Morgana', 'Skarner', 'Sylas', 'Viego', 'Zeri')",2,0,2
"('Gangplank', 'Graves', 'Hwei', 'Rell', 'Varus')",2,0,2
"('Aatrox', ""Kha'Zix"", 'Rakan', 'Twisted Fate', 'Xayah')",2,0,2
"('Aurelion Sol', ""Bel'Veth"", 'Blitzcrank', 'Kalista', 'Rumble')",2,0,2
"('Garen', 'Hwei', ""Kai'Sa"", 'Rumble', 'Skarner')",2,0,2
"('Aatrox', 'Cassiopeia', ""Rek'Sai"", 'Rell', 'Zed')",2,0,2
"('Alistar', 'Cassiopeia', 'Tryndamere', 'Viego', 'Zed')",2,0,2
"('Akali', 'Kalista', 'Nidalee', 'Nocturne', 'Thresh')",0,2,2
"(""Kai'Sa"", 'Lulu', 'Rell', 'Rumble', 'Zed')",0,2,2
"('Graves', 'Nautilus', 'Shen', 'Varus', 'Xerath')",2,0,2
"('Irelia', 'Lucian', 'Nami', 'Nidalee', 'Rumble')",0,2,2
"('Alistar', 'Rumble', 'Tristana', 'Varus', 'Viego')",2,0,2
"('Akshan', 'Nidalee', 'Rell', 'Samira', 'Tryndamere')",0,2,2
"('Diana', ""Kai'Sa"", 'Pantheon', 'Skarner', 'Thresh')",2,0,2
"('LeBlanc', 'Lux', ""Rek'Sai"", 'Ryze', 'Varus')",2,0,2
"('Orianna', 'Smolder', 'Thresh', 'Urgot', 'Wukong')",2,0,2
"('Ashe', 'Braum', 'Fiora', 'Orianna', 'Viego')",2,0,2
"(""Bel'Veth"", 'Neeko', 'Senna', 'Shen', 'Sion')",2,0,2
"('Blitzcrank', 'Camille', 'Hwei', 'Jinx', 'Kindred')",2,0,2
"('Jinx', 'Karthus', 'LeBlanc', 'Maokai', 'Renekton')",0,2,2
"('Aurelion Sol', 'Neeko', 'Talon', 'Varus', 'Vayne')",2,0,2
"('Fiora', ""Kai'Sa"", 'Karthus', 'Pantheon', 'Pyke')",0,2,2
"('Gragas', ""Kai'Sa"", 'Rakan', 'Twisted Fate', 'Xin Zhao')",0,2,2
"('Aphelios', 'Lillia', 'Pantheon', 'Rakan', 'Skarner')",2,0,2
"('Jax', 'Pantheon', 'Pyke', 'Samira', 'Taliyah')",2,0,2
"('Fiddlesticks', ""Kai'Sa"", 'Nautilus', 'Pantheon', 'Twisted Fate')",2,0,2
"('Draven', 'Graves', 'Rell', 'Taliyah', 'Tryndamere')",2,0,2
"('Jinx', 'Pantheon', 'Taliyah', 'Thresh', 'Warwick')",0,2,2
"('Ahri', 'Alistar', ""Kai'Sa"", ""Kha'Zix"", 'Kled')",2,0,2
"('Corki', 'Kindred', 'LeBlanc', 'Rell', 'Tryndamere')",2,0,2
"('Ashe', 'Darius', 'Kalista', 'Twisted Fate', 'Viego')",0,2,2
"('Graves', 'Jhin', 'Neeko', 'Twisted Fate', 'Udyr')",2,0,2
"('Ashe', 'Braum', 'Hecarim', 'Hwei', 'Irelia')",2,0,2
"('Blitzcrank', 'Corki', 'Jax', ""K'Sante"", 'Zoe')",2,0,2
"('Aphelios', 'Graves', 'Orianna', 'Thresh', 'Vayne')",0,2,2
"('Janna', 'Jhin', 'Lillia', 'Malphite', 'Tristana')",2,0,2
"('Corki', ""Kai'Sa"", 'Nautilus', 'Taliyah', 'Udyr')",0,2,2
"('Master Yi', 'Nautilus', 'Rumble', 'Senna', 'Zoe')",2,0,2
"('Fiora', 'Jinx', 'Nidalee', 'Thresh', 'Tristana')",0,2,2
"('Aatrox', 'Camille', 'Corki', 'Ekko', 'Irelia')",2,0,2
"('Ashe', 'Fiddlesticks', 'Nidalee', 'Pantheon', 'Thresh')",0,2,2
"('Ahri', 'Graves', ""Kai'Sa"", 'Milio', 'Udyr')",0,2,2
"('Corki', 'Ekko', 'Ezreal', 'Kennen', 'Rell')",0,2,2
"('Aatrox', 'Aurelion Sol', 'Caitlyn', 'Poppy', 'Skarner')",2,0,2
"('Aphelios', ""K'Sante"", 'Taliyah', 'Thresh', 'Viego')",0,2,2
"('Bard', 'Ornn', 'Pantheon', 'Sivir', 'Viego')",0,2,2
"('Kalista', 'Neeko', 'Rumble', 'Vi', 'Viego')",0,2,2
"('Ashe', 'Fizz', 'Gnar', 'Hwei', 'Kindred')",0,2,2
"('Kennen', 'Nautilus', 'Taliyah', 'Varus', 'Yone')",2,0,2
"('Jax', ""Kai'Sa"", 'LeBlanc', ""Rek'Sai"", 'Rell')",2,0,2
"('Camille', 'Galio', 'Maokai', 'Rengar', 'Varus')",0,2,2
"('Poppy', 'Rakan', 'Tristana', 'Vex', 'Viego')",2,0,2
"('Irelia', 'Lillia', 'Lissandra', 'Pyke', 'Zeri')",0,2,2
"('Aatrox', ""Bel'Veth"", 'Ezreal', 'Lissandra', 'Lulu')",0,2,2
"('Bard', 'Cassiopeia', 'Jhin', 'Katarina', 'Lee Sin')",0,2,2
"('Aphelios', 'Karthus', 'Qiyana', 'Renekton', 'Thresh')",2,0,2
"('Fiddlesticks', ""K'Sante"", 'Maokai', 'Senna', 'Tristana')",2,0,2
"('Kennen', 'LeBlanc', 'Lee Sin', 'Maokai', 'Senna')",2,0,2
"('LeBlanc', 'Lee Sin', 'Nautilus', 'Pantheon', 'Zeri')",2,0,2
"(""Kai'Sa"", 'Lissandra', 'Nautilus', 'Renekton', 'Viego')",2,0,2
"('Galio', 'Jinx', 'Lee Sin', 'Thresh', 'Twisted Fate')",1,1,2
"('Camille', 'Jayce', 'Jhin', 'Nidalee', 'Taliyah')",0,2,2
"('Camille', 'Corki', 'Nidalee', 'Rakan', 'Zeri')",2,0,2
"('Bard', 'Jax', 'Jhin', 'Lissandra', 'Viego')",2,0,2
"('Draven', 'Karma', 'Lissandra', 'Tryndamere', 'Viego')",2,0,2
"('Lissandra', 'Lux', 'Rengar', 'Riven', 'Varus')",2,0,2
"('Brand', 'Lucian', 'Nami', 'Skarner', 'Zed')",0,2,2
"('Ashe', 'Graves', 'Lissandra', 'Seraphine', 'Yone')",0,2,2
"('Braum', 'Corki', 'Fiddlesticks', 'Smolder', 'Urgot')",2,0,2
"('Cassiopeia', ""Kai'Sa"", ""Rek'Sai"", 'Rell', 'Skarner')",2,0,2
"('Corki', 'Graves', 'Kennen', 'Rell', 'Twitch')",0,2,2
"('Caitlyn', 'Milio', 'Nunu & Willump', 'Rengar', 'Xerath')",0,2,2
"('Gragas', 'Hecarim', ""Kai'Sa"", 'Nautilus', 'Talon')",2,0,2
"('Ezreal', 'Soraka', 'Taliyah', 'Tristana', 'Twisted Fate')",2,0,2
"('Braum', 'Neeko', 'Nidalee', 'Smolder', 'Tryndamere')",0,2,2
"('Cassiopeia', 'Kennen', 'Leona', ""Rek'Sai"", 'Tristana')",2,0,2
"('Nautilus', 'Rengar', 'Rumble', 'Smolder', 'Zeri')",2,0,2
"('Camille', 'Ezreal', 'Fiddlesticks', 'Irelia', 'Nautilus')",2,0,2
"('Anivia', 'Cassiopeia', 'Kindred', 'Nautilus', 'Twisted Fate')",0,2,2
"('Cassiopeia', 'Kindred', 'Skarner', 'Taric', 'Tryndamere')",0,2,2
"('Ashe', 'Leona', ""Rek'Sai"", 'Syndra', 'Tryndamere')",2,0,2
"('Jinx', ""K'Sante"", 'Nautilus', 'Taliyah', 'Tristana')",1,1,2
"('Fizz', ""K'Sante"", 'Lulu', 'Viego', 'Zeri')",0,2,2
"('Ashe', 'Cassiopeia', 'Jayce', 'Jhin', 'Rengar')",0,2,2
"('Jinx', 'Ryze', 'Thresh', 'Xin Zhao', 'Zac')",0,2,2
"('Aatrox', 'Blitzcrank', 'Jinx', 'LeBlanc', 'Taliyah')",2,0,2
"('Jax', 'Jhin', 'Lee Sin', 'Rumble', 'Twisted Fate')",0,2,2
"('Ashe', 'Graves', 'Seraphine', 'Singed', 'Talon')",0,2,2
"(""Rek'Sai"", 'Rell', 'Taliyah', 'Twisted Fate', 'Zeri')",0,2,2
"('Elise', 'Milio', 'Pantheon', 'Vayne', 'Vladimir')",2,0,2
"('Darius', 'Nautilus', 'Nidalee', 'Taliyah', 'Vayne')",0,2,2
"('Hwei', ""Kai'Sa"", 'Leona', 'Skarner', 'Xin Zhao')",0,2,2
"('Ashe', 'Braum', 'Graves', 'Irelia', 'Viego')",0,2,2
"('Lee Sin', 'Nautilus', 'Rumble', 'Varus', 'Zoe')",0,2,2
"('Corki', 'Graves', ""K'Sante"", 'Nautilus', 'Ryze')",2,0,2
"('Camille', 'Corki', 'Nautilus', 'Taliyah', 'Tristana')",0,2,2
"('Ashe', 'Jhin', ""K'Sante"", 'Syndra', 'Taliyah')",0,2,2
"('Alistar', 'Dr. Mundo', 'Hecarim', 'Malphite', 'Miss Fortune')",0,2,2
"('Akshan', 'Ashe', 'Irelia', 'Nidalee', 'Xayah')",2,0,2
"('Graves', 'Hwei', 'Jinx', 'Nautilus', 'Poppy')",2,0,2
"('Malphite', 'Nidalee', 'Skarner', 'Smolder', 'Tristana')",2,0,2
"('Fiora', 'Leona', 'Orianna', ""Rek'Sai"", 'Zeri')",0,2,2
"('Ahri', 'Renata Glasc', 'Talon', 'Varus', 'Zeri')",2,0,2
"('Aatrox', 'Graves', 'Hwei', ""Kai'Sa"", 'Rakan')",0,2,2
"('Bard', 'Fiora', 'Graves', 'Nunu & Willump', 'Smolder')",2,0,2
"('Aatrox', 'Blitzcrank', 'Lissandra', 'Rumble', 'Varus')",0,2,2
"(""Bel'Veth"", 'Caitlyn', 'Fiora', 'Orianna', 'Skarner')",0,2,2
"('Fiora', ""Kai'Sa"", 'Nautilus', 'Viego', 'Viktor')",0,2,2
"('Ashe', 'Fiora', 'Graves', 'LeBlanc', 'Soraka')",2,0,2
"('Fiora', 'LeBlanc', 'Lee Sin', 'Rumble', 'Zeri')",0,2,2
"('Lucian', 'Milio', 'Renekton', 'Taliyah', 'Yone')",0,2,2
"('Braum', 'Nilah', 'Renekton', 'Syndra', 'Viego')",0,2,2
"('Brand', 'Kled', 'Lissandra', 'Lucian', 'Sejuani')",0,2,2
"('Azir', 'Jax', 'Jhin', 'Lee Sin', 'Rumble')",2,0,2
"('Hwei', 'Jax', 'Jinx', 'Lee Sin', 'Thresh')",2,0,2
"(""Bel'Veth"", 'Blitzcrank', 'Corki', 'Orianna', 'Volibear')",0,2,2
"('Camille', 'Graves', 'Skarner', 'Tristana', 'Xerath')",2,0,2
"('Briar', 'Corki', 'Malphite', 'Thresh', 'Twisted Fate')",0,2,2
"('Camille', 'Corki', 'Galio', 'Skarner', 'Taliyah')",2,0,2
"('Alistar', 'Jax', 'Lillia', 'Tristana', 'Ziggs')",2,0,2
"(""Cho'Gath"", 'Corki', 'Irelia', 'Nidalee', 'Tristana')",2,0,2
"('Akali', 'Alistar', 'Sejuani', 'Tryndamere', 'Zeri')",2,0,2
"('Graves', 'Kalista', 'Kassadin', 'Ornn', 'Shaco')",2,0,2
"('Diana', 'Kennen', ""Kog'Maw"", 'Rakan', 'Tristana')",2,0,2
"('Jhin', 'LeBlanc', 'Lee Sin', 'Leona', 'Twisted Fate')",2,0,2
"('Alistar', 'Heimerdinger', 'Lillia', 'Tristana', 'Zeri')",2,0,2
"('Akshan', 'Ashe', 'Nautilus', 'Rumble', 'Taliyah')",2,0,2
"('Blitzcrank', ""Kai'Sa"", 'LeBlanc', 'Lee Sin', 'Rumble')",2,0,2
"('Gwen', 'Jinx', 'Nautilus', 'Rumble', 'Tristana')",0,2,2
"('Aphelios', 'Pantheon', 'Syndra', 'Thresh', 'Viego')",2,0,2
"('Bard', 'Cassiopeia', 'Diana', 'Pantheon', 'Viego')",2,0,2
"('Blitzcrank', 'Cassiopeia', 'Darius', 'Graves', 'Syndra')",2,0,2
"('Gragas', 'Graves', ""Kai'Sa"", 'Riven', 'Zac')",2,0,2
"('Ashe', 'Camille', 'Lee Sin', 'Lux', 'Urgot')",2,0,2
"(""Bel'Veth"", 'Corki', 'Kennen', 'Nautilus', 'Senna')",0,2,2
"('Corki', 'Gragas', 'Hecarim', 'Jhin', 'Rakan')",2,0,2
"('Graves', 'Jhin', 'Neeko', 'Rumble', 'Syndra')",0,2,2
"('Galio', 'Jinx', 'Taliyah', 'Thresh', 'Twisted Fate')",2,0,2
"('Gwen', 'Jhin', 'Rakan', 'Sejuani', 'Yone')",2,0,2
"('Ahri', 'Jayce', 'Lucian', 'Nami', 'Xin Zhao')",2,0,2
"('Fiora', 'Lucian', 'Nautilus', 'Taliyah', 'Zeri')",0,2,2
"('Caitlyn', 'Gnar', 'Hwei', 'Thresh', 'Viego')",2,0,2
"('Corki', 'Darius', 'Nautilus', 'Nidalee', 'Tristana')",0,2,2
"('Ashe', 'Nautilus', 'Rumble', 'Viego', 'Ziggs')",2,0,2
"('Gwen', ""Kai'Sa"", 'Lux', 'Nautilus', 'Sion')",2,0,2
"('Leona', 'Ornn', 'Twisted Fate', 'Vex', 'Viego')",2,0,2
"('Gnar', 'Irelia', 'Maokai', 'Rumble', 'Twisted Fate')",0,2,2
"('Jax', 'Karthus', 'Neeko', 'Rengar', 'Twisted Fate')",2,0,2
"('Camille', 'Graves', 'Heimerdinger', 'Senna', 'Twisted Fate')",2,0,2
"('Jhin', 'Kindred', 'Neeko', 'Taliyah', 'Tryndamere')",2,0,2
"('Jhin', 'Seraphine', 'Swain', 'Sylas', 'Viego')",2,0,2
"('Corki', 'Gragas', 'Jhin', 'Nautilus', 'Vayne')",2,0,2
"(""Kha'Zix"", 'Malphite', 'Sivir', 'Vex', 'Zilean')",2,0,2
"('Olaf', 'Seraphine', 'Taliyah', 'Tristana', 'Varus')",2,0,2
"('Annie', 'Blitzcrank', 'Corki', 'Lee Sin', 'Riven')",2,0,2
"('Corki', 'Jayce', 'Katarina', 'Nautilus', 'Rengar')",2,0,2
"('Hwei', ""Kai'Sa"", 'Nautilus', 'Renekton', 'Viego')",0,2,2
"(""Kai'Sa"", 'Lee Sin', 'Nautilus', 'Tahm Kench', 'Zoe')",0,2,2
"(""Cho'Gath"", 'Nautilus', 'Riven', 'Rumble', 'Viego')",2,0,2
"('Camille', 'Galio', ""Kai'Sa"", 'Olaf', 'Taliyah')",0,2,2
"('Camille', 'Fiddlesticks', ""K'Sante"", 'Rumble', 'Senna')",0,2,2
"('Skarner', 'Syndra', 'Varus', 'Viego', 'Zyra')",0,2,2
"('Camille', ""Kai'Sa"", 'Kled', 'Tristana', 'Zac')",2,0,2
"('Corki', 'Jayce', 'Nautilus', 'Nidalee', 'Samira')",0,2,2
"('Ashe', 'Graves', 'Rumble', 'Ryze', 'Twisted Fate')",2,0,2
"('Camille', 'Cassiopeia', 'Lee Sin', 'Yone', 'Ziggs')",0,2,2
"('Ahri', 'Camille', 'Graves', 'Zeri', 'Zyra')",0,2,2
"(""K'Sante"", 'Lillia', 'Senna', 'Tahm Kench', 'Tristana')",0,2,2
"('Corki', 'Nautilus', 'Sejuani', 'Tryndamere', 'Vayne')",2,0,2
"('Camille', 'Fiora', 'Galio', ""Kai'Sa"", 'Viego')",2,0,2
"('Anivia', 'Corki', 'Fiora', 'Lee Sin', 'Leona')",0,2,2
"('Ashe', 'Cassiopeia', 'Fiora', 'Nautilus', 'Nidalee')",2,0,2
"('Jinx', 'Kled', 'LeBlanc', 'Lee Sin', 'Thresh')",2,0,2
"('Ashe', 'Blitzcrank', 'Cassiopeia', 'Karthus', 'Quinn')",0,2,2
"('Lissandra', 'Rumble', 'Varus', 'Viego', 'Yone')",0,2,2
"('Ahri', 'Ashe', 'Kindred', 'Qiyana', 'Taric')",2,0,2
"('Ashe', 'Braum', 'Graves', 'Skarner', ""Vel'Koz"")",0,2,2
"('Camille', 'Jhin', ""Rek'Sai"", 'Taliyah', 'Urgot')",0,2,2
"('Jax', 'Kalista', 'Lillia', 'Taric', 'Twisted Fate')",0,2,2
"('Camille', 'Jinx', 'Lulu', 'Vex', 'Viego')",2,0,2
"('Jhin', 'Kennen', 'Taliyah', 'Thresh', 'Tristana')",2,0,2
"('Akshan', 'Cassiopeia', 'Nautilus', 'Skarner', 'Taliyah')",2,0,2
"('Camille', 'Cassiopeia', ""Kai'Sa"", 'Master Yi', 'Renekton')",2,0,2
"('Cassiopeia', 'Graves', 'Ornn', 'Senna', 'Zac')",0,2,2
"('Cassiopeia', ""Kai'Sa"", ""Rek'Sai"", 'Rell', 'Twisted Fate')",2,0,2
"('Ahri', 'Jax', 'Nautilus', 'Yone', 'Zeri')",2,0,2
"('Cassiopeia', ""Kai'Sa"", 'Pantheon', 'Rell', 'Skarner')",0,2,2
"('Ashe', 'Braum', 'Riven', 'Taliyah', 'Zed')",2,0,2
"('Aphelios', 'Jax', 'Nidalee', 'Thresh', 'Tristana')",2,0,2
"('Ashe', 'Karthus', 'Kayle', 'Rell', 'Yasuo')",2,0,2
"('Corki', 'Gragas', 'Kindred', 'Kled', 'Twisted Fate')",2,0,2
"('Ahri', 'Kled', 'Lee Sin', 'Nautilus', 'Varus')",0,2,2
"('Diana', 'Gragas', 'Lucian', 'Malphite', 'Viego')",0,2,2
"('Alistar', 'Cassiopeia', 'Kalista', 'Lee Sin', 'Rumble')",2,0,2
"('Aatrox', 'Ashe', 'Kalista', 'Nidalee', 'Yasuo')",2,0,2
"('Camille', 'Hwei', 'Seraphine', 'Smolder', 'Vi')",0,2,2
"('Blitzcrank', 'Kindred', 'Skarner', 'Zeri', 'Zoe')",2,0,2
"('Fiddlesticks', 'Nautilus', 'Skarner', 'Tristana', 'Varus')",2,0,2
"('Ekko', 'Kalista', 'Leona', 'Tryndamere', 'Twisted Fate')",2,0,2
"('Alistar', 'Jayce', ""Kai'Sa"", 'Lee Sin', 'Vex')",2,0,2
"('Graves', 'Gwen', 'Kalista', 'Lux', 'Seraphine')",0,2,2
"('Alistar', 'Corki', 'Fiora', ""Kai'Sa"", 'Lillia')",0,2,2
"('Ashe', 'Cassiopeia', 'Leona', 'Twisted Fate', 'Viego')",2,0,2
"('Cassiopeia', 'Corki', 'Jayce', ""Kha'Zix"", 'Rell')",0,2,2
"('Draven', ""K'Sante"", 'Lillia', 'Thresh', 'Yone')",0,2,2
"('Draven', 'Jayce', ""K'Sante"", 'Maokai', 'Taliyah')",0,2,2
"('Ahri', 'Draven', 'Jax', 'Nautilus', 'Vi')",0,2,2
"('Draven', ""K'Sante"", 'Nidalee', 'Pyke', 'Tristana')",0,2,2
"('Cassiopeia', 'Maokai', 'Samira', 'Skarner', 'Viego')",2,0,2
"('Corki', 'Gwen', 'Karma', 'Rumble', 'Tristana')",0,2,2
"('Corki', 'Diana', 'Gnar', 'Lee Sin', 'Rell')",0,2,2
"('Dr. Mundo', 'Kalista', 'Nautilus', 'Rumble', 'Sylas')",0,2,2
"('Draven', 'Graves', 'Syndra', 'Thresh', 'Vladimir')",2,0,2
"('Galio', ""Kai'Sa"", 'Lee Sin', 'Rumble', 'Zed')",2,0,2
"('Camille', 'Lillia', 'Rakan', 'Sivir', 'Viego')",0,2,2
"('Irelia', 'Karthus', 'Nilah', 'Renekton', 'Sejuani')",0,2,2
"('Aurelion Sol', 'Blitzcrank', 'Hecarim', ""Kai'Sa"", 'Viego')",2,0,2
"('Aphelios', 'Fiora', 'Karthus', 'Lulu', 'Viego')",0,2,2
"('Akshan', 'Alistar', 'Corki', 'Gragas', 'Lillia')",2,0,2
"('Fiora', ""Kai'Sa"", 'Katarina', 'Lillia', 'Nautilus')",2,0,2
"('Akshan', 'Gragas', ""Kai'Sa"", ""Kha'Zix"", 'Renekton')",2,0,2
"('Akshan', 'Elise', 'Heimerdinger', 'Rumble', 'Varus')",2,0,2
"('Diana', ""K'Sante"", 'Lucian', 'Taric', 'Tristana')",2,0,2
"('Corki', 'Illaoi', 'Miss Fortune', 'Taliyah', 'Varus')",2,0,2
"('Gwen', ""Kai'Sa"", 'Nautilus', 'Rengar', 'Viego')",0,2,2
"('Blitzcrank', ""Kai'Sa"", 'Kennen', 'Talon', 'Zac')",0,2,2
"('Hwei', 'Nidalee', 'Rell', 'Smolder', 'Tristana')",2,0,2
"('Hwei', 'Nautilus', 'Pantheon', 'Senna', 'Twisted Fate')",2,0,2
"(""K'Sante"", ""Kai'Sa"", 'Kennen', 'Sona', 'Viego')",2,0,2
"('Aatrox', 'Aurelion Sol', 'Fiddlesticks', 'Nilah', 'Sona')",2,0,2
"(""K'Sante"", 'Maokai', 'Nidalee', 'Viego', 'Zeri')",0,2,2
"('Aurelion Sol', 'Camille', 'Jax', ""Kai'Sa"", ""Rek'Sai"")",2,0,2
"('Braum', ""Kai'Sa"", 'Skarner', 'Urgot', 'Viego')",0,2,2
"('Azir', ""K'Sante"", 'Sett', 'Sivir', 'Viego')",2,0,2
"('Ashe', 'Azir', 'Camille', 'Skarner', 'Vayne')",2,0,2
"(""Bel'Veth"", 'Gragas', 'Jhin', 'Rumble', 'Sion')",0,2,2
"('Caitlyn', 'Irelia', 'Lee Sin', 'Thresh', 'Xerath')",0,2,2
"('Ahri', ""Kai'Sa"", 'Lee Sin', 'Pantheon', 'Skarner')",0,2,2
"('Ashe', 'Elise', 'Garen', 'Seraphine', 'Tristana')",0,2,2
"('Ashe', 'Kassadin', 'Lee Sin', 'Renekton', 'Seraphine')",0,2,2
"('Ashe', 'Graves', ""K'Sante"", 'LeBlanc', 'Lux')",2,0,2
"('Ashe', 'Camille', 'Taliyah', ""Vel'Koz"", 'Yasuo')",0,2,2
"('Ashe', 'Heimerdinger', 'Hwei', ""Rek'Sai"", 'Varus')",2,0,2
"('Aatrox', 'Fiddlesticks', 'Irelia', 'Kalista', 'Leona')",2,0,2
"('Bard', 'Corki', ""K'Sante"", 'Karthus', 'Varus')",2,0,2
"('Ashe', 'Corki', 'Nidalee', 'Skarner', 'Tristana')",0,2,2
"('Camille', 'Hwei', ""Kai'Sa"", 'Renekton', 'Viego')",2,0,2
"('Ashe', 'Corki', 'Elise', 'Karma', 'Renekton')",2,0,2
"('Akali', 'Jinx', ""K'Sante"", 'Skarner', 'Taliyah')",0,2,2
"('Lucian', 'Nami', 'Rumble', 'Tristana', 'Viego')",2,0,2
"('Akshan', 'Bard', ""Kai'Sa"", 'Rengar', 'Rumble')",0,2,2
"('Ashe', 'Braum', 'Kennen', 'Skarner', 'Viego')",2,0,2
"('Aatrox', 'Graves', 'Jinx', 'Milio', 'Syndra')",2,0,2
"('Alistar', 'Jinx', 'Skarner', 'Taliyah', 'Yone')",2,0,2
"('Aatrox', ""Cho'Gath"", 'Jax', 'Orianna', 'Senna')",2,0,2
"('Hwei', 'Nautilus', 'Skarner', 'Varus', 'Xin Zhao')",2,0,2
"('Ashe', 'Ekko', 'Graves', ""K'Sante"", 'Nautilus')",0,2,2
"('Ashe', 'Azir', 'Braum', 'Lulu', ""Rek'Sai"")",0,2,2
"('Gragas', 'Hwei', ""Kai'Sa"", 'Rell', 'Viego')",0,2,2
"('Alistar', 'Camille', 'Jinx', 'Lillia', 'Qiyana')",2,0,2
"('Gragas', 'Nidalee', 'Thresh', 'Tristana', 'Varus')",0,2,2
"('Nautilus', 'Nidalee', 'Tristana', 'Tryndamere', 'Zeri')",2,0,2
"('Braum', 'Hwei', 'Jayce', 'Kalista', 'Taliyah')",0,2,2
"('Akshan', 'Brand', ""Kai'Sa"", 'Pyke', 'Zac')",0,2,2
"('Corki', 'Lillia', 'Sivir', 'Skarner', 'Twisted Fate')",2,0,2
"('Dr. Mundo', 'Ekko', 'Graves', 'Poppy', 'Tristana')",2,0,2
"('Aurelion Sol', 'Corki', 'Nautilus', 'Twisted Fate', 'Viego')",0,2,2
"('Ahri', 'Bard', 'Caitlyn', 'Taliyah', 'Viego')",2,0,2
"('Akshan', 'Corki', 'Nautilus', 'Skarner', 'Vex')",2,0,2
"('Aurelion Sol', ""Kai'Sa"", 'Nautilus', 'Nidalee', 'Tryndamere')",2,0,2
"('Aatrox', 'Aurelion Sol', 'Ezreal', 'Pyke', 'Sejuani')",0,2,2
"('Irelia', ""Kai'Sa"", 'Karthus', 'Nautilus', 'Tristana')",2,0,2
"('Corki', 'Lillia', 'Skarner', 'Taric', 'Viego')",0,2,2
"('Aatrox', 'Diana', 'Pantheon', 'Rell', 'Zeri')",0,2,2
"('Ashe', 'Pyke', ""Rek'Sai"", 'Skarner', 'Vex')",0,2,2
"('Ashe', 'Hwei', ""Kha'Zix"", 'Rell', 'Rumble')",2,0,2
"('Jax', 'Sona', 'Taliyah', 'Tristana', 'Varus')",2,0,2
"('Akshan', 'Jhin', 'Lillia', 'Nautilus', 'Tryndamere')",0,2,2
"('Ashe', 'Irelia', 'Nidalee', 'Pantheon', 'Taric')",2,0,2
"('Ashe', 'Pyke', 'Rengar', 'Sylas', 'Yone')",2,0,2
"('LeBlanc', 'Lee Sin', 'Renekton', 'Sona', 'Varus')",0,2,2
"('Aphelios', 'Cassiopeia', 'Corki', 'Rell', 'Skarner')",0,2,2
"('Corki', 'Lee Sin', 'Rumble', 'Skarner', 'Zeri')",2,0,2
"('Aphelios', 'Master Yi', 'Sona', 'Sylas', 'Urgot')",2,0,2
"('Corki', 'Diana', ""K'Sante"", 'Rell', 'Yasuo')",2,0,2
"('Cassiopeia', 'Jarvan IV', ""Kog'Maw"", 'Qiyana', 'Sona')",2,0,2
"('Lee Sin', 'Lissandra', 'Rell', 'Samira', 'Twisted Fate')",2,0,2
"('Irelia', 'Jayce', ""Kai'Sa"", 'Nidalee', 'Rell')",0,2,2
"(""K'Sante"", 'Kalista', 'Rell', 'Taliyah', 'Tristana')",0,2,2
"('Galio', 'Gangplank', 'Nidalee', 'Rell', 'Varus')",2,0,2
"('Ashe', 'Braum', 'Corki', 'Graves', 'Ornn')",0,2,2
"('Bard', 'Graves', 'Tristana', 'Vladimir', 'Zeri')",2,0,2
"('Fiora', 'LeBlanc', ""Rek'Sai"", 'Senna', 'Zeri')",2,0,2
"('Leona', 'Sett', 'Taliyah', 'Varus', 'Xin Zhao')",0,2,2
"('Orianna', 'Rakan', 'Rumble', 'Viego', 'Zeri')",2,0,2
"('Gragas', 'Varus', 'Viego', 'Yone', 'Zac')",0,2,2
"('Ezreal', 'Irelia', 'Orianna', 'Sona', 'Viego')",0,2,2
"('Corki', 'Rakan', 'Taliyah', 'Vi', 'Ziggs')",0,2,2
"('Corki', 'Nautilus', 'Nidalee', 'Rumble', 'Tristana')",0,2,2
"('Blitzcrank', 'Fiora', 'Graves', 'Taliyah', 'Varus')",0,2,2
"('Ashe', 'Graves', 'Gwen', 'Rakan', 'Taliyah')",2,0,2
"('Camille', 'Jayce', 'Karthus', 'Yone', 'Zeri')",2,0,2
"('Akali', 'Corki', 'Kalista', 'Nautilus', 'Nidalee')",2,0,2
"('Ashe', 'Gnar', 'Jarvan IV', 'Orianna', 'Shaco')",0,2,2
"('Ahri', ""Kai'Sa"", 'Nautilus', 'Poppy', 'Viego')",0,2,2
"('Aphelios', 'Hwei', 'Irelia', 'Leona', 'Viego')",0,2,2
"('Akshan', ""Kai'Sa"", 'Nautilus', 'Singed', 'Viego')",2,0,2
"('Aatrox', 'Hwei', 'Lee Sin', 'Rakan', 'Varus')",0,2,2
"('Graves', 'Hwei', 'Jinx', 'Skarner', 'Udyr')",2,0,2
"('Briar', 'Rakan', 'Samira', 'Tryndamere', 'Twisted Fate')",2,0,2
"('Ahri', 'Kalista', 'Neeko', 'Skarner', 'Udyr')",0,2,2
"('Ashe', 'Jax', 'Kalista', 'Nocturne', 'Orianna')",2,0,2
"('Ahri', 'Braum', 'Corki', 'Graves', 'Twisted Fate')",2,0,2
"('Brand', ""Cho'Gath"", 'Jayce', 'Taric', 'Urgot')",0,2,2
"('Ashe', 'Blitzcrank', 'Irelia', 'Lillia', 'Volibear')",0,2,2
"('Akali', 'Corki', 'Gragas', 'Lux', 'Pantheon')",2,0,2
"('Akali', 'Aphelios', 'Elise', ""K'Sante"", 'Lee Sin')",2,0,2
"('Camille', 'Hwei', 'Jinx', ""Kha'Zix"", 'Nautilus')",2,0,2
"(""Kai'Sa"", 'Kennen', 'Thresh', 'Twisted Fate', 'Viego')",0,2,2
"('Draven', 'Elise', 'Gangplank', 'Jax', 'Master Yi')",2,0,2
"('Elise', ""K'Sante"", 'Rumble', 'Twitch', 'Zed')",0,2,2
"('Ashe', 'Mordekaiser', 'Qiyana', 'Vi', 'Xayah')",2,0,2
"('Corki', 'Kindred', 'Sejuani', 'Vladimir', 'Yasuo')",2,0,2
"('Alistar', 'Kennen', 'Taliyah', 'Tryndamere', 'Zeri')",2,0,2
"('Ashe', 'Braum', 'Kindred', 'Neeko', 'Tryndamere')",0,2,2
"('Lissandra', 'Lucian', ""Rek'Sai"", 'Soraka', 'Tryndamere')",0,2,2
"('Corki', 'Gragas', ""Kha'Zix"", 'Nautilus', 'Tryndamere')",2,0,2
"('Ashe', 'Lillia', 'Soraka', 'Tristana', 'Tryndamere')",0,2,2
"('Akshan', 'Bard', 'Brand', 'Corki', 'Tryndamere')",0,2,2
"('Aphelios', 'Bard', 'Fiora', ""Rek'Sai"", 'Tryndamere')",0,2,2
"('Cassiopeia', 'Corki', 'Lee Sin', 'Pyke', 'Twisted Fate')",2,0,2
"('Cassiopeia', 'Darius', 'Kalista', 'Nautilus', 'Viego')",2,0,2
"('Corki', 'Graves', 'Gwen', 'Neeko', 'Tryndamere')",0,2,2
"('Alistar', 'Kindred', 'LeBlanc', 'Skarner', 'Smolder')",2,0,2
"('Corki', 'Fiddlesticks', 'Fizz', 'Jayce', 'Senna')",2,0,2
"('Ezreal', 'Graves', ""K'Sante"", 'Karma', 'Zilean')",2,0,2
"('Aatrox', 'Blitzcrank', 'Nidalee', 'Twisted Fate', 'Varus')",0,2,2
"('Kalista', ""Kha'Zix"", 'Rumble', 'Skarner', 'Xerath')",2,0,2
"('Aatrox', 'Caitlyn', 'Nautilus', 'Taliyah', 'Twisted Fate')",2,0,2
"('Annie', 'Aphelios', 'Gragas', 'Skarner', 'Thresh')",0,2,2
"('Annie', 'Braum', 'Tryndamere', 'Varus', 'Viego')",0,2,2
"('Alistar', 'Hwei', ""Kai'Sa"", 'Viego', 'Yone')",2,0,2
"('Nidalee', 'Seraphine', 'Varus', 'Vayne', 'Zoe')",0,2,2
"('Blitzcrank', 'Hwei', 'Rumble', 'Varus', 'Vi')",2,0,2
"('Lulu', 'Nocturne', 'Orianna', 'Renekton', 'Zeri')",0,2,2
"('Galio', ""Kai'Sa"", 'Lillia', ""Rek'Sai"", 'Yasuo')",2,0,2
"('Gragas', 'Hecarim', 'Rumble', 'Tryndamere', 'Varus')",2,0,2
"(""Kai'Sa"", 'Master Yi', 'Nautilus', 'Tryndamere', 'Volibear')",2,0,2
"('Gragas', 'Jhin', 'LeBlanc', 'Lee Sin', 'Nautilus')",0,2,2
"('Caitlyn', 'Graves', 'Hwei', 'Lux', 'Sett')",2,0,2
"('Alistar', 'Aphelios', 'Hwei', 'Ornn', 'Viego')",2,0,2
"('Alistar', 'Kindred', 'Qiyana', 'Rumble', 'Varus')",2,0,2
"('Blitzcrank', 'Draven', 'Rumble', 'Taliyah', 'Yone')",0,2,2
"('Diana', 'Lillia', 'Rakan', 'Tristana', 'Vayne')",0,2,2
"('Corki', 'Karthus', 'Nocturne', 'Rakan', 'Yone')",0,2,2
"('Alistar', 'Irelia', 'Jayce', 'Taliyah', 'Zeri')",2,0,2
"('Jayce', 'Lucian', 'Nami', 'Taliyah', 'Zoe')",2,0,2
"('Corki', 'Kindred', 'LeBlanc', 'Nautilus', 'Renekton')",2,0,2
"('Dr. Mundo', 'Lucian', 'Pyke', 'Rengar', 'Syndra')",2,0,2
"('Aatrox', 'Blitzcrank', ""Kai'Sa"", 'Karthus', 'Tristana')",0,2,2
"('Aatrox', 'Corki', 'Kalista', 'Nidalee', 'Rell')",2,0,2
"(""Kha'Zix"", ""Kog'Maw"", 'Pyke', 'Rumble', 'Sylas')",0,2,2
"('Ashe', 'Galio', 'Gnar', 'Lee Sin', 'Seraphine')",2,0,2
"('Aatrox', ""Kai'Sa"", 'Nautilus', 'Nunu & Willump', 'Tristana')",2,0,2
"('Braum', 'Gnar', 'Jayce', ""Kai'Sa"", 'Karthus')",2,0,2
"(""Kai'Sa"", 'Kled', 'Pyke', 'Taliyah', 'Twisted Fate')",2,0,2
"('Diana', 'Jax', 'Sona', 'Viego', 'Xayah')",0,2,2
"('Aurelion Sol', 'Camille', 'Kalista', 'Leona', 'Viego')",0,2,2
"('Camille', 'Draven', 'Galio', 'Jax', 'Twisted Fate')",2,0,2
"('Aatrox', 'Alistar', 'Jinx', 'Taliyah', 'Tristana')",2,0,2
"('Aurelion Sol', 'Draven', 'Nami', 'Tryndamere', 'Vi')",2,0,2
"('Hwei', 'Jax', 'Jhin', 'Skarner', 'Soraka')",0,2,2
"('Ahri', 'Nautilus', 'Quinn', 'Viego', 'Zeri')",0,2,2
"('Graves', 'Gwen', 'Jinx', 'Katarina', 'Thresh')",2,0,2
"('Gwen', 'Nautilus', 'Tristana', 'Varus', 'Viego')",2,0,2
"('Aphelios', 'Blitzcrank', 'Gwen', 'Lee Sin', 'Twisted Fate')",2,0,2
"('Karthus', 'Lucian', 'Tristana', 'Tryndamere', 'Xerath')",0,2,2
"('Cassiopeia', 'Gwen', 'Kindred', 'Nautilus', 'Samira')",2,0,2
"('Galio', 'Graves', 'Gwen', 'Smolder', 'Thresh')",2,0,2
"('Diana', 'Lee Sin', 'Seraphine', 'Tryndamere', 'Varus')",2,0,2
"('Corki', 'LeBlanc', 'Lee Sin', 'Nautilus', 'Twisted Fate')",0,2,2
"('Alistar', 'Elise', ""Kog'Maw"", 'Tryndamere', 'Yasuo')",0,2,2
"('Corki', 'Draven', 'Gwen', ""Kha'Zix"", 'Nautilus')",0,2,2
"('Blitzcrank', 'Galio', 'Jhin', 'Kindred', 'Riven')",2,0,2
"('Irelia', 'Jax', 'Jinx', 'Sona', 'Taliyah')",2,0,2
"('Gragas', ""Kai'Sa"", 'Nidalee', 'Pyke', 'Renekton')",2,0,2
"('Ashe', ""K'Sante"", ""Kha'Zix"", 'Lux', 'Rumble')",2,0,2
"('Gwen', 'Jinx', 'Maokai', 'Xin Zhao', 'Zeri')",2,0,2
"('Akshan', 'Caitlyn', 'Gwen', 'Seraphine', 'Xin Zhao')",0,2,2
"('Diana', 'Rumble', 'Twisted Fate', 'Varus', 'Wukong')",0,2,2
"('Draven', 'Gwen', 'Maokai', 'Tristana', 'Vi')",2,0,2
"('Alistar', 'Gwen', ""K'Sante"", ""Kai'Sa"", 'Nidalee')",2,0,2
"('Ahri', 'Ezreal', 'Lee Sin', 'Poppy', 'Seraphine')",2,0,2
"('Aatrox', 'Draven', 'Nunu & Willump', 'Pyke', 'Qiyana')",0,2,2
"('Akshan', 'LeBlanc', 'Lucian', 'Nunu & Willump', 'Seraphine')",0,2,2
"('Lissandra', 'Nautilus', 'Nunu & Willump', 'Qiyana', 'Zeri')",2,0,2
"('Corki', 'Draven', 'Jax', ""Kai'Sa"", 'Nunu & Willump')",0,2,2
"('Aatrox', 'Cassiopeia', 'Corki', 'Leona', 'Nunu & Willump')",0,2,2
"(""K'Sante"", 'Kindred', 'Pyke', 'Taliyah', 'Varus')",2,0,2
"('Ashe', 'Lulu', 'Nunu & Willump', 'Skarner', 'Talon')",2,0,2
"('Ashe', 'Jax', 'Milio', 'Nunu & Willump', 'Vex')",0,2,2
"('Graves', 'Jayce', 'LeBlanc', 'Lucian', 'Nami')",0,2,2
"('Ashe', 'Lux', 'Nunu & Willump', 'Urgot', 'Zed')",0,2,2
"('Camille', 'Darius', 'Kalista', 'Nunu & Willump', 'Poppy')",2,0,2
"('Jax', 'Karthus', 'Nautilus', 'Varus', 'Yone')",2,0,2
"('Blitzcrank', ""Kai'Sa"", 'Nunu & Willump', 'Olaf', 'Qiyana')",0,2,2
"('Cassiopeia', 'Seraphine', 'Taric', 'Tristana', 'Viego')",0,2,2
"('Nidalee', 'Skarner', 'Smolder', 'Tristana', 'Tryndamere')",2,0,2
"('Ashe', 'Nautilus', 'Nunu & Willump', 'Olaf', 'Tristana')",2,0,2
"('Darius', 'Hwei', 'Lucian', 'Nunu & Willump', 'Senna')",0,2,2
"('Gwen', 'Hwei', 'Jinx', 'Thresh', 'Viego')",0,2,2
"('Nidalee', 'Poppy', 'Seraphine', 'Tristana', 'Varus')",0,2,2
"('Ashe', 'Sejuani', 'Senna', 'Tryndamere', 'Viktor')",2,0,2
"('Ashe', 'Briar', 'Nasus', 'Seraphine', 'Singed')",0,2,2
"('Corki', 'Lee Sin', 'Skarner', 'Taliyah', 'Taric')",2,0,2
"('Braum', 'Corki', 'Nidalee', 'Qiyana', 'Skarner')",2,0,2
"('Gwen', 'Lux', 'Qiyana', 'Twisted Fate', 'Zeri')",0,2,2
"('Gwen', 'Jayce', 'Taric', 'Twitch', 'Warwick')",2,0,2
"('Ashe', 'Gwen', 'Lillia', 'Nautilus', 'Qiyana')",2,0,2
"('Draven', 'Karthus', 'Nautilus', 'Qiyana', 'Skarner')",0,2,2
"('Jinx', 'Nidalee', 'Skarner', 'Thresh', 'Yone')",2,0,2
"('Hecarim', 'Katarina', 'Kennen', 'Renekton', 'Varus')",0,2,2
"('Fiddlesticks', 'Hecarim', 'Qiyana', 'Varus', 'Zilean')",0,2,2
"('Ashe', 'Braum', 'Lillia', 'Qiyana', 'Skarner')",2,0,2
"('Aphelios', 'Brand', 'Nidalee', 'Qiyana', 'Renekton')",0,2,2
"('Bard', 'Jhin', 'Nidalee', 'Qiyana', 'Skarner')",2,0,2
"('Ashe', 'Bard', 'Diana', 'Jax', 'Qiyana')",0,2,2
"('Jax', 'Nautilus', 'Nunu & Willump', 'Taliyah', 'Varus')",0,2,2
"('Camille', 'Karthus', 'Qiyana', 'Seraphine', 'Varus')",0,2,2
"('Brand', 'Jhin', 'Qiyana', 'Rell', 'Tryndamere')",2,0,2
"('Jax', 'Kayn', 'Nunu & Willump', 'Rell', 'Smolder')",2,0,2
"('Ashe', 'Braum', 'Diana', 'Fiora', 'Yasuo')",0,2,2
"('Aatrox', 'Corki', 'Ekko', 'Rumble', 'Varus')",0,2,2
"('Ashe', 'Braum', 'Graves', 'Twisted Fate', 'Vex')",0,2,2
"('Akshan', 'Jinx', 'Leona', 'Nidalee', 'Ryze')",0,2,2
"('Alistar', 'Aurelion Sol', 'Corki', 'Gwen', 'Hecarim')",2,0,2
"('Ashe', 'Braum', ""K'Sante"", 'Lillia', 'Tristana')",0,2,2
"('Brand', 'Camille', 'Corki', 'Pyke', 'Syndra')",2,0,2
"('Ahri', ""Rek'Sai"", 'Rell', 'Vayne', 'Zeri')",2,0,2
"('Camille', 'Jinx', 'Nautilus', 'Vex', 'Viego')",2,0,2
"(""Kai'Sa"", 'Leona', 'Nidalee', 'Renekton', 'Xerath')",0,2,2
"('Gwen', 'Jayce', 'Jhin', 'Seraphine', 'Zac')",0,2,2
"('Akali', 'Nautilus', 'Talon', 'Yone', 'Ziggs')",2,0,2
"(""Bel'Veth"", 'Jax', ""Kog'Maw"", 'Pyke', ""Rek'Sai"")",2,0,2
"('Katarina', 'Nidalee', 'Rengar', 'Taric', 'Tristana')",2,0,2
"('Illaoi', 'Lulu', 'Taliyah', 'Twisted Fate', 'Zeri')",2,0,2
"('Nautilus', 'Rengar', 'Rumble', 'Tristana', 'Varus')",2,0,2
"('Kayn', 'Lissandra', 'Nautilus', 'Varus', 'Zed')",2,0,2
"('Annie', 'Pyke', 'Skarner', 'Viego', 'Ziggs')",2,0,2
"('Ashe', 'Caitlyn', 'Jayce', 'Lee Sin', 'Orianna')",0,2,2
"('Ahri', 'Ezreal', 'Pyke', 'Tryndamere', 'Viego')",2,0,2
"('Akali', 'Ashe', 'Lucian', 'Thresh', 'Viego')",0,2,2
"('Karthus', 'Pantheon', 'Thresh', 'Twisted Fate', 'Varus')",2,0,2
"('Camille', 'Graves', 'Jhin', 'Taliyah', 'Taric')",2,0,2
"('Nautilus', 'Senna', 'Taliyah', 'Twisted Fate', 'Viego')",2,0,2
"('Fizz', 'Jinx', 'Thresh', 'Twisted Fate', 'Viego')",0,2,2
"('Akshan', 'Jayce', ""Kai'Sa"", 'Karthus', 'Rakan')",0,2,2
"('Ahri', 'Draven', 'Jax', 'Rell', 'Viego')",2,0,2
"('Diana', ""Kai'Sa"", 'Poppy', 'Rell', 'Viego')",2,0,2
"(""Kha'Zix"", 'Maokai', 'Nasus', 'Samira', 'Vex')",2,0,2
"('Bard', 'Cassiopeia', 'Hecarim', ""Kog'Maw"", 'Tristana')",2,0,2
"('Alistar', 'Gragas', 'Jinx', 'Lillia', 'Renekton')",0,2,2
"('Jax', 'LeBlanc', 'Leona', 'Varus', 'Viego')",0,2,2
"('Bard', 'Lucian', 'Nidalee', 'Sett', 'Taliyah')",2,0,2
"('Hwei', ""Kai'Sa"", 'Nautilus', 'Viego', 'Wukong')",2,0,2
"('Aurelion Sol', 'Gnar', 'Jinx', 'Kindred', 'Sona')",0,2,2
"('Aurelion Sol', ""Rek'Sai"", 'Seraphine', 'Sivir', 'Vayne')",0,2,2
"(""Kai'Sa"", 'Lee Sin', 'Pyke', 'Rumble', 'Taliyah')",2,0,2
"('Aphelios', 'Galio', 'Jax', 'Taliyah', 'Viego')",0,2,2
"('Galio', 'Malphite', 'Pantheon', 'Rakan', 'Zeri')",0,2,2
"('Dr. Mundo', 'Fiddlesticks', 'Kennen', 'Tristana', 'Viego')",2,0,2
"('Gragas', 'Hecarim', 'Rakan', 'Samira', 'Twisted Fate')",0,2,2
"(""Kai'Sa"", 'Kennen', 'Lee Sin', 'Rell', 'Yasuo')",2,0,2
"('Brand', 'Corki', 'Jayce', 'Rakan', 'Zeri')",2,0,2
"('Aurelion Sol', 'Camille', 'Graves', ""Kai'Sa"", 'Zac')",2,0,2
"('Fiddlesticks', 'Lulu', 'Nidalee', 'Pantheon', 'Zeri')",2,0,2
"('Darius', 'Hecarim', ""Kai'Sa"", 'Rell', 'Viktor')",2,0,2
"('Blitzcrank', ""Kai'Sa"", 'Lillia', 'Pantheon', 'Twisted Fate')",2,0,2
"('Diana', 'Fiora', 'Galio', 'Nautilus', 'Varus')",2,0,2
"('Alistar', ""K'Sante"", 'Nidalee', 'Twisted Fate', 'Vex')",2,0,2
"('Blitzcrank', 'Gnar', 'Graves', 'LeBlanc', 'Lucian')",0,2,2
"('Aatrox', 'Corki', ""Kog'Maw"", 'Lillia', 'Pyke')",2,0,2
"('Nilah', 'Shyvana', 'Skarner', 'Taric', 'Tristana')",0,2,2
"('Akali', 'Blitzcrank', 'Jhin', 'Kindred', 'Zac')",0,2,2
"('Braum', 'Caitlyn', 'Lee Sin', 'Syndra', 'Twisted Fate')",0,2,2
"('Cassiopeia', 'Corki', 'Hwei', 'Lee Sin', 'Maokai')",2,0,2
"('Lucian', 'Nami', 'Olaf', 'Orianna', 'Rumble')",2,0,2
"('Camille', ""Kai'Sa"", 'Lillia', 'Orianna', 'Rell')",2,0,2
"('Dr. Mundo', 'Ekko', 'Nautilus', 'Samira', 'Xin Zhao')",0,2,2
"('Fiora', 'Hecarim', 'Katarina', 'Rakan', 'Varus')",2,0,2
"('Hecarim', 'Janna', 'Jax', 'Lucian', 'Zoe')",2,0,2
"('Ashe', 'Azir', 'Illaoi', 'Nautilus', 'Pantheon')",2,0,2
"('Jinx', 'Lissandra', 'Skarner', 'Taliyah', 'Yasuo')",0,2,2
"('Corki', 'Poppy', 'Qiyana', ""Rek'Sai"", 'Vladimir')",2,0,2
"('Ashe', 'Cassiopeia', 'Nidalee', 'Qiyana', 'Rakan')",0,2,2
"('Brand', 'Draven', 'Nautilus', 'Qiyana', 'Udyr')",0,2,2
"('Hwei', 'Kalista', 'Lee Sin', 'Renata Glasc', 'Skarner')",0,2,2
"('Braum', 'Gragas', 'Jinx', 'Nidalee', 'Tristana')",2,0,2
"(""Bel'Veth"", 'Fiddlesticks', 'Qiyana', 'Rumble', 'Sivir')",2,0,2
"('Blitzcrank', 'Jax', ""Kai'Sa"", 'Karthus', 'Qiyana')",0,2,2
"('Azir', 'Jinx', 'Seraphine', 'Skarner', 'Zyra')",2,0,2
"('Ashe', 'Brand', 'Skarner', 'Sylas', 'Tahm Kench')",2,0,2
"('Ashe', 'Janna', 'Nunu & Willump', 'Pantheon', 'Twisted Fate')",0,2,2
"('Akali', 'Fiddlesticks', 'Gragas', 'Hecarim', 'Varus')",2,0,2
"('Alistar', 'Lillia', 'Qiyana', 'Tryndamere', 'Varus')",0,2,2
"('Mordekaiser', 'Pantheon', ""Rek'Sai"", 'Taliyah', 'Zeri')",2,0,2
"('Lillia', 'Lucian', 'Ornn', 'Skarner', 'Varus')",0,2,2
"('Cassiopeia', 'Gragas', 'Hecarim', 'Karma', 'Renekton')",0,2,2
"('Akshan', 'Cassiopeia', 'Hecarim', 'Kennen', 'Lux')",0,2,2
"('Caitlyn', 'Nidalee', 'Skarner', 'Tristana', 'Zoe')",2,0,2
"('Blitzcrank', 'Brand', 'Camille', 'Qiyana', 'Xayah')",2,0,2
"('Corki', 'Darius', 'Jinx', 'Nidalee', 'Rakan')",2,0,2
"('Corki', 'Gwen', 'Rakan', 'Rammus', 'Zeri')",2,0,2
"('Corki', 'Kindred', 'Nautilus', 'Syndra', 'Tryndamere')",2,0,2
"('Ashe', 'Brand', 'Jax', 'Pyke', 'Zed')",0,2,2
"('Karthus', 'Renekton', 'Swain', 'Varus', 'Yasuo')",2,0,2
"('Brand', 'Darius', 'Jhin', 'Neeko', 'Viego')",0,2,2
"('Corki', 'Karthus', 'Qiyana', 'Rakan', 'Skarner')",0,2,2
"('Ashe', 'Braum', 'Kennen', 'Maokai', 'Qiyana')",2,0,2
"('Jayce', 'Kalista', 'Lillia', 'Nautilus', 'Orianna')",0,2,2
"('Aatrox', ""Bel'Veth"", 'Heimerdinger', 'Taliyah', 'Varus')",0,2,2
"('Graves', 'Hwei', 'Jarvan IV', 'Jax', ""Kai'Sa"")",0,2,2
"('Blitzcrank', 'Fiora', ""Kai'Sa"", 'Nidalee', 'Qiyana')",2,0,2
"('Ashe', 'Braum', 'Camille', 'Hwei', 'Nidalee')",0,2,2
"('Aphelios', 'Graves', 'Jax', 'Karma', 'Twisted Fate')",2,0,2
"('Ekko', 'Jayce', 'Jhin', 'Mordekaiser', 'Senna')",0,2,2
"(""Bel'Veth"", ""Kai'Sa"", 'Poppy', 'Qiyana', 'Rell')",2,0,2
"('Blitzcrank', 'Cassiopeia', 'Draven', 'Nidalee', 'Qiyana')",2,0,2
"('Ashe', 'Brand', 'Nautilus', 'Sylas', 'Viego')",0,2,2
"('Akshan', 'Alistar', 'Ashe', 'Jax', 'Taliyah')",0,2,2
"('Ashe', 'Elise', 'Neeko', 'Skarner', 'Viego')",2,0,2
"('Lulu', 'Nidalee', 'Skarner', 'Yone', 'Zeri')",0,2,2
"('Lissandra', 'Rakan', 'Tryndamere', 'Viego', 'Xayah')",0,2,2
"('Corki', 'Hwei', 'Kindred', 'Senna', 'Tryndamere')",0,2,2
"('Akali', 'Hwei', 'Jayce', ""Rek'Sai"", 'Varus')",2,0,2
"('Caitlyn', 'Gwen', 'Jax', 'Thresh', 'Yasuo')",2,0,2
"('Brand', ""Cho'Gath"", 'Jhin', 'Thresh', 'Yone')",2,0,2
"('Corki', 'Draven', 'Karthus', 'Senna', 'Shen')",2,0,2
"('Jhin', 'Leona', 'Nidalee', 'Ornn', 'Tristana')",0,2,2
"('Aphelios', 'Fizz', 'Nunu & Willump', 'Rengar', 'Thresh')",2,0,2
"('Jinx', 'Lee Sin', 'Lux', 'Orianna', 'Rengar')",2,0,2
"('Akshan', ""Cho'Gath"", ""K'Sante"", 'Karthus', 'Senna')",2,0,2
"('Akali', 'Caitlyn', 'Lee Sin', 'Lux', 'Tryndamere')",2,0,2
"('Gragas', 'Hwei', 'Jhin', 'Vi', 'Zyra')",0,2,2
"('Jinx', 'Orianna', 'Pantheon', 'Sett', 'Thresh')",2,0,2
"('Hwei', 'Jinx', 'Kennen', 'Nautilus', 'Rengar')",0,2,2
"('Bard', 'Nidalee', 'Rengar', 'Viego', 'Zeri')",2,0,2
"('Hecarim', 'Hwei', ""Kai'Sa"", 'Leona', 'Pantheon')",0,2,2
"('Akshan', 'Ashe', ""Rek'Sai"", 'Seraphine', 'Warwick')",2,0,2
"('Aurelion Sol', 'Jayce', 'Jinx', 'Leona', 'Nidalee')",0,2,2
"('Jinx', 'Lillia', 'Seraphine', 'Skarner', 'Tryndamere')",2,0,2
"('Nautilus', 'Taliyah', 'Tryndamere', 'Varus', 'Viego')",2,0,2
"('Irelia', 'Jhin', 'Mordekaiser', 'Rengar', 'Senna')",2,0,2
"('Jinx', 'Lee Sin', 'Rumble', 'Thresh', 'Viktor')",0,2,2
"('Blitzcrank', 'Kalista', 'Lillia', 'Skarner', 'Tristana')",0,2,2
"('Graves', 'Skarner', 'Thresh', 'Twisted Fate', 'Xayah')",2,0,2
"('Cassiopeia', 'Kassadin', 'Leona', 'Tryndamere', 'Viego')",2,0,2
"('Jhin', 'Nunu & Willump', 'Rakan', 'Yone', 'Zac')",0,2,2
"('Akali', 'Heimerdinger', 'Lulu', 'Sivir', 'Viego')",2,0,2
"('Rakan', 'Rengar', 'Rumble', 'Sivir', 'Syndra')",2,0,2
"('Nautilus', 'Qiyana', 'Sivir', 'Taliyah', 'Twisted Fate')",0,2,2
"('Akshan', 'Brand', 'Janna', 'Jhin', 'Skarner')",2,0,2
"('Jax', 'Lee Sin', 'Nautilus', 'Samira', 'Taliyah')",2,0,2
"('Kalista', 'Nautilus', 'Nidalee', 'Renekton', 'Viego')",0,2,2
"('Kalista', 'Lillia', 'Olaf', 'Rell', 'Tristana')",2,0,2
"('Corki', 'Jhin', 'Rumble', 'Sion', 'Taliyah')",2,0,2
"('Fiora', 'Hecarim', ""Kai'Sa"", 'Leona', 'Lux')",2,0,2
"('Jhin', 'Lissandra', 'Rell', 'Shen', 'Viego')",2,0,2
"('Darius', 'Elise', 'Pantheon', 'Tristana', 'Varus')",2,0,2
"('Blitzcrank', 'Jhin', 'Karthus', 'Rengar', 'Tristana')",2,0,2
"('Jarvan IV', 'Orianna', 'Senna', 'Tryndamere', 'Zeri')",2,0,2
"('Cassiopeia', 'Jinx', 'Rell', 'Taliyah', 'Tristana')",2,0,2
"('Kindred', 'Rumble', 'Sivir', 'Soraka', 'Sylas')",0,2,2
"('Camille', 'Jax', 'Kalista', 'Nidalee', 'Twisted Fate')",2,0,2
"('Camille', ""Kai'Sa"", 'Master Yi', 'Skarner', 'Zoe')",2,0,2
"('Ahri', 'Lee Sin', 'Rumble', 'Seraphine', 'Zeri')",0,2,2
"('Braum', 'Fiddlesticks', 'Skarner', 'Tristana', 'Varus')",2,0,2
"('Akali', 'Blitzcrank', 'Hecarim', ""Kai'Sa"", 'Skarner')",0,2,2
"('Corki', 'Elise', 'Kled', 'Sejuani', 'Senna')",2,0,2
"('Corki', 'Jax', ""Kha'Zix"", 'Rumble', 'Yone')",2,0,2
"('Ahri', ""Cho'Gath"", ""K'Sante"", 'Senna', 'Tristana')",2,0,2
"('Braum', 'Maokai', 'Orianna', 'Ornn', 'Varus')",0,2,2
"('Hwei', ""Kai'Sa"", 'Rakan', 'Skarner', 'Twisted Fate')",0,2,2
"('Ashe', 'Hecarim', 'Hwei', 'Rumble', 'Varus')",0,2,2
"('Jax', 'Katarina', 'Rumble', 'Sejuani', 'Sivir')",0,2,2
"('Renekton', 'Skarner', 'Taliyah', 'Varus', 'Zac')",2,0,2
"('Ashe', 'Braum', 'Nidalee', 'Renekton', 'Tristana')",0,2,2
"('Corki', 'Jayce', 'Lillia', 'Lulu', 'Zeri')",2,0,2
"('Brand', ""K'Sante"", 'Orianna', 'Rengar', 'Xerath')",0,2,2
"('Janna', 'Kayn', 'Lissandra', 'Lucian', 'Mordekaiser')",2,0,2
"('Ashe', 'Jayce', 'Lillia', 'Soraka', 'Yone')",0,2,2
"('Gragas', 'Jayce', 'Jinx', 'Skarner', 'Taliyah')",2,0,2
"('Hecarim', 'Jayce', 'Jinx', 'LeBlanc', 'Rell')",2,0,2
"(""K'Sante"", 'Katarina', ""Kha'Zix"", 'Rell', 'Tristana')",0,2,2
"(""Bel'Veth"", 'Hwei', ""Kai'Sa"", 'Skarner', 'Thresh')",2,0,2
"(""Kai'Sa"", 'Katarina', 'Rell', 'Singed', 'Viego')",0,2,2
"('Aatrox', 'Lux', 'Rell', ""Vel'Koz"", 'Vi')",0,2,2
"('Hecarim', 'Heimerdinger', 'Hwei', 'Thresh', 'Twisted Fate')",2,0,2
"('Corki', 'Fiora', 'Kalista', 'Senna', 'Taliyah')",2,0,2
"('Ahri', 'Ashe', 'Graves', 'Sivir', 'Twisted Fate')",2,0,2
"('Ahri', 'Brand', 'Camille', 'Rell', 'Samira')",0,2,2
"(""Kai'Sa"", 'Rell', 'Rumble', 'Talon', 'Tryndamere')",2,0,2
"('Corki', 'Gragas', ""K'Sante"", 'Lillia', 'Yasuo')",0,2,2
"('Aatrox', 'Draven', 'Leona', 'Sylas', 'Xin Zhao')",0,2,2
"('Aatrox', 'Ashe', 'Karthus', 'Katarina', 'Neeko')",0,2,2
"('Caitlyn', ""K'Sante"", 'Seraphine', 'Twisted Fate', 'Viego')",0,2,2
"('Kindred', 'Orianna', 'Senna', 'Skarner', 'Syndra')",0,2,2
"('Caitlyn', 'Cassiopeia', 'Hecarim', 'Senna', 'Sylas')",0,2,2
"('Aurelion Sol', 'Camille', 'Graves', 'Jax', 'Jinx')",2,0,2
"('Ashe', 'Bard', 'Tristana', 'Twisted Fate', 'Zac')",2,0,2
"('Elise', 'Sivir', 'Skarner', 'Twisted Fate', 'Viego')",2,0,2
"('Graves', 'Thresh', 'Twisted Fate', 'Vex', 'Xayah')",2,0,2
"('Azir', ""Kai'Sa"", 'Rakan', 'Viego', 'Zac')",2,0,2
"('Hwei', ""Kai'Sa"", 'Pyke', 'Twisted Fate', 'Xin Zhao')",0,2,2
"(""Kai'Sa"", 'Lillia', 'Orianna', 'Pyke', 'Viego')",2,0,2
"('Amumu', 'Garen', 'Hwei', 'Kalista', 'Lee Sin')",0,2,2
"('Camille', 'Ekko', 'Fiddlesticks', 'Jinx', 'Vi')",2,0,2
"('Azir', 'Camille', 'Kindred', ""Kog'Maw"", 'Rell')",0,2,2
"(""Kai'Sa"", 'Lissandra', 'Nautilus', 'Riven', 'Viego')",0,2,2
"('Ahri', 'Kennen', 'Nautilus', 'Varus', 'Viego')",2,0,2
"('Camille', 'Draven', 'Jayce', 'Nautilus', 'Nidalee')",0,2,2
"('Hwei', 'Lucian', 'Pyke', 'Skarner', 'Viego')",2,0,2
"('Ashe', 'LeBlanc', 'Lee Sin', 'Tahm Kench', 'Twisted Fate')",2,0,2
"('Ashe', 'Galio', 'Jhin', 'Skarner', 'Viego')",2,0,2
"('Ahri', 'Graves', 'Lux', 'Skarner', 'Varus')",2,0,2
"('Hwei', 'Jax', 'Jinx', 'Nami', 'Viego')",0,2,2
"('Azir', 'Bard', 'Camille', 'Kalista', 'Lee Sin')",0,2,2
"('Jhin', 'Nautilus', 'Poppy', 'Sylas', 'Taliyah')",0,2,2
"('Neeko', 'Nidalee', 'Riven', 'Smolder', 'Yone')",0,2,2
"(""Bel'Veth"", 'Ezreal', 'LeBlanc', 'Seraphine', 'Warwick')",2,0,2
"('Aphelios', 'Fiora', 'LeBlanc', 'Sejuani', 'Zac')",0,2,2
"('Ekko', 'Thresh', 'Tryndamere', 'Varus', 'Viego')",2,0,2
"('Ashe', 'Jayce', ""K'Sante"", 'Nidalee', 'Rakan')",2,0,2
"('Ivern', ""Kog'Maw"", 'Nasus', 'Rakan', 'Vi')",2,0,2
"('Ahri', 'Caitlyn', 'Lux', 'Maokai', 'Renekton')",0,2,2
"('Akshan', 'Nidalee', 'Rell', 'Sivir', 'Twisted Fate')",2,0,2
"(""Rek'Sai"", 'Skarner', 'Taliyah', 'Twitch', 'Zac')",2,0,2
"('Jinx', 'Mordekaiser', 'Nautilus', 'Nidalee', 'Pantheon')",0,2,2
"('Jax', ""Kai'Sa"", 'Poppy', 'Qiyana', 'Taliyah')",2,0,2
"('Ashe', 'Kennen', 'Lillia', 'Rell', 'Yone')",2,0,2
"('Ashe', ""K'Sante"", 'Kennen', 'Lee Sin', 'Rumble')",2,0,2
"('Ashe', 'Fiora', 'Lillia', 'Lucian', 'Milio')",2,0,2
"('Bard', 'Ezreal', 'Taliyah', 'Vayne', 'Vi')",0,2,2
"('Graves', 'Hwei', 'Jinx', ""K'Sante"", 'Thresh')",1,1,2
"('Corki', 'Hecarim', 'Jhin', 'Kennen', 'Rell')",2,0,2
"('Annie', 'Pyke', 'Tryndamere', 'Varus', 'Vi')",0,2,2
"('Aphelios', 'Ekko', 'Graves', 'Jayce', 'Skarner')",0,2,2
"('Blitzcrank', 'Ekko', ""Kha'Zix"", 'Skarner', 'Varus')",2,0,2
"('Ashe', 'Ekko', 'Gragas', 'Tryndamere', 'Varus')",0,2,2
"('Darius', 'Ekko', 'Nautilus', 'Samira', 'Taliyah')",2,0,2
"('Ashe', 'Renekton', 'Rumble', 'Skarner', 'Thresh')",2,0,2
"('Diana', ""Kai'Sa"", 'Nautilus', 'Skarner', 'Viego')",0,2,2
"('Hwei', 'Jhin', 'Karma', 'Rumble', 'Vi')",2,0,2
"('Graves', 'Hwei', 'Jax', 'Jinx', 'Lulu')",2,0,2
"('Alistar', 'Ashe', 'Hwei', 'Rumble', 'Viego')",2,0,2
"('Alistar', 'Ashe', 'Ezreal', 'Jayce', 'Nidalee')",2,0,2
"('Camille', 'Corki', 'Rell', 'Samira', 'Taliyah')",2,0,2
"('Corki', 'Jayce', 'Katarina', 'Nautilus', 'Taliyah')",2,0,2
"('Akali', 'Jinx', 'Renekton', 'Thresh', 'Xin Zhao')",2,0,2
"('Bard', 'Camille', 'Ezreal', 'Qiyana', 'Taliyah')",2,0,2
"('Ahri', 'Camille', 'Jhin', 'Master Yi', 'Wukong')",0,2,2
"('Ahri', 'Irelia', 'Kalista', 'Pyke', 'Viego')",2,0,2
"('Ahri', 'Blitzcrank', 'Corki', 'Jax', 'Pantheon')",0,2,2
"('Graves', 'Neeko', 'Ornn', 'Skarner', 'Varus')",2,0,2
"('Ashe', 'Gnar', 'Seraphine', 'Viego', 'Viktor')",0,2,2
"('Corki', ""Kha'Zix"", 'Lulu', 'Tryndamere', 'Twitch')",0,2,2
"('Jax', 'Jinx', 'Katarina', 'Lulu', 'Viego')",0,2,2
"('Jax', 'Jinx', 'Katarina', 'Lulu', ""Rek'Sai"")",2,0,2
"('Graves', ""K'Sante"", 'Kennen', 'Rumble', 'Sivir')",2,0,2
"('Akshan', 'Ekko', 'Kalista', 'Nautilus', 'Skarner')",0,2,2
"('Jhin', 'Lee Sin', 'Senna', 'Taliyah', 'Wukong')",2,0,2
"('Cassiopeia', 'Jinx', ""K'Sante"", 'Maokai', ""Rek'Sai"")",0,2,2
"('Gangplank', ""Kai'Sa"", 'Rell', 'Taliyah', 'Tristana')",2,0,2
"('Darius', 'Hecarim', 'Kalista', 'Rell', 'Viktor')",0,2,2
"('Ashe', 'Camille', 'Corki', 'Lillia', 'Tristana')",2,0,2
"('Alistar', 'Corki', 'Gwen', ""Kai'Sa"", 'Lillia')",0,2,2
"('Aatrox', 'Akali', 'Hecarim', 'Lulu', 'Zeri')",0,2,2
"(""Bel'Veth"", 'Hwei', 'Jax', 'Rell', 'Zeri')",2,0,2
"('Akali', 'Corki', 'Hecarim', 'Irelia', 'Rakan')",0,2,2
"('Corki', 'Graves', 'Jax', 'Nautilus', 'Varus')",2,0,2
"('Bard', 'Smolder', 'Tristana', 'Xin Zhao', 'Ziggs')",0,2,2
"('Ahri', 'Janna', 'Kayn', 'Vayne', 'Zeri')",2,0,2
"('Dr. Mundo', 'Jayce', 'Miss Fortune', 'Nidalee', 'Senna')",2,0,2
"('Ahri', 'Gangplank', ""Kai'Sa"", 'Lillia', 'Pyke')",2,0,2
"('Lillia', 'Pantheon', 'Senna', 'Tahm Kench', 'Tristana')",0,2,2
"('Aurelion Sol', 'Skarner', 'Sona', 'Xin Zhao', 'Zeri')",0,2,2
"(""K'Sante"", 'Mordekaiser', 'Senna', 'Yasuo', 'Zed')",2,0,2
"('Ashe', 'Azir', 'Lee Sin', 'Milio', 'Sett')",0,2,2
"('Ekko', 'Graves', 'Lucian', 'Olaf', 'Zac')",0,2,2
"('Bard', 'Caitlyn', 'Camille', 'Xerath', 'Zac')",2,0,2
"('Braum', 'Camille', ""Kai'Sa"", ""Kha'Zix"", 'Orianna')",2,0,2
"('Corki', 'Gnar', 'Nidalee', 'Rell', 'Zeri')",2,0,2
"('Elise', 'Jayce', 'Jhin', 'Karthus', 'Riven')",0,2,2
"('Akali', 'Jax', ""Kai'Sa"", 'Lee Sin', 'Pyke')",0,2,2
"('Camille', 'Gragas', 'Lucian', 'Master Yi', 'Zac')",2,0,2
"('Irelia', ""Kai'Sa"", 'Nidalee', 'Rell', 'Zac')",2,0,2
"('Aatrox', 'LeBlanc', 'Lee Sin', 'Varus', 'Zac')",2,0,2
"(""Kai'Sa"", 'Twisted Fate', 'Viego', 'Zac', 'Zyra')",2,0,2
"('Ashe', 'Corki', 'Nidalee', 'Pyke', 'Riven')",0,2,2
"('Hwei', ""K'Sante"", 'Lee Sin', 'Nautilus', 'Samira')",2,0,2
"('Camille', 'Hwei', ""Kai'Sa"", 'LeBlanc', 'Lee Sin')",2,0,2
"('Gragas', 'Jax', ""Kai'Sa"", 'LeBlanc', 'Nautilus')",0,2,2
"('Ashe', 'Braum', 'Jax', 'Kindred', 'Zac')",2,0,2
"('Ashe', 'Brand', 'Cassiopeia', 'Nautilus', 'Yasuo')",0,2,2
"('Ezreal', 'Jax', 'Lillia', 'Lucian', 'Zyra')",2,0,2
"('Graves', 'Nautilus', 'Twisted Fate', 'Zeri', 'Zoe')",0,2,2
"('Alistar', 'Gragas', 'Graves', 'Hwei', ""Kai'Sa"")",0,2,2
"('Ashe', 'Hwei', 'Jhin', ""K'Sante"", 'Skarner')",2,0,2
"('Hwei', 'Jax', 'Nidalee', 'Tristana', 'Varus')",2,0,2
"('Diana', 'Kindred', 'Rell', 'Skarner', 'Zeri')",2,0,2
"('Hwei', 'Nidalee', 'Pantheon', 'Rumble', 'Varus')",0,2,2
"('Alistar', 'Gangplank', 'Hecarim', 'LeBlanc', 'Varus')",2,0,2
"('Bard', 'Karthus', 'Urgot', 'Varus', 'Zoe')",2,0,2
"('Aurelion Sol', 'Braum', 'Hecarim', ""Kai'Sa"", 'Renekton')",2,0,2
"('Kindred', 'Nautilus', 'Swain', 'Tristana', 'Vayne')",0,2,2
"('Camille', 'Corki', 'Leona', 'Taliyah', 'Xin Zhao')",2,0,2
"('Corki', 'Hwei', 'Kindred', 'Skarner', 'Twisted Fate')",0,2,2
"('Ashe', 'Jhin', 'Lee Sin', 'Renekton', 'Twisted Fate')",2,0,2
"('Ashe', 'Caitlyn', 'Camille', 'Hecarim', 'Neeko')",0,2,2
"('Hecarim', 'Katarina', 'Shaco', 'Smolder', 'Tryndamere')",2,0,2
"('Gwen', 'Jinx', 'Nautilus', 'Viego', 'Yone')",2,0,2
"('Cassiopeia', 'Galio', 'Jinx', 'Nautilus', 'Zac')",0,2,2
"('Nautilus', 'Nidalee', 'Nilah', 'Ornn', 'Zac')",2,0,2
"('Gnar', 'Hecarim', ""Kai'Sa"", 'LeBlanc', 'Nautilus')",2,0,2
"('Aphelios', 'Lux', 'Quinn', 'Vi', 'Zac')",2,0,2
"('Irelia', 'Lulu', 'Pantheon', 'Zac', 'Zeri')",2,0,2
"(""K'Sante"", 'Rakan', 'Yasuo', 'Zac', 'Zeri')",2,0,2
"('Kalista', 'Karthus', 'Thresh', 'Twisted Fate', 'Viego')",0,2,2
"('Braum', 'Camille', 'Fiddlesticks', 'Lucian', 'Zac')",0,2,2
"('Aatrox', 'Hecarim', 'Heimerdinger', ""Kai'Sa"", 'Zac')",0,2,2
"('Nidalee', 'Riven', 'Senna', 'Thresh', 'Tristana')",2,0,2
"('Diana', 'Draven', 'Nautilus', 'Syndra', 'Urgot')",2,0,2
"('Alistar', ""Cho'Gath"", 'Swain', 'Twisted Fate', 'Xin Zhao')",2,0,2
"('Gnar', ""Kai'Sa"", 'LeBlanc', 'Lee Sin', 'Zac')",0,2,2
"('Caitlyn', 'Lux', 'Nautilus', 'Nidalee', 'Tristana')",2,0,2
"('Jinx', 'Lillia', 'Rumble', 'Senna', 'Tristana')",2,0,2
"('Ashe', 'Lillia', 'Lulu', 'Rumble', 'Tristana')",2,0,2
"('Corki', 'Hwei', ""Kha'Zix"", 'Sivir', 'Skarner')",0,2,2
"('Kennen', 'Rakan', 'Smolder', 'Tristana', 'Viego')",2,0,2
"('Ashe', 'Brand', 'Sylas', 'Tristana', 'Zyra')",2,0,2
"('Braum', 'Caitlyn', 'Jayce', 'Lillia', 'Rumble')",0,2,2
"('Akali', 'Rell', 'Shaco', 'Twisted Fate', 'Zeri')",0,2,2
"('Akali', 'Draven', 'Hecarim', ""Kai'Sa"", 'Yasuo')",2,0,2
"('Blitzcrank', ""K'Sante"", 'Lillia', 'Tristana', 'Yasuo')",2,0,2
"('Ashe', ""Kog'Maw"", 'Poppy', 'Taliyah', 'Tristana')",0,2,2
"('Alistar', 'Aphelios', 'Malphite', 'Taliyah', 'Viego')",0,2,2
"('Aatrox', 'Lillia', 'Thresh', 'Tristana', 'Varus')",0,2,2
"('Ashe', ""K'Sante"", 'Lillia', 'Lulu', 'Tristana')",0,2,2
"('Fiddlesticks', 'Gragas', 'Jayce', 'Skarner', 'Varus')",0,2,2
"('Elise', 'Kalista', 'Malphite', 'Taliyah', 'Tristana')",2,0,2
"('Camille', 'Lillia', 'Rell', 'Tristana', 'Zeri')",2,0,2
"(""Kai'Sa"", 'Leona', 'Lillia', 'Poppy', 'Talon')",2,0,2
"('Jinx', 'Leona', 'Lillia', 'Pantheon', 'Urgot')",0,2,2
"(""Kog'Maw"", 'Lillia', 'Nautilus', 'Tryndamere', 'Urgot')",2,0,2
"('Hwei', 'Ivern', ""Kai'Sa"", 'Lulu', 'Urgot')",0,2,2
"('Corki', 'Jinx', 'Kennen', 'Thresh', 'Viego')",2,0,2
"('Anivia', 'Kindred', 'Taric', 'Twitch', 'Urgot')",0,2,2
"(""Kai'Sa"", 'Neeko', 'Orianna', 'Urgot', 'Viego')",0,2,2
"('Aphelios', 'Blitzcrank', 'Elise', 'Ornn', 'Urgot')",0,2,2
"('Fiddlesticks', 'Talon', 'Urgot', 'Varus', 'Ziggs')",0,2,2
"('Blitzcrank', 'Draven', 'Hecarim', 'LeBlanc', 'Urgot')",2,0,2
"('Azir', 'Jhin', 'Mordekaiser', 'Taric', 'Viego')",2,0,2
"('Aphelios', ""Bel'Veth"", 'Braum', 'Irelia', 'LeBlanc')",2,0,2
"('Ahri', 'Alistar', 'Graves', 'Jinx', ""K'Sante"")",0,2,2
"('Jinx', ""K'Sante"", 'Nautilus', 'Pantheon', 'Taliyah')",1,1,2
"('Gnar', 'Graves', 'Sylas', 'Tryndamere', 'Twisted Fate')",0,2,2
"('Aphelios', 'Hecarim', 'Kassadin', 'Seraphine', 'Twisted Fate')",0,2,2
"('Aatrox', 'Brand', 'Cassiopeia', 'Rakan', 'Zeri')",2,0,2
"('Jax', 'Jayce', 'Rakan', 'Taliyah', 'Zeri')",2,0,2
"('Jax', 'Kindred', 'Pyke', 'Tristana', 'Xayah')",0,2,2
"('Graves', ""Kai'Sa"", 'Skarner', 'Syndra', 'Vex')",2,0,2
"('Jax', 'Lulu', 'Nidalee', 'Renekton', 'Zeri')",0,2,2
"('Akali', 'Camille', 'Jhin', ""Rek'Sai"", 'Xerath')",2,0,2
"('Azir', 'Jinx', 'Nocturne', 'Rumble', 'Skarner')",2,0,2
"('Hwei', 'Jinx', 'Kindred', 'Nautilus', 'Skarner')",0,2,2
"('Pyke', 'Samira', 'Twisted Fate', 'Viego', 'Zac')",2,0,2
"('Ashe', 'Qiyana', 'Taliyah', 'Tryndamere', 'Varus')",2,0,2
"('Ashe', ""Kai'Sa"", 'Poppy', 'Taliyah', 'Twisted Fate')",0,2,2
"(""Bel'Veth"", 'Heimerdinger', 'Hwei', 'Kalista', 'Twitch')",0,2,2
"('Blitzcrank', 'Graves', 'Hwei', ""K'Sante"", 'Xayah')",2,0,2
"('Aatrox', 'Alistar', 'Hecarim', ""Kai'Sa"", 'Twisted Fate')",0,2,2
"('Jhin', ""K'Sante"", 'Lillia', 'Seraphine', 'Tristana')",0,2,2
"('Irelia', 'Janna', 'Lillia', 'Riven', 'Sivir')",0,2,2
"('Jhin', 'Kennen', 'Lucian', 'Nunu & Willump', 'Sona')",2,0,2
"('Nilah', 'Rengar', 'Taliyah', 'Thresh', 'Urgot')",2,0,2
"('Hwei', 'Jinx', 'Kindred', 'Malphite', 'Rell')",0,2,2
"('Braum', 'Ekko', 'Jayce', 'Lucian', 'Poppy')",0,2,2
"('Ashe', 'Aurelion Sol', 'Camille', 'Sona', 'Viego')",2,0,2
"('Cassiopeia', 'Jinx', 'Leona', 'Viego', 'Yone')",2,0,2
"('Hecarim', 'Illaoi', 'Jinx', 'Pantheon', 'Soraka')",0,2,2
"('Graves', 'Jhin', 'Nautilus', 'Neeko', 'Zac')",2,0,2
"('Ashe', 'Ezreal', 'Master Yi', 'Twisted Fate', 'Wukong')",2,0,2
"('Draven', 'Galio', 'LeBlanc', 'Skarner', 'Talon')",0,2,2
"('Ashe', 'Gragas', 'Hwei', 'Master Yi', 'Tahm Kench')",2,0,2
"('Irelia', 'Janna', 'Lillia', 'Senna', 'Sivir')",0,2,2
"('Jayce', 'Jinx', 'Nidalee', 'Rakan', 'Viego')",2,0,2
"('Akali', 'Camille', 'Jhin', 'Nidalee', 'Twisted Fate')",0,2,2
"('Cassiopeia', ""Kha'Zix"", 'Milio', 'Smolder', 'Zoe')",2,0,2
"('Cassiopeia', 'Hecarim', ""Kai'Sa"", 'Pyke', 'Vladimir')",2,0,2
"('Jinx', 'LeBlanc', 'Lulu', 'Skarner', 'Xin Zhao')",2,0,2
"('Ashe', 'Nautilus', 'Nidalee', 'Skarner', 'Tristana')",0,2,2
"('Brand', 'Corki', 'Janna', 'LeBlanc', 'Skarner')",0,2,2
"(""Kai'Sa"", 'Naafiri', 'Nautilus', 'Nunu & Willump', 'Tristana')",2,0,2
"('Aatrox', 'Ezreal', 'Karma', 'LeBlanc', 'Viego')",2,0,2
"('Ashe', 'Braum', 'Nidalee', 'Tristana', 'Vayne')",2,0,2
"('Hwei', 'Jarvan IV', 'Jinx', 'Nasus', 'Nautilus')",2,0,2
"('Bard', 'Camille', 'Hecarim', 'Hwei', 'Varus')",2,0,2
"('Darius', 'Hecarim', 'Hwei', 'Jhin', 'Shaco')",2,0,2
"('Hwei', 'Janna', 'Jayce', 'Jinx', 'Karthus')",0,2,2
"('Hecarim', 'Janna', 'Nocturne', 'Smolder', 'Syndra')",2,0,2
"('Kalista', 'LeBlanc', 'Taliyah', 'Tristana', 'Tryndamere')",2,0,2
"('Ashe', ""Bel'Veth"", 'Gragas', 'LeBlanc', 'Pyke')",2,0,2
"('Brand', 'Leona', 'Poppy', 'Renekton', 'Zeri')",2,0,2
"('Corki', 'Fiddlesticks', 'Jax', 'Leona', 'Swain')",2,0,2
"('Akshan', 'Miss Fortune', 'Mordekaiser', 'Nidalee', 'Rakan')",0,2,2
"('Diana', 'Fiora', 'Hecarim', 'Kalista', 'Rell')",2,0,2
"('Gragas', 'Jhin', 'Katarina', 'Tryndamere', 'Viego')",2,0,2
"('Graves', 'Ornn', 'Rumble', 'Swain', 'Tristana')",2,0,2
"('Brand', 'Corki', 'Fiddlesticks', 'Skarner', 'Talon')",2,0,2
"('Ashe', 'Galio', 'Graves', 'Swain', 'Tahm Kench')",2,0,2
"(""Cho'Gath"", 'Hecarim', 'Karma', 'Maokai', 'Zed')",0,2,2
"('Aurelion Sol', 'Camille', 'Nami', 'Swain', 'Wukong')",0,2,2
"('Jinx', 'Nidalee', 'Poppy', 'Twisted Fate', 'Yone')",2,0,2
"('Bard', 'Diana', 'Jhin', 'Vayne', 'Viego')",2,0,2
"('Kindred', 'Leona', 'Swain', 'Syndra', 'Tryndamere')",0,2,2
"('Alistar', 'Illaoi', 'Jhin', 'Karthus', 'Tristana')",0,2,2
"('Ashe', 'Lulu', 'Nasus', 'Syndra', 'Viego')",0,2,2
"('Aatrox', 'Swain', 'Taliyah', 'Tristana', 'Zac')",2,0,2
"('Ashe', 'Lillia', 'Qiyana', 'Seraphine', 'Vayne')",2,0,2
"('Draven', 'Fiddlesticks', 'Qiyana', 'Rumble', 'Taliyah')",0,2,2
"('Kalista', 'Nidalee', 'Pyke', 'Renekton', 'Tristana')",2,0,2
"('LeBlanc', 'Nautilus', 'Rumble', 'Samira', 'Talon')",0,2,2
"('Jax', 'Nautilus', 'Sejuani', 'Sivir', 'Xerath')",0,2,2
"('Akali', 'Corki', 'Graves', 'Nautilus', 'Ornn')",0,2,2
"('Cassiopeia', 'Jayce', 'Jinx', 'Nunu & Willump', 'Thresh')",2,0,2
"('Blitzcrank', 'Pantheon', 'Sett', 'Varus', 'Vex')",0,2,2
"('Akali', 'Garen', ""Kai'Sa"", 'Lee Sin', 'Nautilus')",0,2,2
"('Ashe', 'Nautilus', ""Rek'Sai"", 'Twisted Fate', 'Yone')",2,0,2
"('Cassiopeia', 'Hecarim', 'Jhin', 'Shaco', 'Twisted Fate')",0,2,2
"('Braum', 'Gangplank', 'Lillia', 'Tristana', 'Zeri')",2,0,2
"('Galio', 'Gragas', 'Lucian', 'Nami', 'Vi')",2,0,2
"('Irelia', 'Kalista', 'Lee Sin', 'Neeko', 'Viktor')",0,2,2
"('Gragas', 'Jayce', 'Kalista', 'Nidalee', 'Thresh')",2,0,2
"(""Kai'Sa"", 'Lulu', 'Nautilus', 'Vex', 'Viego')",0,2,2
"('Blitzcrank', 'Corki', 'Gragas', 'Graves', ""Kai'Sa"")",0,2,2
"('Gwen', ""Kai'Sa"", 'Seraphine', 'Tristana', 'Udyr')",0,2,2
"('Aphelios', 'Blitzcrank', 'Hwei', 'Jayce', 'Karthus')",0,2,2
"('Gragas', 'Jayce', 'Karthus', 'Nautilus', 'Zeri')",0,2,2
"('Irelia', 'Nidalee', 'Skarner', 'Smolder', 'Tristana')",0,2,2
"('Aatrox', 'Aphelios', 'Hecarim', 'Hwei', 'Seraphine')",0,2,2
"('Graves', 'Gwen', 'Leona', 'Orianna', 'Zeri')",0,2,2
"('Caitlyn', 'Fiddlesticks', 'Graves', 'Gwen', 'Twisted Fate')",0,2,2
"('Ahri', 'Kennen', 'Thresh', 'Varus', 'Viego')",2,0,2
"('Darius', 'Rakan', 'Rumble', 'Smolder', 'Talon')",0,2,2
"('Ashe', 'Braum', 'Darius', 'Nidalee', 'Talon')",2,0,2
"('Akshan', 'Darius', 'Karthus', 'Nautilus', 'Senna')",2,0,2
"('Aurelion Sol', 'Graves', 'Seraphine', 'Skarner', 'Varus')",0,2,2
"('Darius', 'Jinx', 'LeBlanc', 'Neeko', 'Viego')",0,2,2
"('Corki', 'Darius', 'Nidalee', 'Rakan', 'Zeri')",0,2,2
"('Corki', 'Graves', 'LeBlanc', 'Lucian', 'Syndra')",0,2,2
"('Camille', 'Darius', ""Kai'Sa"", 'Lee Sin', 'Vex')",0,2,2
"('Darius', ""Kai'Sa"", 'Kindred', 'LeBlanc', 'Morgana')",0,2,2
"('Camille', 'Corki', 'Hwei', 'Kindred', 'Pantheon')",2,0,2
"('Darius', 'Jhin', 'Karthus', 'Senna', 'Talon')",2,0,2
"('Darius', 'Jhin', 'Neeko', 'Talon', 'Viego')",2,0,2
"('Darius', 'Diana', 'Ezreal', 'Rell', 'Yasuo')",0,2,2
"('Ahri', ""Bel'Veth"", 'Darius', 'Jinx', 'Lulu')",0,2,2
"('Blitzcrank', 'Hwei', ""Kai'Sa"", 'Malphite', 'Pantheon')",0,2,2
"('Irelia', 'Jayce', ""Kai'Sa"", 'Nautilus', 'Taliyah')",2,0,2
"('Corki', 'Fiddlesticks', ""Kai'Sa"", 'Kayle', 'Rell')",0,2,2
"('Ashe', 'Aurelion Sol', 'Poppy', 'Rell', 'Viego')",0,2,2
"('Gragas', 'Pantheon', 'Pyke', 'Samira', 'Tristana')",2,0,2
"('Cassiopeia', 'Graves', 'Kayle', 'Pyke', 'Samira')",2,0,2
"('Camille', ""Cho'Gath"", 'Corki', 'Hecarim', 'Katarina')",2,0,2
"('Fiddlesticks', 'Jinx', 'Lux', 'Olaf', 'Vayne')",2,0,2
"('Camille', 'Ezreal', 'Rakan', 'Taliyah', 'Yone')",0,2,2
"('Jhin', 'Katarina', ""Kha'Zix"", 'Pantheon', 'Rakan')",0,2,2
"('Annie', 'Nautilus', 'Pantheon', 'Rengar', 'Varus')",0,2,2
"('Nunu & Willump', 'Pantheon', 'Thresh', 'Twisted Fate', ""Vel'Koz"")",0,2,2
"('Ashe', 'Camille', 'Corki', 'Karthus', 'Pantheon')",2,0,2
"('Corki', 'Ivern', ""Kai'Sa"", 'Leona', 'Singed')",2,0,2
"('Akali', 'Pantheon', 'Rumble', 'Senna', 'Udyr')",2,0,2
"('Akali', 'Aurelion Sol', 'Graves', 'Seraphine', 'Xayah')",0,2,2
"('Brand', 'Jhin', 'Pantheon', 'Rell', 'Tristana')",0,2,2
"('Blitzcrank', 'Corki', 'Lux', 'Pantheon', ""Rek'Sai"")",0,2,2
"('Ashe', 'Jax', 'LeBlanc', 'Nautilus', 'Viego')",0,2,2
"('Jinx', 'Pantheon', 'Syndra', 'Udyr', 'Viego')",0,2,2
"('Akali', 'Ezreal', 'Kennen', 'Pyke', 'Shaco')",2,0,2
"('Graves', 'Jinx', 'Skarner', 'Thresh', 'Twisted Fate')",0,2,2
"('Cassiopeia', 'Graves', 'Jinx', 'Thresh', 'Twisted Fate')",0,2,2
"('Alistar', 'Hwei', 'Jhin', 'Kayle', 'Kindred')",2,0,2
"('Ashe', 'Kennen', 'Skarner', 'Talon', 'Udyr')",0,2,2
"('Corki', 'Master Yi', 'Nami', 'Rumble', 'Yone')",0,2,2
"('Galio', ""Kai'Sa"", 'Kennen', 'Rell', 'Xin Zhao')",2,0,2
"('Jarvan IV', 'Lissandra', 'Rumble', 'Twisted Fate', 'Varus')",0,2,2
"(""Kai'Sa"", 'Karthus', 'Nautilus', 'Orianna', 'Renekton')",2,0,2
"('Bard', 'Jax', 'Smolder', 'Taliyah', 'Viego')",0,2,2
"('Ashe', 'Graves', 'Hwei', 'Janna', 'Skarner')",0,2,2
"('Ashe', 'Braum', 'Corki', 'Gragas', 'Nidalee')",2,0,2
"('Ezreal', 'Lillia', 'Rakan', 'Renekton', 'Xayah')",2,0,2
"('Azir', 'Corki', 'Hecarim', 'Pyke', 'Rumble')",0,2,2
"('Braum', 'Jinx', 'Nidalee', 'Qiyana', 'Renekton')",2,0,2
"(""Bel'Veth"", 'LeBlanc', 'Malphite', 'Rakan', 'Varus')",0,2,2
"('Corki', 'Gragas', 'Hecarim', 'Rell', 'Yasuo')",2,0,2
"('Akshan', 'Ashe', 'Irelia', 'Lux', 'Nidalee')",2,0,2
"('Ekko', ""Kai'Sa"", 'Leona', 'Renekton', 'Tristana')",2,0,2
"('Cassiopeia', 'Galio', ""K'Sante"", 'Nidalee', 'Qiyana')",2,0,2
"('Graves', 'Jhin', 'LeBlanc', 'Nasus', 'Zac')",0,2,2
"('Rell', 'Taliyah', 'Twisted Fate', 'Xayah', 'Xin Zhao')",2,0,2
"('Fiddlesticks', 'Kalista', 'Renekton', 'Skarner', 'Viego')",2,0,2
"('Galio', 'Graves', ""K'Sante"", ""Kai'Sa"", 'Pyke')",0,2,2
"('Annie', 'Camille', 'Jinx', 'Thresh', 'Viego')",2,0,2
"('Ashe', 'Camille', 'Hwei', 'Rengar', 'Soraka')",2,0,2
"('Ashe', 'Darius', 'Gragas', 'Lee Sin', 'Nautilus')",2,0,2
"('Nautilus', 'Orianna', 'Ryze', 'Tristana', 'Udyr')",0,2,2
"('Camille', 'Corki', 'Jinx', 'Taric', 'Viego')",0,2,2
"('Ahri', 'Draven', 'Fiora', 'Lee Sin', 'Nautilus')",0,2,2
"('Darius', ""Kai'Sa"", 'Nautilus', 'Taliyah', 'Zed')",2,0,2
"('Alistar', 'Darius', 'Graves', 'Hwei', 'Sivir')",0,2,2
"('Alistar', 'Ashe', 'Hwei', 'Trundle', 'Viego')",2,0,2
"('Ashe', 'Corki', 'Mordekaiser', 'Rakan', 'Skarner')",2,0,2
"('Graves', 'Rell', 'Sylas', 'Twisted Fate', 'Varus')",2,0,2
"('Ashe', 'Corki', 'Nautilus', 'Olaf', 'Twisted Fate')",0,2,2
"('Darius', 'Katarina', 'Rumble', 'Xin Zhao', 'Zeri')",0,2,2
"('Darius', 'Karthus', 'Senna', 'Tristana', 'Zeri')",2,0,2
"('Draven', 'Nidalee', 'Rell', 'Swain', 'Talon')",2,0,2
"('Aphelios', 'Darius', 'Nautilus', 'Orianna', 'Taliyah')",0,2,2
"('Azir', 'Darius', 'Kindred', 'Lucian', 'Nami')",0,2,2
"('Ashe', 'Darius', 'Nidalee', 'Twisted Fate', 'Varus')",0,2,2
"('Ashe', 'Braum', 'Nidalee', 'Ornn', 'Tristana')",2,0,2
"('Jax', 'Jinx', 'Rakan', 'Taliyah', 'Yone')",2,0,2
"('Corki', 'Karthus', 'Nasus', 'Pyke', 'Yone')",0,2,2
"('Ahri', 'Aphelios', 'Skarner', 'Thresh', 'Viego')",2,0,2
"(""Kai'Sa"", 'Nautilus', 'Nidalee', 'Ornn', 'Renekton')",2,0,2
"('Bard', 'Gragas', 'Qiyana', 'Sivir', 'Viego')",2,0,2
"('Ashe', 'Aurelion Sol', 'Camille', 'Gnar', 'Nidalee')",0,2,2
"('Ashe', 'Cassiopeia', 'Karthus', 'Leona', 'Nocturne')",0,2,2
"(""K'Sante"", 'Lillia', 'Rell', 'Tristana', 'Zeri')",2,0,2
"('Master Yi', 'Rumble', 'Taric', 'Twitch', 'Ziggs')",0,2,2
"('Ahri', ""Bel'Veth"", ""Kai'Sa"", 'Nautilus', 'Poppy')",0,2,2
"('Jhin', 'Neeko', 'Skarner', 'Viego', 'Yasuo')",0,2,2
"('Gwen', 'Lee Sin', 'Malphite', 'Neeko', 'Tristana')",0,2,2
"(""K'Sante"", ""Rek'Sai"", 'Taric', 'Vladimir', 'Zeri')",0,2,2
"('Ashe', 'Cassiopeia', 'Darius', 'Hwei', 'Viego')",2,0,2
"('Aphelios', 'Braum', 'Gnar', 'Lee Sin', 'Syndra')",0,2,2
"('Braum', 'Gragas', 'Lucian', ""Rek'Sai"", 'Yasuo')",2,0,2
"('Akali', 'Kalista', 'Nautilus', 'Nidalee', 'Riven')",2,0,2
"('Maokai', 'Neeko', 'Sejuani', 'Twitch', 'Viego')",2,0,2
"('Janna', 'Kindred', 'Rumble', 'Yone', 'Zeri')",0,2,2
"('Jinx', 'Rumble', 'Sett', 'Thresh', 'Wukong')",0,2,2
"('Fiora', 'Jhin', 'Karthus', 'Rumble', 'Tristana')",2,0,2
"('Alistar', 'Darius', 'Jayce', 'Nidalee', 'Zeri')",0,2,2
"('Fiddlesticks', 'Pyke', 'Sett', 'Sylas', 'Zeri')",2,0,2
"('Ashe', 'Aurelion Sol', 'Camille', 'Pyke', 'Rumble')",2,0,2
"(""Kai'Sa"", 'LeBlanc', 'Nautilus', 'Shen', 'Viego')",2,0,2
"('Jinx', ""Rek'Sai"", 'Thresh', 'Tryndamere', 'Twisted Fate')",0,2,2
"('Ashe', 'Blitzcrank', 'Camille', 'Galio', 'Nidalee')",0,2,2
"('Cassiopeia', 'Galio', ""Kai'Sa"", 'Lee Sin', 'Pyke')",0,2,2
"('Braum', 'Camille', 'Jhin', 'LeBlanc', 'Lee Sin')",2,0,2
"('Camille', 'Darius', 'Nidalee', 'Soraka', 'Zeri')",0,2,2
"('Camille', 'Graves', 'Pantheon', 'Tryndamere', 'Varus')",0,2,2
"('Camille', 'Jinx', 'Lulu', 'Pantheon', 'Taliyah')",0,2,2
"('Corki', 'Nidalee', 'Pantheon', 'Renekton', 'Rengar')",0,2,2
"('Blitzcrank', 'Camille', 'Galio', 'Jinx', 'Viego')",2,0,2
"('Aatrox', 'Graves', 'Orianna', 'Rakan', 'Xayah')",2,0,2
"('Fiddlesticks', 'Gragas', 'Renekton', 'Xerath', 'Zeri')",2,0,2
"('Ashe', 'Jax', 'Karma', 'Xerath', 'Xin Zhao')",0,2,2
"('Gragas', ""Kai'Sa"", 'LeBlanc', 'Pantheon', 'Rakan')",2,0,2
"('Galio', 'Gragas', 'Renekton', 'Samira', 'Twisted Fate')",2,0,2
"('Nautilus', 'Nidalee', 'Skarner', 'Twitch', 'Viego')",2,0,2
"('Akali', 'Cassiopeia', 'Lucian', 'Nami', 'Viego')",2,0,2
"('Illaoi', 'Karma', 'Pyke', 'Viego', 'Zeri')",0,2,2
"('Jayce', 'Jhin', 'Rakan', 'Taliyah', 'Yone')",2,0,2
"('Corki', 'Fiddlesticks', 'LeBlanc', 'Leona', 'Viego')",0,2,2
"('Ashe', 'Hwei', 'Lee Sin', 'Nautilus', 'Yone')",0,2,2
"('Draven', ""K'Sante"", 'Kayn', 'LeBlanc', 'Pyke')",0,2,2
"('Alistar', 'Graves', 'Hwei', 'Jayce', 'Renekton')",0,2,2
"('Aatrox', ""Kha'Zix"", 'LeBlanc', 'Rell', 'Zeri')",0,2,2
"('Gnar', 'Graves', 'Hwei', 'Seraphine', 'Smolder')",0,2,2
"('Cassiopeia', 'Hwei', ""Kha'Zix"", 'Pyke', 'Twitch')",2,0,2
"('Alistar', 'Gragas', ""Kai'Sa"", 'Vi', 'Yone')",2,0,2
"('Lillia', 'Ornn', 'Rumble', 'Senna', 'Yone')",0,2,2
"('Aatrox', 'Corki', 'Hwei', 'Lee Sin', 'Nautilus')",0,2,2
"('LeBlanc', 'Lulu', 'Riven', 'Twitch', 'Viego')",0,2,2
"('Camille', 'Jhin', ""K'Sante"", 'LeBlanc', 'Lee Sin')",0,2,2
"('Kindred', 'LeBlanc', 'Mordekaiser', 'Rell', 'Zeri')",2,0,2
"('Diana', 'Heimerdinger', 'Janna', 'Yone', 'Zeri')",0,2,2
"('Aphelios', ""K'Sante"", 'Lillia', 'Lulu', 'Yone')",2,0,2
"('Nidalee', 'Senna', 'Tahm Kench', 'Volibear', 'Yone')",2,0,2
"('Camille', 'Ezreal', 'Neeko', 'Nidalee', 'Yone')",2,0,2
"('Poppy', 'Rakan', 'Tryndamere', 'Viktor', 'Zeri')",0,2,2
"('Corki', 'Irelia', 'Nunu & Willump', 'Thresh', 'Twisted Fate')",2,0,2
"('Ekko', ""Kai'Sa"", 'Pyke', 'Skarner', 'Tristana')",0,2,2
"('Akali', 'Hecarim', 'Hwei', 'Leona', 'Miss Fortune')",0,2,2
"('Aurelion Sol', 'Blitzcrank', 'Corki', 'Kennen', ""Kha'Zix"")",2,0,2
"(""K'Sante"", 'Nidalee', 'Pyke', 'Yasuo', 'Ziggs')",0,2,2
"('Jinx', 'Lissandra', 'Nocturne', 'Thresh', 'Yone')",0,2,2
"('Aatrox', 'Rakan', 'Taliyah', 'Tristana', 'Twitch')",0,2,2
"('Aatrox', 'Hwei', 'Lee Sin', 'Swain', 'Varus')",2,0,2
"('Ashe', 'Jax', 'Lulu', 'Nidalee', 'Zoe')",0,2,2
"('Bard', 'Brand', 'Jax', 'Talon', 'Tristana')",2,0,2
"('Corki', 'Kennen', 'LeBlanc', 'Rakan', 'Viego')",0,2,2
"('Galio', ""Kai'Sa"", 'Rumble', 'Skarner', 'Viego')",2,0,2
"('Ahri', 'Lee Sin', 'Lulu', 'Vayne', 'Zeri')",0,2,2
"('LeBlanc', 'Rell', 'Twisted Fate', 'Viego', 'Ziggs')",0,2,2
"('Ashe', 'Katarina', 'Kindred', 'Lulu', 'Skarner')",2,0,2
"('Ashe', 'Hwei', 'Milio', 'Renekton', 'Zac')",2,0,2
"('Corki', 'Jax', 'Taliyah', 'Taric', 'Viego')",2,0,2
"('Aatrox', ""Kai'Sa"", 'Nautilus', ""Rek'Sai"", 'Vex')",2,0,2
"('Ashe', 'Orianna', 'Seraphine', 'Shaco', 'Skarner')",0,2,2
"(""Kai'Sa"", 'Lee Sin', 'Orianna', 'Rakan', 'Renekton')",0,2,2
"('Fiora', ""Kai'Sa"", 'Nautilus', 'Rengar', 'Tristana')",0,2,2
"(""Bel'Veth"", 'Jhin', 'Nunu & Willump', 'Seraphine', 'Shen')",0,2,2
"('Ashe', 'Brand', 'Pyke', 'Vi', 'Wukong')",2,0,2
"('Aurelion Sol', ""K'Sante"", ""Kai'Sa"", 'Kindred', 'Pyke')",0,2,2
"('Akshan', 'Alistar', 'Kayle', 'Lee Sin', 'Smolder')",0,2,2
"('Gwen', 'Hwei', 'Jax', 'Nautilus', 'Xayah')",2,0,2
"('Ashe', ""K'Sante"", 'Kindred', 'Maokai', 'Twisted Fate')",2,0,2
"('Fiddlesticks', 'Gwen', 'Lucian', 'Rakan', 'Vi')",2,0,2
"('Corki', 'Lucian', 'Nautilus', 'Udyr', 'Viego')",2,0,2
"('Corki', 'Jax', 'Lillia', 'Rell', 'Twisted Fate')",2,0,2
"(""Bel'Veth"", 'Cassiopeia', 'Jinx', 'Nautilus', 'Riven')",0,2,2
"('Corki', 'Jhin', 'Urgot', 'Xerath', 'Zyra')",0,2,2
"('Dr. Mundo', ""Kai'Sa"", 'Lee Sin', 'Renekton', 'Taliyah')",2,0,2
"('Hwei', 'Rakan', 'Riven', 'Varus', 'Viego')",0,2,2
"(""Kai'Sa"", 'Nautilus', 'Renekton', 'Viego', 'Zoe')",2,0,2
"('Jayce', 'Jinx', 'Nidalee', 'Poppy', 'Tristana')",2,0,2
"('Corki', 'Nasus', 'Nautilus', 'Tristana', 'Zac')",0,2,2
"('Gwen', 'Jax', ""Kai'Sa"", 'Rell', 'Tristana')",2,0,2
"('Aphelios', 'Aurelion Sol', 'Jayce', 'Nautilus', 'Xin Zhao')",0,2,2
"('Akshan', 'Gragas', ""Kai'Sa"", 'Nidalee', 'Pyke')",2,0,2
"('Blitzcrank', 'Renekton', 'Seraphine', 'Taliyah', 'Tristana')",2,0,2
"('Ashe', 'Camille', 'Fiddlesticks', 'LeBlanc', 'Nautilus')",2,0,2
"('Ashe', 'Aurelion Sol', 'Jax', 'Milio', ""Rek'Sai"")",2,0,2
"('Ahri', 'Fiora', 'Graves', 'Senna', 'Vladimir')",0,2,2
"('Alistar', 'Graves', 'Orianna', 'Pantheon', 'Swain')",0,2,2
"('Fiddlesticks', 'Gangplank', 'Qiyana', 'Rell', 'Varus')",2,0,2
"('Jinx', 'Seraphine', 'Skarner', 'Taliyah', 'Yone')",0,2,2
"('Aphelios', 'Elise', 'Jayce', 'Rakan', 'Renekton')",2,0,2
"('Akshan', 'Darius', 'Elise', 'Lucian', 'Nami')",2,0,2
"('Aurelion Sol', 'Camille', 'Graves', 'Kalista', 'Skarner')",2,0,2
"('LeBlanc', 'Maokai', 'Rengar', 'Rumble', 'Zeri')",2,0,2
"('Corki', 'Draven', 'Fiora', 'Nidalee', 'Pyke')",2,0,2
"('Garen', 'Leona', 'Lillia', 'Tristana', 'Zeri')",0,2,2
"(""Kai'Sa"", 'Nami', 'Nidalee', 'Qiyana', 'Renekton')",2,0,2
"('Alistar', 'Kindred', 'Orianna', 'Varus', 'Vladimir')",2,0,2
"('Corki', 'Lee Sin', 'Nautilus', 'Sylas', 'Vladimir')",0,2,2
"('Ahri', 'Ezreal', 'Graves', 'Jax', 'Soraka')",2,0,2
"('Aatrox', 'Aurelion Sol', 'Corki', 'Pyke', ""Rek'Sai"")",0,2,2
"('Elise', 'Hwei', 'Lucian', 'Nami', 'Skarner')",0,2,2
"('Aphelios', ""K'Sante"", 'Kled', 'Nidalee', 'Thresh')",0,2,2
"('Azir', 'Nautilus', 'Shen', 'Varus', 'Xin Zhao')",0,2,2
"('Lucian', 'Nami', 'Rumble', 'Twisted Fate', 'Viego')",2,0,2
"('Brand', 'Rakan', 'Tristana', 'Tryndamere', 'Xayah')",0,2,2
"('Graves', 'Hwei', 'Jhin', 'Renekton', 'Skarner')",0,2,2
"('Alistar', 'Malphite', 'Samira', 'Sylas', 'Viego')",2,0,2
"('Aatrox', 'Ekko', 'Maokai', 'Nidalee', 'Zeri')",2,0,2
"('Aphelios', 'Karthus', 'Katarina', 'Nautilus', 'Singed')",0,2,2
"('Alistar', 'Ashe', 'Corki', 'Kindred', 'Mordekaiser')",0,2,2
"(""Bel'Veth"", 'Jinx', 'Kennen', 'Soraka', 'Zoe')",0,2,2
"('Cassiopeia', 'Rell', 'Riven', 'Taliyah', 'Talon')",2,0,2
"('Corki', ""Kai'Sa"", 'Kennen', 'Nautilus', 'Nidalee')",1,1,2
"('Aatrox', 'Gragas', 'Lee Sin', 'Singed', 'Zeri')",2,0,2
"('Jinx', 'Karthus', 'Rakan', 'Tristana', 'Twisted Fate')",2,0,2
"(""Bel'Veth"", 'Corki', 'Hwei', 'Nautilus', 'Sion')",2,0,2
"(""Kai'Sa"", 'Nautilus', 'Taliyah', 'Udyr', 'Xin Zhao')",2,0,2
"('Corki', 'Kled', 'Nautilus', 'Nidalee', 'Tristana')",2,0,2
"('Ezreal', 'Skarner', 'Taliyah', 'Vex', 'Yone')",0,2,2
"('Ezreal', 'Graves', 'Hwei', 'Seraphine', 'Sion')",2,0,2
"('Camille', 'Hwei', ""Kha'Zix"", ""Kog'Maw"", 'Skarner')",2,0,2
"('Kennen', 'Lucian', 'Shaco', 'Skarner', 'Tristana')",0,2,2
"('Ahri', 'Karthus', 'Riven', 'Thresh', 'Twitch')",0,2,2
"('Ahri', 'Caitlyn', 'Lee Sin', 'Lux', 'Sion')",2,0,2
"('Camille', 'Graves', 'Jinx', 'Twisted Fate', 'Yone')",2,0,2
"('Irelia', 'Jinx', 'Nautilus', 'Nidalee', 'Skarner')",2,0,2
"('Ashe', 'Kindred', 'Nautilus', 'Sion', 'Twisted Fate')",0,2,2
"('Draven', 'Gnar', 'Hwei', 'Skarner', 'Taric')",0,2,2
"('Aphelios', 'Pantheon', 'Poppy', 'Riven', 'Taliyah')",0,2,2
"('Graves', 'Heimerdinger', 'Jax', 'Skarner', 'Taliyah')",0,2,2
"('Azir', 'Blitzcrank', 'Corki', 'Vayne', 'Viego')",2,0,2
"('Diana', 'Nilah', 'Tryndamere', 'Viego', 'Zac')",0,2,2
"('Hwei', 'Kalista', 'Lillia', 'Riven', 'Zed')",0,2,2
"('Nidalee', 'Olaf', 'Rell', 'Samira', 'Xerath')",0,2,2
"('Caitlyn', 'Camille', 'Corki', 'Rengar', 'Taliyah')",2,0,2
"('Corki', 'Ekko', 'Elise', 'Udyr', 'Zeri')",0,2,2
"('Naafiri', 'Nidalee', 'Rumble', 'Tryndamere', 'Zeri')",0,2,2
"('Camille', 'Dr. Mundo', 'Graves', 'Kalista', 'Riven')",0,2,2
"('Corki', 'Draven', 'Skarner', 'Taliyah', 'Thresh')",2,0,2
"('Corki', 'Gragas', 'Jayce', 'Nautilus', 'Twisted Fate')",2,0,2
"('Karthus', 'Senna', 'Tahm Kench', 'Urgot', 'Yasuo')",2,0,2
"('Graves', 'Katarina', 'Lucian', 'Rell', 'Smolder')",0,2,2
"('Irelia', 'Jinx', 'Katarina', 'Viego', 'Zac')",0,2,2
"('Akali', 'Hecarim', 'Olaf', 'Rakan', 'Taliyah')",2,0,2
"('Brand', 'Nautilus', 'Qiyana', 'Skarner', 'Varus')",0,2,2
"('Akshan', 'Camille', 'Lee Sin', 'Maokai', 'Varus')",0,2,2
"('Blitzcrank', ""Kai'Sa"", 'Skarner', 'Yasuo', 'Zed')",2,0,2
"('Aphelios', 'Corki', 'Lillia', 'Nautilus', 'Skarner')",2,0,2
"('Blitzcrank', 'Skarner', 'Taliyah', 'Varus', 'Yasuo')",2,0,2
"('Ashe', 'Elise', 'Pyke', 'Qiyana', 'Renekton')",0,2,2
"('Ekko', 'Graves', 'Kalista', 'Neeko', 'Sett')",0,2,2
"('Hecarim', 'Hwei', 'Rumble', 'Yuumi', 'Zeri')",2,0,2
"('Camille', ""Kai'Sa"", 'Sejuani', 'Singed', 'Tristana')",0,2,2
"('Aurelion Sol', 'Graves', 'Lulu', 'Udyr', 'Zeri')",0,2,2
"('Aurelion Sol', 'Nautilus', ""Rek'Sai"", 'Skarner', 'Xayah')",0,2,2
"('Ashe', 'Hwei', ""K'Sante"", ""Kai'Sa"", ""Rek'Sai"")",2,0,2
"('Ashe', 'Azir', 'Skarner', 'Varus', 'Viego')",0,2,2
"('Akshan', 'Jax', ""Kai'Sa"", 'Nidalee', 'Rell')",0,2,2
"('Alistar', 'Annie', 'Jax', 'Viego', 'Zeri')",0,2,2
"('Ezreal', 'Galio', 'Lee Sin', 'Poppy', 'Vex')",0,2,2
"('Hwei', ""Kai'Sa"", 'Nautilus', 'Ornn', 'Viego')",0,2,2
"('Jhin', 'Nasus', 'Nidalee', 'Seraphine', 'Tristana')",2,0,2
"('Ashe', 'Aurelion Sol', 'Janna', 'Kennen', 'Viego')",0,2,2
"('Akshan', 'Aphelios', 'Nidalee', 'Rell', 'Renekton')",2,0,2
"(""Kai'Sa"", 'Karthus', 'Rell', 'Talon', 'Warwick')",2,0,2
"('Ashe', 'Hwei', 'Kindred', 'Shen', 'Varus')",2,0,2
"(""Kai'Sa"", 'Nautilus', 'Skarner', 'Sylas', 'Twisted Fate')",0,2,2
"('Ashe', ""K'Sante"", 'Karma', 'Lee Sin', 'Nunu & Willump')",0,2,2
"('Azir', 'Fiddlesticks', 'Nautilus', 'Varus', 'Yasuo')",0,2,2
"('Cassiopeia', 'Nautilus', 'Nidalee', 'Tristana', 'Xayah')",0,2,2
"('Ashe', 'Kled', 'Nidalee', 'Poppy', 'Zed')",2,0,2
"('Aatrox', 'Aphelios', 'Graves', 'Hwei', 'Thresh')",0,2,2
"('Diana', 'Graves', 'Jax', 'Jhin', 'Rakan')",2,0,2
"('Akshan', ""Kai'Sa"", 'Nautilus', 'Nidalee', 'Riven')",2,0,2
"('Corki', 'Graves', 'Rakan', 'Renekton', 'Syndra')",2,0,2
"('Corki', 'Nautilus', 'Skarner', 'Twisted Fate', 'Viego')",2,0,2
"('Lillia', 'Nautilus', 'Qiyana', 'Rumble', 'Samira')",2,0,2
"(""Kha'Zix"", ""Kog'Maw"", 'LeBlanc', 'Malphite', 'Seraphine')",0,2,2
"('Cassiopeia', 'Diana', 'Ezreal', 'Janna', 'Yasuo')",0,2,2
"('Galio', 'Graves', 'Jinx', 'Pyke', 'Shen')",2,0,2
"('Corki', 'Nidalee', 'Quinn', 'Rell', 'Yone')",2,0,2
"('Gragas', ""Kai'Sa"", 'Katarina', 'Sejuani', 'Skarner')",2,0,2
"('Akali', 'Karma', 'Twisted Fate', 'Varus', 'Viego')",2,0,2
"('Gragas', 'Hwei', 'Jinx', 'Nautilus', 'Viego')",2,0,2
"('Ahri', 'Cassiopeia', 'Corki', 'Graves', 'Rakan')",2,0,2
"('Aatrox', 'Diana', 'Graves', 'Senna', 'Ziggs')",2,0,2
"('Ashe', 'Camille', 'Nautilus', 'Nidalee', 'Tryndamere')",2,0,2
"('Corki', ""Kai'Sa"", 'Nautilus', 'Skarner', 'Vi')",2,0,2
"('Kayn', 'LeBlanc', 'Seraphine', 'Skarner', 'Zeri')",2,0,2
"('Ashe', 'Ezreal', 'Jayce', 'Soraka', 'Viego')",2,0,2
"('Cassiopeia', 'Graves', 'Hwei', 'Rell', 'Varus')",2,0,2
"('Hecarim', 'Heimerdinger', 'Qiyana', 'Rakan', 'Twisted Fate')",2,0,2
"('Aphelios', 'Camille', 'Jayce', 'Karthus', 'Twisted Fate')",2,0,2
"('Camille', 'Nautilus', 'Orianna', 'Tristana', 'Viego')",0,2,2
"('Camille', ""K'Sante"", 'Karthus', 'Pantheon', 'Varus')",2,0,2
"('Aphelios', 'Braum', 'Gragas', 'Taliyah', 'Tristana')",2,0,2
"('Aatrox', 'Galio', 'Hwei', ""Kha'Zix"", 'Varus')",2,0,2
"('Akali', 'Graves', 'Jax', 'Rumble', 'Varus')",2,0,2
"('Elise', 'Jayce', ""Kai'Sa"", 'Syndra', 'Viego')",2,0,2
"('Ahri', 'Graves', ""Kai'Sa"", 'Rell', 'Skarner')",2,0,2
"('Ashe', 'Camille', 'Katarina', 'Lillia', 'Skarner')",2,0,2
"('Diana', 'Draven', 'Pyke', 'Rumble', 'Viego')",0,2,2
"('Alistar', 'Hwei', 'Jax', 'Jinx', 'Viego')",0,2,2
"('Jhin', 'Malphite', 'Rumble', 'Sona', 'Viego')",0,2,2
"('Hwei', ""K'Sante"", 'Lucian', ""Rek'Sai"", 'Taric')",0,2,2
"('Brand', 'Hwei', 'Poppy', 'Renekton', 'Viego')",0,2,2
"('Ahri', 'Gragas', 'Jinx', 'Lee Sin', 'Thresh')",2,0,2
"('Ashe', 'Braum', 'Graves', 'Rumble', 'Ziggs')",0,2,2
"('Dr. Mundo', 'Hwei', ""Kai'Sa"", 'Pyke', 'Viego')",2,0,2
"('Aatrox', 'Hwei', ""Kai'Sa"", 'Nautilus', 'Viego')",2,0,2
"('Ashe', 'Hwei', 'Lee Sin', 'Leona', 'Nasus')",2,0,2
"('Hwei', 'Karthus', 'Rell', 'Skarner', 'Varus')",2,0,2
"('Camille', 'Hwei', ""Kai'Sa"", 'Nautilus', 'Viego')",2,0,2
"('Hwei', 'Jinx', 'Morgana', 'Olaf', 'Rengar')",2,0,2
"('Jayce', 'Nautilus', 'Syndra', 'Varus', 'Viego')",2,0,2
"('Braum', 'Caitlyn', 'Darius', 'Hwei', 'Viego')",0,2,2
"('Ahri', ""Bel'Veth"", 'Cassiopeia', 'Lulu', 'Nilah')",0,2,2
"('Hwei', 'Jax', ""Kai'Sa"", 'Qiyana', 'Rell')",0,2,2
"('Brand', 'Jayce', ""K'Sante"", 'Karma', 'Varus')",2,0,2
"('Bard', 'Graves', 'Hwei', 'Jinx', 'Olaf')",0,2,2
"(""K'Sante"", ""Kai'Sa"", 'Nautilus', 'Nidalee', 'Tristana')",2,0,2
"('Ahri', 'Braum', 'Jinx', 'Shen', 'Viego')",0,2,2
"(""Kai'Sa"", 'Pantheon', 'Rell', 'Riven', 'Zoe')",0,2,2
"('Hwei', 'Kindred', 'Sivir', 'Skarner', 'Syndra')",2,0,2
"('Braum', 'Jax', 'Jayce', 'Lillia', 'Samira')",2,0,2
"(""Cho'Gath"", 'Jax', 'Kindred', 'Maokai', 'Yone')",2,0,2
"('Blitzcrank', 'Hwei', 'Kindred', 'Lucian', 'Skarner')",0,2,2
"('Akshan', 'Hwei', ""Kai'Sa"", 'Smolder', 'Xin Zhao')",0,2,2
"('Hwei', ""K'Sante"", 'Lucian', 'Nami', 'Skarner')",0,2,2
"('Corki', 'Hwei', 'Nautilus', ""Rek'Sai"", 'Riven')",2,0,2
"('Corki', 'Nautilus', 'Nidalee', 'Skarner', 'Tristana')",2,0,2
"('Aatrox', 'Braum', 'Lucian', 'Nidalee', 'Yone')",2,0,2
"('Gragas', 'Hwei', 'Jinx', 'Rakan', 'Xin Zhao')",2,0,2
"('Diana', 'Draven', 'Lee Sin', 'Nami', 'Tryndamere')",0,2,2
"('Aphelios', 'Jayce', 'Kennen', 'Nautilus', 'Nidalee')",1,1,2
"('Akshan', 'Lucian', 'Nami', 'Nidalee', 'Vayne')",1,1,2
"('Tryndamere', 'Udyr', 'Varus', 'Yasuo', 'Zac')",0,2,2
"('Ezreal', ""K'Sante"", 'Nidalee', 'Yone', 'Zac')",0,2,2
"('Camille', 'Jinx', 'Pyke', 'Rengar', 'Syndra')",0,2,2
"('Camille', 'Graves', 'LeBlanc', 'Urgot', 'Xayah')",0,2,2
"('Aphelios', 'Nautilus', 'Twisted Fate', 'Vayne', 'Viego')",0,2,2
"('Kled', 'Lucian', 'Pyke', 'Viego', 'Viktor')",0,2,2
"('Corki', 'Fiddlesticks', 'Rakan', 'Riven', 'Zeri')",2,0,2
"('Jax', 'Lillia', 'Master Yi', 'Taric', 'Varus')",2,0,2
"('Annie', 'Ashe', 'Camille', 'Elise', 'Seraphine')",2,0,2
"('Kled', 'Taliyah', 'Taric', 'Tristana', 'Viego')",2,0,2
"('Aurelion Sol', 'Kindred', 'Nautilus', 'Renekton', 'Samira')",2,0,2
"('Jax', 'Jinx', 'Nautilus', 'Nidalee', 'Viego')",2,0,2
"('Galio', 'Heimerdinger', 'Twisted Fate', 'Varus', 'Viego')",0,2,2
"('Aphelios', 'Nasus', 'Nidalee', 'Rell', 'Xerath')",2,0,2
"('Aphelios', 'Cassiopeia', 'Nautilus', ""Rek'Sai"", 'Twisted Fate')",2,0,2
"('Bard', 'Ezreal', 'Irelia', 'Jayce', 'Nidalee')",0,2,2
"('Camille', 'Hecarim', 'Jinx', ""Kai'Sa"", 'Kennen')",0,2,2
"('Draven', 'Galio', 'Gragas', 'Sona', 'Viego')",0,2,2
"('Camille', 'Jinx', 'Nautilus', 'Pantheon', 'Taliyah')",0,2,2
"('Camille', 'Fiddlesticks', 'Kalista', 'Kindred', 'Shen')",2,0,2
"('Brand', 'Dr. Mundo', 'Pyke', 'Varus', 'Xerath')",2,0,2
"('Alistar', 'Gangplank', 'Graves', 'Jinx', 'Twisted Fate')",2,0,2
"('Aphelios', 'Camille', 'LeBlanc', 'Seraphine', 'Xin Zhao')",2,0,2
"('Ashe', 'Camille', 'Nidalee', 'Skarner', 'Yone')",2,0,2
"('Aatrox', 'Alistar', 'Jayce', 'Taliyah', 'Varus')",2,0,2
"('Blitzcrank', 'Cassiopeia', 'Jinx', 'Kindred', 'Rumble')",2,0,2
"('Ahri', 'Ashe', 'Kayn', 'Pyke', 'Rumble')",0,2,2
"('Ahri', 'Camille', 'Jhin', 'Thresh', 'Viego')",0,2,2
"('Aatrox', 'LeBlanc', 'Nidalee', 'Nilah', 'Pyke')",0,2,2
"(""K'Sante"", 'Lillia', 'Lux', 'Tristana', 'Varus')",2,0,2
"('Cassiopeia', 'Graves', ""Kai'Sa"", 'Katarina', 'Nautilus')",2,0,2
"('Ezreal', 'Graves', 'Jax', 'Karma', ""Vel'Koz"")",2,0,2
"(""Kha'Zix"", 'Nasus', 'Rakan', 'Skarner', 'Zeri')",0,2,2
"('Brand', 'Kindred', 'Nautilus', 'Skarner', 'Xayah')",0,2,2
"('Jhin', 'Leona', 'Pantheon', 'Skarner', 'Ziggs')",0,2,2
"('Aphelios', 'Jax', 'Rell', 'Viego', 'Zoe')",2,0,2
"(""K'Sante"", ""Kai'Sa"", 'Lee Sin', 'Lissandra', 'Rell')",0,2,2
"('Galio', 'Hwei', 'Jinx', 'Lulu', 'Master Yi')",2,0,2
"('Graves', 'Kennen', 'Samira', 'Sylas', 'Yone')",2,0,2
"('Braum', 'Heimerdinger', 'Jinx', 'Taliyah', 'Yone')",0,2,2
"('Draven', 'Fiddlesticks', 'Gragas', 'Pyke', 'Tristana')",0,2,2
"('Cassiopeia', 'Ezreal', 'LeBlanc', 'Pyke', ""Rek'Sai"")",2,0,2
"('Camille', 'Jax', ""Kai'Sa"", 'Lillia', 'Tristana')",2,0,2
"('Ahri', 'Alistar', 'Ezreal', ""Rek'Sai"", 'Viego')",2,0,2
"('Gnar', ""Kai'Sa"", 'Rakan', 'Sejuani', 'Yone')",2,0,2
"('Alistar', 'Anivia', 'Irelia', 'Jinx', ""Rek'Sai"")",2,0,2
"('Akali', 'Aphelios', 'Pantheon', 'Thresh', 'Volibear')",2,0,2
"('Aatrox', 'Camille', 'Rengar', 'Tristana', 'Zed')",2,0,2
"('Alistar', 'Ashe', 'Brand', 'Rumble', 'Yasuo')",2,0,2
"('Camille', 'Nilah', 'Pyke', 'Viego', 'Zac')",2,0,2
"('Hecarim', 'Irelia', 'Pyke', 'Taliyah', 'Xayah')",2,0,2
"('Aurelion Sol', 'Jhin', 'Kindred', 'Leona', 'Rumble')",2,0,2
"('Jax', ""Kai'Sa"", 'Lillia', 'Pyke', 'Twisted Fate')",2,0,2
"('Brand', 'Corki', 'Darius', ""Kai'Sa"", 'Rell')",2,0,2
"('Camille', ""Kai'Sa"", 'Qiyana', 'Rumble', 'Xin Zhao')",2,0,2
"('Jinx', 'Maokai', 'Twisted Fate', 'Vex', 'Viego')",0,2,2
"('Ashe', 'Camille', 'Kennen', 'Kindred', 'Viktor')",0,2,2
"('Azir', 'Jax', 'Kindred', 'Nautilus', 'Zeri')",0,2,2
"('Jhin', 'Karthus', 'Nautilus', 'Ornn', 'Tristana')",2,0,2
"('Ashe', 'Hwei', 'Ornn', 'Thresh', 'Viego')",0,2,2
"('Hecarim', 'Hwei', 'Rakan', 'Tryndamere', 'Varus')",0,2,2
"('Aurelion Sol', 'Jinx', 'Mordekaiser', ""Rek'Sai"", 'Taric')",2,0,2
"('Blitzcrank', 'Gragas', 'Hecarim', 'Jayce', 'Jinx')",2,0,2
"('Alistar', 'Corki', 'Rumble', 'Smolder', 'Viego')",2,0,2
"(""Bel'Veth"", 'Corki', 'Irelia', 'Orianna', 'Skarner')",2,0,2
"('Graves', 'Neeko', 'Poppy', 'Syndra', 'Varus')",2,0,2
"('Aphelios', 'Hwei', 'Jayce', 'Seraphine', 'Xin Zhao')",0,2,2
"('Lee Sin', 'Lissandra', 'Skarner', 'Zeri', 'Zilean')",2,0,2
"('Hecarim', 'Rell', 'Rumble', 'Xerath', 'Zeri')",0,2,2
"('Aatrox', 'Jarvan IV', ""Kai'Sa"", 'Neeko', 'Orianna')",2,0,2
"('Corki', 'Fiora', 'Galio', 'Rakan', 'Viego')",2,0,2
"('Corki', 'Jinx', 'Neeko', 'Renekton', 'Rumble')",2,0,2
"(""Kai'Sa"", 'Kennen', 'Poppy', 'Taliyah', 'Tristana')",2,0,2
"('Bard', 'Gnar', 'Nidalee', 'Tristana', 'Twisted Fate')",2,0,2
"('Caitlyn', 'Ezreal', 'Jayce', 'Lillia', 'Morgana')",0,2,2
"('Camille', 'Draven', 'Viego', 'Yone', 'Ziggs')",0,2,2
"('Brand', 'Jhin', 'Poppy', 'Twisted Fate', 'Xin Zhao')",0,2,2
"('Draven', ""K'Sante"", 'Nidalee', 'Rumble', 'Tristana')",0,2,2
"('Jayce', 'Kalista', 'Nidalee', 'Rell', 'Rumble')",2,0,2
"('Aurelion Sol', 'Garen', 'Master Yi', 'Smolder', 'Sona')",2,0,2
"('Ashe', 'Bard', 'Jayce', 'Taliyah', 'Twisted Fate')",2,0,2
"('Ekko', 'Ezreal', 'Nautilus', 'Rumble', 'Viego')",0,2,2
"('Ashe', 'Camille', 'Rumble', 'Taliyah', 'Tristana')",0,2,2
"('Ashe', 'Lee Sin', 'Rumble', 'Skarner', 'Tristana')",0,2,2
"('Akshan', 'Nidalee', 'Pyke', 'Rumble', 'Smolder')",2,0,2
"('Diana', 'Hwei', 'Jayce', 'Neeko', 'Samira')",0,2,2
"('Hecarim', 'Hwei', 'Miss Fortune', 'Nocturne', 'Seraphine')",2,0,2
"('Fiddlesticks', 'Irelia', ""Kai'Sa"", 'Rell', 'Tryndamere')",2,0,2
"('Hwei', ""Kha'Zix"", 'Seraphine', 'Skarner', 'Zeri')",2,0,2
"('Akali', 'Ashe', 'Hecarim', 'Jayce', 'Varus')",2,0,2
"('Aatrox', 'Alistar', 'Hecarim', 'Taliyah', 'Varus')",2,0,2
"('Akshan', 'Brand', ""Kai'Sa"", 'Skarner', 'Thresh')",0,2,2
"('Fiora', 'Nautilus', 'Orianna', 'Taliyah', 'Varus')",2,0,2
"('Ashe', 'Blitzcrank', 'Sett', 'Twisted Fate', 'Viego')",0,2,2
"('Camille', 'Draven', 'Fizz', 'Jax', 'Rumble')",0,2,2
"('Aphelios', 'Galio', 'Kennen', 'Orianna', 'Xin Zhao')",0,2,2
"('Ashe', 'Gragas', ""Kha'Zix"", 'Seraphine', 'Twisted Fate')",2,0,2
"('Corki', 'Gwen', 'Jayce', 'Jinx', 'Thresh')",2,0,2
"('Cassiopeia', 'Corki', 'Lee Sin', 'Nautilus', 'Wukong')",2,0,2
"('Ashe', 'Camille', 'Hwei', 'Lee Sin', 'Wukong')",0,2,2
"('Camille', 'Elise', 'Qiyana', 'Seraphine', 'Soraka')",2,0,2
"('Alistar', 'Jinx', 'Nidalee', 'Skarner', 'Tristana')",0,2,2
"('Cassiopeia', 'Gwen', ""Kha'Zix"", 'Lulu', 'Zeri')",0,2,2
"('Ezreal', 'Hwei', 'Kayn', 'Rakan', 'Twisted Fate')",0,2,2
"('Azir', 'Master Yi', 'Rell', 'Xayah', 'Yone')",0,2,2
"('Azir', 'Jhin', 'Kindred', 'Pyke', 'Tryndamere')",0,2,2
"('Jax', 'Jhin', 'Nautilus', 'Sylas', 'Tristana')",2,0,2
"('Gragas', 'Jinx', 'Poppy', 'Thresh', 'Tristana')",2,0,2
"('Aphelios', 'Gragas', 'Malphite', 'Nautilus', 'Yasuo')",2,0,2
"('Camille', 'Qiyana', 'Rell', 'Swain', 'Taliyah')",0,2,2
"('Alistar', ""Bel'Veth"", 'Corki', 'Malphite', 'Nilah')",2,0,2
"('Camille', 'Heimerdinger', 'Lux', 'Pantheon', 'Viego')",0,2,2
"('Camille', 'Jax', 'Katarina', 'Lucian', ""Rek'Sai"")",0,2,2
"('Camille', 'Gragas', ""Kai'Sa"", 'Master Yi', 'Qiyana')",0,2,2
"('Aphelios', 'Bard', 'Jax', 'Jayce', 'Nidalee')",2,0,2
"('Graves', 'Rakan', 'Rumble', 'Taliyah', 'Zeri')",2,0,2
"('Alistar', 'Ashe', 'LeBlanc', 'Lee Sin', 'Rumble')",0,2,2
"('Graves', ""Kai'Sa"", 'LeBlanc', 'Maokai', 'Olaf')",2,0,2
"('Braum', 'Jinx', 'Lee Sin', 'Sylas', 'Twisted Fate')",2,0,2
"('Corki', 'Fizz', 'Gragas', 'Graves', 'Rakan')",0,2,2
"('Alistar', 'Galio', ""Kai'Sa"", ""Kha'Zix"", 'Twisted Fate')",2,0,2
"('Brand', 'Braum', 'Corki', 'Garen', 'Lucian')",2,0,2
"('Akshan', 'Aphelios', 'Nidalee', 'Renekton', 'Thresh')",0,2,2
"('Hecarim', ""Kai'Sa"", 'Kennen', 'Lulu', 'Twisted Fate')",0,2,2
"('Braum', 'Jinx', 'Karthus', 'Twisted Fate', 'Yone')",0,2,2
"('Cassiopeia', 'Gragas', 'Lucian', 'Poppy', 'Rell')",2,0,2
"('Alistar', 'Cassiopeia', 'Jax', 'Kindred', 'Lucian')",2,0,2
"('Blitzcrank', 'Kalista', 'Shen', 'Yone', 'Zyra')",2,0,2
"('Graves', ""Kai'Sa"", 'Rakan', 'Shen', 'Zoe')",2,0,2
"('Anivia', 'Blitzcrank', ""Kai'Sa"", 'Shen', 'Skarner')",0,2,2
"('Aphelios', 'Gragas', 'Hecarim', 'Nautilus', 'Vex')",2,0,2
"('Ashe', 'LeBlanc', 'Ornn', 'Shen', 'Viego')",2,0,2
"(""Bel'Veth"", 'Ekko', 'Fiddlesticks', 'Shen', 'Varus')",0,2,2
"('Kalista', 'Malzahar', 'Shen', 'Taric', 'Viego')",0,2,2
"('Brand', 'Nautilus', 'Syndra', 'Twisted Fate', 'Zeri')",0,2,2
"('Ashe', 'Leona', 'Shen', 'Twisted Fate', 'Viego')",0,2,2
"('Draven', 'Neeko', 'Nunu & Willump', 'Shen', 'Tryndamere')",2,0,2
"('Caitlyn', ""K'Sante"", 'Lee Sin', 'Lillia', 'Rakan')",2,0,2
"('Ashe', 'Graves', 'Seraphine', 'Shen', 'Tristana')",2,0,2
"(""Kai'Sa"", 'Katarina', 'Kindred', 'Rell', 'Shen')",0,2,2
"('Annie', 'Graves', 'Lucian', 'Nami', 'Shen')",0,2,2
"('Ashe', 'Graves', 'Seraphine', 'Shen', 'Twisted Fate')",0,2,2
"('Braum', 'Caitlyn', 'Nidalee', 'Shen', 'Tristana')",0,2,2
"('Aurelion Sol', 'Dr. Mundo', 'Lulu', 'Viego', 'Zeri')",2,0,2
"('Akshan', 'Dr. Mundo', 'Nautilus', 'Smolder', 'Taliyah')",2,0,2
"('Jax', 'Jayce', 'Jinx', 'Nidalee', 'Zilean')",2,0,2
"('Akshan', 'Jax', ""Kai'Sa"", ""Rek'Sai"", 'Zilean')",2,0,2
"('Akali', 'Jhin', 'Pantheon', 'Rakan', 'Tristana')",0,2,2
"('Corki', 'Nautilus', 'Nidalee', 'Tristana', 'Xin Zhao')",0,2,2
"('Ashe', 'Lulu', 'Ryze', 'Skarner', 'Viego')",0,2,2
"('Alistar', ""Kai'Sa"", 'Lillia', 'Viego', 'Zac')",0,2,2
"('Corki', 'Garen', 'LeBlanc', 'Nidalee', 'Thresh')",0,2,2
"('Katarina', 'Lucian', 'Nami', 'Renekton', 'Viego')",0,2,2
"('Hwei', 'Jhin', 'Lee Sin', 'Neeko', 'Rumble')",2,0,2
"('Camille', 'Graves', 'Seraphine', 'Twisted Fate', 'Viego')",2,0,2
"('Ekko', 'Karma', 'Kled', 'Varus', 'Yasuo')",2,0,2
"('Corki', 'Kennen', 'Nautilus', 'Qiyana', 'Viego')",0,2,2
"('Alistar', 'Camille', 'Hwei', 'Jinx', 'Lee Sin')",2,0,2
"('Corki', 'Nidalee', 'Rell', 'Samira', 'Sett')",2,0,2
"('Aphelios', 'Ekko', 'Shen', 'Thresh', 'Zoe')",0,2,2
"('Akali', 'Graves', 'Illaoi', 'Jinx', 'Taric')",2,0,2
"('Cassiopeia', 'Jayce', 'Lee Sin', 'Rell', 'Tristana')",0,2,2
"('Ashe', 'Nidalee', 'Pantheon', 'Rumble', 'Skarner')",0,2,2
"('Jax', ""Kai'Sa"", 'Nidalee', 'Rell', 'Yone')",0,2,2
"('Ashe', 'Gragas', 'Hecarim', 'Lulu', 'Nasus')",2,0,2
"('Blitzcrank', 'Corki', 'Rumble', 'Vi', 'Yasuo')",0,2,2
"('Akali', 'Alistar', 'Graves', 'Jayce', 'Xayah')",2,0,2
"('Ashe', 'Aurelion Sol', 'Malphite', 'Nautilus', 'Viego')",2,0,2
"('Ahri', 'Jinx', 'Rakan', 'Tryndamere', 'Viego')",2,0,2
"('Nautilus', 'Nidalee', 'Smolder', 'Tristana', 'Urgot')",2,0,2
"('Ashe', ""K'Sante"", 'Katarina', 'Nidalee', 'Varus')",0,2,2
"('Ahri', 'Gnar', 'Kindred', 'Rakan', 'Tristana')",0,2,2
"('Rakan', 'Rumble', 'Viego', 'Yone', 'Zeri')",0,2,2
"('Akali', 'Pantheon', 'Viego', 'Yuumi', 'Zeri')",0,2,2
"('Irelia', 'Jhin', 'Leona', 'Taliyah', 'Tristana')",2,0,2
"('Aatrox', 'Akali', 'Ashe', 'Braum', 'Taliyah')",0,2,2
"('Graves', 'Hwei', 'Nautilus', 'Twisted Fate', 'Varus')",0,2,2
"('Alistar', 'Graves', ""Kai'Sa"", 'LeBlanc', 'Ryze')",2,0,2
"('Kalista', 'Nautilus', 'Pantheon', 'Taliyah', 'Viego')",2,0,2
"('Ezreal', 'Heimerdinger', 'Leona', 'Viego', 'Xin Zhao')",2,0,2
"('LeBlanc', 'Lee Sin', 'Nautilus', 'Quinn', 'Varus')",0,2,2
"('Jax', ""Kai'Sa"", 'Nidalee', 'Talon', 'Thresh')",0,2,2
"('Aatrox', 'Lee Sin', 'Sylas', 'Thresh', 'Xayah')",0,2,2
"('Akali', 'Draven', 'Lee Sin', 'Orianna', 'Rakan')",2,0,2
"('Aurelion Sol', 'Lee Sin', 'Lucian', 'Nautilus', 'Skarner')",2,0,2
"('Cassiopeia', 'Irelia', 'Lulu', 'Master Yi', 'Twitch')",0,2,2
"('Ashe', 'Hwei', 'Jax', 'Lee Sin', 'Rakan')",2,0,2
"('Cassiopeia', 'Draven', 'Pantheon', 'Rengar', 'Thresh')",0,2,2
"('Blitzcrank', 'Camille', 'Hwei', 'Lucian', 'Taliyah')",2,0,2
"('Ashe', 'Nautilus', 'Renekton', 'Twisted Fate', 'Vi')",2,0,2
"(""Kai'Sa"", 'Lillia', 'Maokai', 'Viego', 'Yone')",0,2,2
"('Camille', ""Kai'Sa"", 'Rell', 'Rumble', 'Yone')",2,0,2
"('Ashe', 'Gragas', 'Nidalee', 'Sett', 'Yasuo')",2,0,2
"(""Kai'Sa"", 'Lillia', 'Rumble', 'Tristana', 'Viego')",0,2,2
"('Karma', 'Taliyah', 'Varus', 'Viego', 'Wukong')",0,2,2
"('Aatrox', 'Leona', 'Taliyah', 'Viego', 'Zeri')",2,0,2
"('Camille', 'Jinx', 'Lillia', 'Taric', 'Yone')",0,2,2
"('Fiora', 'Jayce', ""Kai'Sa"", 'Lillia', 'Pyke')",0,2,2
"('Ashe', 'Braum', 'Graves', 'Lissandra', 'Tryndamere')",0,2,2
"('Jayce', 'Jinx', 'Sona', 'Taliyah', 'Yone')",0,2,2
"(""Kai'Sa"", 'Malphite', 'Rakan', 'Renekton', 'Viego')",2,0,2
"('Cassiopeia', ""Kai'Sa"", 'Lissandra', 'Nautilus', 'Pantheon')",0,2,2
"('Cassiopeia', 'Lulu', ""Rek'Sai"", 'Taliyah', 'Zeri')",2,0,2
"('Braum', 'Corki', 'Lissandra', 'Pantheon', 'Rumble')",2,0,2
"('Pantheon', 'Swain', 'Thresh', 'Twisted Fate', 'Xerath')",2,0,2
"(""K'Sante"", 'Karthus', 'Rakan', 'Xayah', 'Zed')",0,2,2
"('Camille', 'Jax', 'Jhin', 'Karma', 'Twisted Fate')",2,0,2
"('Akshan', 'Diana', 'Jax', 'Karma', 'Varus')",0,2,2
"('Darius', 'Hwei', ""Kai'Sa"", 'Lee Sin', 'Rell')",2,0,2
"('Graves', 'Kalista', 'Neeko', 'Ryze', 'Twisted Fate')",2,0,2
"('Ashe', 'Corki', 'Gnar', 'Karma', 'Nidalee')",2,0,2
"('Akali', 'Ashe', 'Camille', 'Gnar', 'Taliyah')",2,0,2
"('Blitzcrank', 'Gwen', 'Lee Sin', 'Neeko', 'Smolder')",0,2,2
"('Ashe', 'Braum', 'Gragas', 'Irelia', 'Kayn')",0,2,2
"('Ashe', 'Camille', 'Hwei', ""Kha'Zix"", 'Seraphine')",1,1,2
"(""Kai'Sa"", 'Karthus', 'Poppy', 'Twisted Fate', 'Viego')",2,0,2
"('Blitzcrank', 'Corki', 'Miss Fortune', 'Nasus', ""Rek'Sai"")",0,2,2
"('Braum', 'Jax', 'Jinx', 'Taliyah', 'Yone')",2,0,2
"('Aatrox', 'Nidalee', 'Pantheon', 'Rell', 'Samira')",2,0,2
"('Aatrox', 'Bard', 'Kalista', 'Taliyah', 'Tristana')",2,0,2
"('Aatrox', 'Hwei', 'Kassadin', 'Senna', 'Viego')",0,2,2
"('Brand', 'Camille', 'Lucian', 'Nami', 'Viego')",0,2,2
"('Ashe', 'Ekko', ""K'Sante"", 'Seraphine', 'Sivir')",0,2,2
"('Alistar', 'Jax', 'Jayce', 'Karthus', 'Xayah')",2,0,2
"('Camille', 'Galio', ""K'Sante"", ""Kai'Sa"", 'Kindred')",0,2,2
"('Jax', 'Jayce', 'Katarina', 'Rell', 'Varus')",0,2,2
"('Elise', 'Fiora', 'Graves', ""Kai'Sa"", 'Katarina')",2,0,2
"('Blitzcrank', 'Corki', ""K'Sante"", 'Lee Sin', 'Samira')",2,0,2
"('Neeko', 'Rumble', 'Sylas', 'Twitch', 'Viego')",0,2,2
"('Aurelion Sol', ""Bel'Veth"", 'Corki', 'Dr. Mundo', 'Zilean')",2,0,2
"('Nidalee', 'Orianna', 'Rakan', 'Renekton', 'Xayah')",2,0,2
"('Akali', 'Hwei', 'Rakan', 'Twitch', 'Viego')",2,0,2
"('Nautilus', 'Taliyah', 'Tristana', 'Twisted Fate', 'Vayne')",2,0,2
"('Aurelion Sol', 'Camille', 'Corki', 'Skarner', 'Viego')",0,2,2
"('Syndra', 'Taliyah', 'Taric', 'Twitch', 'Vayne')",0,2,2
"('Aurelion Sol', 'Kennen', 'Nautilus', 'Rengar', 'Twitch')",2,0,2
"(""Kai'Sa"", 'Karthus', 'Pantheon', 'Pyke', 'Skarner')",0,2,2
"('Corki', 'Fiora', 'Karthus', 'Renekton', 'Zilean')",0,2,2
"('Aphelios', 'Hwei', 'Jayce', 'Leona', 'Nidalee')",0,2,2
"('Nidalee', 'Rell', 'Renekton', 'Samira', 'Tristana')",0,2,2
"('Camille', 'Hwei', 'Jax', ""Kai'Sa"", 'Nautilus')",2,0,2
"('Pyke', 'Rumble', 'Vayne', 'Viego', 'Zeri')",2,0,2
"('Gwen', 'Jhin', 'Lee Sin', 'Soraka', 'Sylas')",2,0,2
"('Gwen', 'Nautilus', 'Taliyah', 'Talon', 'Zeri')",0,2,2
"(""Kai'Sa"", 'Kennen', 'Pantheon', 'Rakan', 'Zed')",2,0,2
"('Akshan', 'Jax', ""Kai'Sa"", 'Skarner', 'Wukong')",0,2,2
"('Ashe', 'Diana', 'Renekton', 'Rengar', 'Seraphine')",2,0,2
"('Galio', 'Samira', 'Sylas', 'Twisted Fate', 'Xin Zhao')",0,2,2
"('Hwei', ""K'Sante"", 'Lee Sin', 'Sivir', 'Zilean')",2,0,2
"('Akshan', 'Jax', 'Jhin', 'Nidalee', 'Zilean')",0,2,2
"('Aphelios', 'Brand', 'Braum', 'Elise', 'Skarner')",2,0,2
"('Ashe', 'Nidalee', 'Tristana', 'Yasuo', 'Zilean')",2,0,2
"('Caitlyn', 'Master Yi', 'Rumble', 'Yorick', 'Zilean')",2,0,2
"('Aatrox', 'Gwen', ""Kai'Sa"", 'Orianna', 'Rakan')",2,0,2
"('Jayce', ""Kai'Sa"", 'Tristana', 'Zac', 'Zilean')",0,2,2
"('Jhin', 'Rumble', 'Sylas', 'Viego', 'Zilean')",2,0,2
"('Ahri', 'Aphelios', 'Poppy', ""Rek'Sai"", 'Zilean')",2,0,2
"('Camille', 'Diana', 'Ezreal', 'Poppy', 'Zilean')",2,0,2
"(""Bel'Veth"", 'Hwei', 'Jhin', 'Ornn', 'Zilean')",2,0,2
"('Alistar', 'Ashe', 'Aurelion Sol', ""Bel'Veth"", 'Shen')",2,0,2
"(""Bel'Veth"", 'Jinx', 'Lulu', 'Orianna', 'Rumble')",2,0,2
"('Camille', 'Lillia', 'Nautilus', 'Pantheon', 'Varus')",2,0,2
"('Caitlyn', 'Corki', 'Fiora', 'Nidalee', 'Zilean')",0,2,2
"('Lillia', 'Nilah', 'Skarner', 'Yone', 'Zilean')",2,0,2
"(""Kai'Sa"", 'Nidalee', 'Thresh', 'Tryndamere', 'Yasuo')",0,2,2
"('Aphelios', 'Camille', 'Lux', 'Nautilus', 'Nidalee')",0,2,2
"('Fiddlesticks', 'Hwei', ""K'Sante"", 'Orianna', 'Varus')",0,2,2
"('Fiora', 'Nidalee', 'Taric', 'Yasuo', 'Zeri')",2,0,2
"('Galio', 'Janna', 'Kennen', ""Kha'Zix"", 'Zeri')",0,2,2
"('Nidalee', 'Pyke', 'Skarner', 'Talon', 'Zeri')",0,2,2
"('Diana', 'Nautilus', 'Talon', 'Tryndamere', 'Zeri')",0,2,2
"('Blitzcrank', 'Graves', ""Kai'Sa"", 'LeBlanc', 'Zac')",0,2,2
"('Kalista', 'Lee Sin', 'Orianna', 'Rell', 'Skarner')",0,2,2
"('Gangplank', 'Jayce', ""Kai'Sa"", 'Lillia', 'Nautilus')",2,0,2
"('Ahri', ""Bel'Veth"", 'Rakan', 'Skarner', 'Zeri')",2,0,2
"('Akali', 'Alistar', 'Graves', ""Kai'Sa"", 'Shen')",0,2,2
"('Fiora', 'Galio', ""Kai'Sa"", 'Lee Sin', 'Maokai')",2,0,2
"('Caitlyn', 'Jayce', 'Lux', 'Skarner', 'Tristana')",2,0,2
"('Alistar', 'Irelia', ""Kai'Sa"", 'Nidalee', 'Talon')",0,2,2
"('Caitlyn', 'Gragas', 'Graves', 'Jayce', 'Nautilus')",2,0,2
"('Ashe', 'Braum', 'Lillia', 'Ornn', 'Yasuo')",0,2,2
"('Bard', 'Fiddlesticks', 'Skarner', 'Tristana', 'Zeri')",2,0,2
"('Bard', 'Hwei', 'Smolder', 'Viego', 'Zeri')",0,2,2
"('Draven', 'Jayce', ""K'Sante"", 'Lux', 'Taliyah')",2,0,2
"('Gragas', 'Hwei', 'Lucian', 'Skarner', 'Xin Zhao')",0,2,2
"('Darius', 'Diana', 'Nautilus', 'Nidalee', 'Zeri')",2,0,2
"(""Bel'Veth"", 'Jinx', 'Orianna', 'Rumble', 'Thresh')",2,0,2
"('Jax', 'Jayce', ""Kai'Sa"", 'Lillia', 'Nautilus')",0,2,2
"('Draven', 'Hwei', 'Kennen', 'Tryndamere', 'Viego')",2,0,2
"('Akshan', 'Aphelios', 'Brand', 'Darius', 'Rakan')",0,2,2
"('Ahri', 'Ashe', ""Kai'Sa"", 'Lee Sin', 'Shen')",2,0,2
"('Aatrox', 'Hwei', ""Kai'Sa"", 'Nidalee', 'Rell')",2,0,2
"('Jhin', 'Kennen', 'LeBlanc', 'Seraphine', 'Viego')",2,0,2
"('Ahri', 'Ashe', 'Camille', 'Darius', 'Graves')",2,0,2
"('Braum', 'Jinx', 'Rumble', 'Taliyah', 'Tristana')",2,0,2
"('Draven', 'Hwei', 'Rell', 'Tryndamere', 'Viego')",2,0,2
"('Ashe', 'Jayce', 'Maokai', 'Nidalee', 'Renekton')",0,2,2
"('Diana', 'Skarner', 'Taric', 'Twitch', 'Vayne')",2,0,2
"('Hwei', 'Kindred', 'Skarner', 'Taric', 'Twitch')",2,0,2
"('Camille', 'Hwei', ""Kai'Sa"", 'Rell', 'Rengar')",2,0,2
"('Akali', ""Kha'Zix"", 'Rakan', 'Renekton', 'Twitch')",0,2,2
"(""Kai'Sa"", 'Rakan', 'Rengar', 'Twisted Fate', 'Zoe')",0,2,2
"('Ahri', 'Jayce', 'Lee Sin', 'Leona', 'Zeri')",0,2,2
"('Lee Sin', 'Lillia', 'Rakan', 'Twitch', 'Yone')",2,0,2
"('Braum', 'Galio', 'Pantheon', 'Xin Zhao', 'Zeri')",0,2,2
"('Jinx', ""K'Sante"", 'LeBlanc', 'Lee Sin', 'Thresh')",1,1,2
"('Ahri', 'Bard', 'Jax', 'Lee Sin', 'Tristana')",2,0,2
"('Caitlyn', 'Fiora', 'Katarina', 'Lux', 'Nidalee')",2,0,2
"('Aphelios', 'Azir', 'Jarvan IV', 'Milio', 'Yone')",0,2,2
"('Hwei', 'Lucian', 'Milio', 'Rengar', 'Tryndamere')",2,0,2
"('Ashe', 'Fiora', 'Neeko', 'Nidalee', 'Tristana')",2,0,2
"('Jayce', ""Kai'Sa"", 'Rell', 'Rumble', 'Taliyah')",0,2,2
"('Corki', 'Gwen', 'Nautilus', 'Riven', 'Zeri')",2,0,2
"('Ahri', 'Ashe', 'Braum', 'Hecarim', 'Sion')",2,0,2
"('Brand', 'Leona', 'Lucian', 'Tristana', 'Zac')",0,2,2
"(""Kai'Sa"", 'Nautilus', 'Skarner', 'Sylas', 'Vi')",2,0,2
"('Ashe', 'Nidalee', 'Pyke', 'Tristana', 'Zilean')",2,0,2
"('Kayle', 'Rell', 'Taliyah', 'Talon', 'Varus')",2,0,2
"('Ahri', 'Camille', 'Jax', ""Kai'Sa"", 'Skarner')",2,0,2
"('Alistar', 'Cassiopeia', 'Hwei', 'Jinx', 'Viego')",0,2,2
"('Cassiopeia', 'Graves', ""Kai'Sa"", 'Rell', 'Twisted Fate')",0,2,2
"('Alistar', 'Jayce', ""K'Sante"", ""Kai'Sa"", 'Lillia')",0,2,2
"('Galio', 'Hwei', 'Jax', ""Kai'Sa"", 'Skarner')",2,0,2
"(""Kai'Sa"", 'Nidalee', 'Pyke', 'Udyr', 'Yone')",2,0,2
"('Jax', 'Rakan', ""Rek'Sai"", 'Viktor', 'Zeri')",0,2,2
"('Camille', 'Katarina', 'Lee Sin', 'Renekton', 'Zeri')",0,2,2
"('Galio', 'Kindred', ""Kog'Maw"", 'Lulu', 'Viego')",2,0,2
"('Corki', 'Nidalee', 'Varus', 'Vayne', 'Zoe')",2,0,2
"('Camille', ""Kai'Sa"", 'Lee Sin', 'Ornn', 'Taliyah')",2,0,2
"('Aphelios', 'Cassiopeia', 'Lulu', 'Rengar', 'Skarner')",2,0,2
"(""Kai'Sa"", 'Kennen', 'Rell', 'Talon', 'Viego')",2,0,2
"('Jhin', 'Leona', 'Twisted Fate', ""Vel'Koz"", 'Viego')",0,2,2
"('Braum', 'Camille', 'Graves', 'Jinx', 'Lissandra')",2,0,2
"('Ashe', ""Bel'Veth"", ""Cho'Gath"", 'Quinn', 'Rakan')",2,0,2
"('Hecarim', 'Karma', 'Katarina', 'Poppy', 'Varus')",2,0,2
"('Bard', 'Ezreal', 'Gnar', 'Kennen', 'Viego')",0,2,2
"('Akshan', 'Ekko', ""K'Sante"", ""Kai'Sa"", 'Nautilus')",2,0,2
"('Ashe', 'Nidalee', 'Orianna', 'Rell', 'Renekton')",1,1,2
"('Ahri', 'Graves', ""Kai'Sa"", 'Neeko', 'Skarner')",0,2,2
"('Bard', 'Galio', 'Kindred', 'Riven', 'Varus')",2,0,2
"('Ahri', 'Braum', 'Graves', 'Renekton', 'Zeri')",2,0,2
"('Jinx', 'Lillia', 'Rumble', 'Thresh', 'Tristana')",0,2,2
"('Annie', ""Kai'Sa"", 'Kayn', 'Kennen', 'Rell')",2,0,2
"('Ashe', 'Heimerdinger', 'Kennen', 'Kindred', 'Yasuo')",0,2,2
"('Corki', 'Elise', 'Jayce', 'Leona', 'Varus')",0,2,2
"(""Kai'Sa"", 'Kindred', 'Rell', 'Riven', 'Zilean')",2,0,2
"('Ashe', 'Hecarim', 'Janna', 'LeBlanc', 'Renekton')",2,0,2
"('Bard', 'Jhin', 'Nidalee', 'Skarner', 'Viego')",0,2,2
"('Camille', 'Draven', 'Galio', 'Rakan', 'Rengar')",0,2,2
"('Fiora', ""Kai'Sa"", 'LeBlanc', ""Rek'Sai"", 'Rell')",2,0,2
"('Corki', 'Rell', 'Rengar', 'Varus', 'Xerath')",2,0,2
"('Aphelios', 'Ivern', 'Jax', 'Katarina', 'Nautilus')",2,0,2
"('Illaoi', 'Jayce', 'Jhin', 'Nautilus', 'Nidalee')",2,0,2
"('Bard', 'Jhin', 'Taliyah', 'Tristana', 'Tryndamere')",2,0,2
"('Corki', 'Irelia', 'Jhin', 'Nidalee', 'Soraka')",2,0,2
"('Hecarim', 'Neeko', 'Rell', 'Twisted Fate', 'Varus')",2,0,2
"('Fiora', 'Galio', 'Hecarim', 'Rell', 'Yone')",0,2,2
"('Aatrox', 'Akali', 'Ashe', 'Lux', 'Viego')",2,0,2
"('Ashe', 'Galio', 'Graves', 'Irelia', 'Nautilus')",0,2,2
"('Aatrox', 'Galio', 'Jhin', 'Kindred', 'Leona')",2,0,2
"('Aphelios', 'Hwei', 'Nidalee', 'Ornn', 'Thresh')",0,2,2
"('Camille', 'Ezreal', 'Galio', 'Rumble', 'Senna')",0,2,2
"('Corki', 'Galio', 'Graves', 'Jax', 'Taric')",2,0,2
"('Leona', 'Nidalee', 'Smolder', 'Udyr', 'Viego')",2,0,2
"('Ashe', 'Kindred', 'Skarner', 'Taric', 'Vex')",0,2,2
"('LeBlanc', 'Nocturne', 'Rell', 'Varus', 'Viego')",0,2,2
"('Hwei', ""K'Sante"", ""Kai'Sa"", 'Rakan', 'Viego')",2,0,2
"('Gragas', 'Graves', ""Kai'Sa"", 'LeBlanc', 'Sion')",2,0,2
"('Ashe', 'Lillia', 'Riven', 'Syndra', 'Zac')",2,0,2
"('Ashe', 'Kennen', 'Sylas', 'Varus', 'Viego')",2,0,2
"('Blitzcrank', 'Hwei', 'Jax', 'Lee Sin', 'Varus')",2,0,2
"('Katarina', 'Rell', 'Shen', 'Taliyah', 'Zeri')",2,0,2
"('Jayce', 'Jinx', 'Nautilus', 'Nidalee', 'Singed')",0,2,2
"('Akshan', 'Caitlyn', ""K'Sante"", 'Karma', 'Nidalee')",0,2,2
"('Leona', 'Nidalee', 'Quinn', 'Sivir', 'Zed')",0,2,2
"('Caitlyn', 'Lux', 'Syndra', 'Twisted Fate', 'Xin Zhao')",2,0,2
"('Aatrox', 'Pantheon', 'Rell', 'Samira', 'Taliyah')",0,2,2
"('Alistar', 'Gnar', 'Lee Sin', 'Taliyah', 'Veigar')",2,0,2
"('Caitlyn', 'Graves', 'Lissandra', 'Olaf', 'Seraphine')",0,2,2
"('Gwen', 'Jayce', 'Maokai', 'Samira', 'Taliyah')",0,2,2
"('Ashe', 'Rell', 'Sett', 'Viego', 'Ziggs')",2,0,2
"('Ashe', 'Braum', 'Malphite', 'Viego', 'Vladimir')",2,0,2
"('Caitlyn', 'Karma', 'Nautilus', 'Olaf', 'Viego')",2,0,2
"('Kindred', 'Rakan', 'Sett', 'Twitch', 'Viktor')",2,0,2
"('Kalista', 'Kassadin', 'Rakan', 'Skarner', 'Viego')",2,0,2
"(""Kha'Zix"", 'Kled', 'Rell', 'Sylas', 'Zeri')",0,2,2
"(""Kai'Sa"", 'Karthus', 'Ornn', 'Rakan', 'Tristana')",2,0,2
"(""Kai'Sa"", 'Kennen', 'Kindred', 'LeBlanc', 'Rell')",2,0,2
"('Corki', 'Jhin', 'Nautilus', 'Nidalee', 'Rumble')",2,0,2
"('Darius', ""Kai'Sa"", 'Lux', 'Skarner', 'Zed')",0,2,2
"('Akali', 'Camille', 'Rell', 'Samira', 'Taliyah')",2,0,2
"('Ahri', 'Pyke', 'Viego', 'Volibear', 'Zeri')",2,0,2
"('Azir', 'Graves', 'Lulu', 'Skarner', 'Smolder')",0,2,2
"('Neeko', 'Poppy', 'Rumble', 'Samira', 'Viego')",0,2,2
"('Camille', 'Corki', 'Rumble', 'Skarner', 'Vayne')",2,0,2
"('Akali', ""Kai'Sa"", 'Lillia', 'Rell', 'Vayne')",0,2,2
"('Gwen', 'Rakan', 'Twisted Fate', 'Varus', 'Vex')",2,0,2
"('Ahri', 'Braum', 'Jayce', 'Nocturne', 'Smolder')",0,2,2
"('Ashe', 'Jax', 'Nidalee', 'Rumble', 'Yasuo')",0,2,2
"('Camille', ""Kai'Sa"", 'Lee Sin', 'Rell', 'Sylas')",2,0,2
"('Jax', 'Jinx', 'Kindred', 'Orianna', 'Thresh')",2,0,2
"('Kalista', 'LeBlanc', 'Malphite', 'Rengar', 'Varus')",2,0,2
"('Alistar', 'Ashe', 'Corki', 'Rengar', 'Rumble')",0,2,2
"('Ashe', 'Caitlyn', 'Galio', ""Rek'Sai"", 'Rumble')",2,0,2
"('Ashe', 'Gragas', 'Taliyah', 'Tristana', 'Varus')",2,0,2
"('Ahri', 'Kalista', 'Nasus', ""Rek'Sai"", 'Seraphine')",0,2,2
"(""Kai'Sa"", 'Nautilus', 'Poppy', 'Viego', 'Xerath')",2,0,2
"('Akali', ""Kai'Sa"", 'Nautilus', ""Rek'Sai"", 'Yone')",2,0,2
"('Jarvan IV', 'Jhin', 'LeBlanc', 'Skarner', ""Vel'Koz"")",0,2,2
"('Blitzcrank', 'Camille', ""Kai'Sa"", 'Yone', 'Zac')",0,2,2
"('Hwei', ""Kai'Sa"", 'Nautilus', ""Rek'Sai"", 'Tryndamere')",0,2,2
"('Jax', ""Kai'Sa"", 'Rengar', 'Thresh', 'Vex')",0,2,2
"('Fiora', 'Thresh', 'Varus', 'Viego', 'Ziggs')",2,0,2
"('Ahri', 'Ashe', 'Gangplank', ""Kha'Zix"", 'Tahm Kench')",2,0,2
"('Aphelios', 'Jax', 'Nidalee', 'Taric', 'Tristana')",0,2,2
"('Azir', 'Jayce', 'Karthus', 'Maokai', 'Varus')",0,2,2
"('Ashe', 'Nidalee', 'Rumble', 'Tristana', 'Zac')",0,2,2
"('Fiora', 'Katarina', 'Rell', 'Vi', 'Zeri')",2,0,2
"('Draven', 'Karthus', 'Nautilus', 'Tristana', 'Tryndamere')",0,2,2
"('Lee Sin', 'Lucian', 'Nami', 'Skarner', 'Syndra')",0,2,2
"('LeBlanc', 'Lucian', 'Nami', ""Rek'Sai"", 'Tristana')",0,2,2
"('Akali', 'Azir', 'Lucian', 'Skarner', 'Viego')",0,2,2
"('Darius', ""Kai'Sa"", 'Lux', 'Skarner', 'Xerath')",0,2,2
"('Ashe', 'Braum', 'Tryndamere', 'Viego', 'Xerath')",0,2,2
"('Ashe', 'Azir', 'Blitzcrank', 'Irelia', 'Skarner')",2,0,2
"('Akali', 'Jinx', 'Seraphine', 'Xin Zhao', 'Yasuo')",0,2,2
"('Akali', 'Galio', 'Jinx', 'Lee Sin', 'Lulu')",2,0,2
"('Ashe', 'Aurelion Sol', 'Master Yi', 'Renekton', 'Thresh')",0,2,2
"('Graves', 'Orianna', 'Rell', 'Skarner', 'Varus')",0,2,2
"('Ashe', 'Graves', 'Kayle', 'LeBlanc', 'Nautilus')",2,0,2
"('Ashe', 'Karthus', 'Neeko', 'Viego', 'Volibear')",0,2,2
"('Ahri', 'Alistar', 'Jax', ""Rek'Sai"", 'Varus')",0,2,2
"('Draven', 'Pyke', 'Skarner', 'Twisted Fate', 'Viego')",0,2,2
"('Diana', ""Kai'Sa"", 'Nautilus', 'Skarner', 'Yasuo')",2,0,2
"('Braum', 'Ornn', ""Rek'Sai"", 'Twisted Fate', 'Zeri')",2,0,2
"(""Kog'Maw"", 'Leona', 'Lillia', 'Skarner', 'Twisted Fate')",0,2,2
"('Ashe', 'Janna', 'Pantheon', 'Rumble', 'Tristana')",0,2,2
"('Alistar', 'Heimerdinger', ""Kai'Sa"", 'Vex', 'Viego')",0,2,2
"('Camille', 'Galio', ""Kai'Sa"", 'Lee Sin', 'Maokai')",2,0,2
"('Camille', 'Jhin', 'Karma', 'Nocturne', 'Orianna')",2,0,2
"('Jayce', 'Rakan', 'Smolder', 'Xerath', 'Xin Zhao')",0,2,2
"('Hwei', 'Kennen', 'Varus', 'Viego', 'Zyra')",0,2,2
"('Gwen', 'Kindred', 'Leona', 'Taliyah', 'Yasuo')",2,0,2
"('Aphelios', ""K'Sante"", 'Katarina', 'Lulu', 'Taliyah')",2,0,2
"('Kennen', 'Kindred', 'Lulu', 'Qiyana', 'Zeri')",2,0,2
"('Blitzcrank', 'Corki', 'Graves', 'Skarner', 'Twisted Fate')",0,2,2
"('Ekko', 'Fiddlesticks', ""Kai'Sa"", 'Lux', 'Vayne')",0,2,2
"('Ashe', 'LeBlanc', 'Rumble', 'Talon', 'Varus')",2,0,2
"(""Bel'Veth"", ""Kai'Sa"", 'Rell', 'Rumble', 'Twisted Fate')",0,2,2
"('Kennen', 'Qiyana', 'Taliyah', 'Varus', 'Zyra')",2,0,2
"('Draven', 'Jayce', 'LeBlanc', 'Nautilus', ""Rek'Sai"")",0,2,2
"('Caitlyn', 'Graves', 'Hwei', 'Jayce', 'Nami')",0,2,2
"('Aurelion Sol', 'Jarvan IV', ""Kai'Sa"", 'Nautilus', 'Tryndamere')",2,0,2
"('Annie', 'Hecarim', 'Jax', 'Rakan', 'Xayah')",2,0,2
"('Ahri', 'Blitzcrank', 'Gwen', 'Skarner', 'Varus')",2,0,2
"('Ashe', 'Fiora', 'Graves', 'Rumble', 'Twisted Fate')",2,0,2
"('Illaoi', 'Nautilus', 'Twisted Fate', 'Varus', 'Vi')",0,2,2
"('Ashe', 'Bard', 'Camille', 'Lee Sin', 'Twisted Fate')",0,2,2
"('Pantheon', 'Pyke', ""Rek'Sai"", 'Twisted Fate', 'Zeri')",0,2,2
"('Hwei', 'Jax', 'Kalista', ""Kha'Zix"", 'Pyke')",0,2,2
"(""Kai'Sa"", 'Nunu & Willump', 'Orianna', 'Rell', 'Varus')",0,2,2
"('Akali', 'Blitzcrank', ""Kai'Sa"", ""Kha'Zix"", 'Tristana')",2,0,2
"('Jayce', 'Kindred', 'Nilah', 'Orianna', 'Rakan')",0,2,2
"('Jinx', 'Kindred', 'Lulu', 'Orianna', 'Wukong')",0,2,2
"('Aphelios', 'Nami', 'Twisted Fate', 'Vi', 'Wukong')",2,0,2
"('Aurelion Sol', 'Irelia', 'Neeko', ""Rek'Sai"", 'Varus')",0,2,2
"('Aatrox', 'Draven', 'Galio', 'Kindred', 'Nautilus')",1,1,2
"('Hecarim', 'Heimerdinger', 'Hwei', 'Jhin', 'Neeko')",2,0,2
"('Diana', 'Illaoi', ""Kai'Sa"", 'Lee Sin', 'Rakan')",0,2,2
"('Aphelios', 'Gragas', 'Lillia', 'Nautilus', 'Tristana')",2,0,2
"('Bard', 'Illaoi', 'Kalista', 'Lillia', 'Tristana')",2,0,2
"('Ezreal', ""K'Sante"", 'Nidalee', 'Rakan', 'Zyra')",0,2,2
"('Ashe', 'Hwei', 'Illaoi', 'Rumble', 'Viego')",0,2,2
"('Ahri', 'Ashe', 'Illaoi', ""Kha'Zix"", 'Thresh')",0,2,2
"('Ashe', 'Bard', 'Illaoi', 'Jax', 'Zoe')",2,0,2
"(""Kai'Sa"", ""Kha'Zix"", 'LeBlanc', 'Skarner', 'Vi')",0,2,2
"('Aphelios', 'Lillia', 'Lulu', 'Skarner', 'Zed')",0,2,2
"('Aurelion Sol', ""Kai'Sa"", 'Rakan', 'Xin Zhao', 'Zyra')",0,2,2
"('Aurelion Sol', 'Jhin', 'Lee Sin', 'Skarner', 'Varus')",2,0,2
"('Jinx', ""K'Sante"", 'Taliyah', 'Thresh', 'Tristana')",2,0,2
"('Akshan', ""Kai'Sa"", 'Maokai', 'Rumble', 'Taliyah')",2,0,2
"('Akali', 'Alistar', 'Kennen', 'Lee Sin', 'Varus')",2,0,2
"('Amumu', 'Caitlyn', 'Jarvan IV', 'Orianna', 'Rumble')",2,0,2
"('Alistar', 'Ashe', 'Nocturne', 'Taliyah', 'Yasuo')",2,0,2
"('Corki', 'Kennen', 'Rakan', 'Viego', 'Zeri')",0,2,2
"(""Bel'Veth"", 'Blitzcrank', ""K'Sante"", ""Kai'Sa"", 'Vex')",0,2,2
"('Corki', 'Illaoi', ""Kha'Zix"", 'Sylas', 'Zilean')",2,0,2
"('Akshan', 'Kennen', 'Nautilus', 'Smolder', 'Udyr')",2,0,2
"('Hecarim', 'Hwei', 'Jinx', ""K'Sante"", 'Skarner')",0,2,2
"('Ashe', 'Illaoi', 'Nidalee', 'Tristana', 'Varus')",2,0,2
"('Ashe', 'Karthus', 'Nautilus', 'Skarner', 'Yasuo')",0,2,2
"('Irelia', 'Neeko', 'Rengar', 'Sylas', 'Varus')",2,0,2
"('Gangplank', ""Kai'Sa"", ""Kha'Zix"", 'LeBlanc', 'Nautilus')",2,0,2
"('Alistar', 'Camille', 'Hecarim', ""Vel'Koz"", 'Yone')",0,2,2
"('Annie', 'Jayce', 'Jhin', 'Rakan', 'Viego')",0,2,2
"('Aphelios', 'Illaoi', 'Katarina', 'Nautilus', 'Viego')",0,2,2
"('Caitlyn', 'Elise', 'Jayce', 'Kennen', 'Lux')",0,2,2
"('Ashe', 'Illaoi', 'Poppy', 'Sylas', 'Viego')",2,0,2
"('Renekton', 'Rumble', 'Senna', 'Seraphine', 'Twisted Fate')",2,0,2
"('Annie', ""K'Sante"", 'Lee Sin', 'Rakan', 'Sivir')",0,2,2
"('Diana', ""K'Sante"", ""Kai'Sa"", 'Nautilus', 'Nunu & Willump')",0,2,2
"('Ahri', 'Fiora', 'Hecarim', 'Rell', 'Varus')",2,0,2
"(""Kai'Sa"", 'Lissandra', 'Sett', 'Taliyah', 'Vi')",0,2,2
"('Jinx', 'Kled', 'Lee Sin', 'Lissandra', 'Lulu')",2,0,2
"('Ashe', 'Aurelion Sol', 'Illaoi', 'Rengar', 'Seraphine')",2,0,2
"('Corki', 'Diana', 'Neeko', 'Skarner', 'Varus')",2,0,2
"('Blitzcrank', 'Jinx', 'LeBlanc', ""Rek'Sai"", 'Zac')",2,0,2
"('Hwei', 'Illaoi', ""Kog'Maw"", 'Rakan', 'Talon')",2,0,2
"('Azir', 'Corki', 'Jayce', 'Nunu & Willump', 'Rell')",2,0,2
"('Ashe', 'Braum', 'Lee Sin', 'Rumble', 'Tristana')",0,2,2
"(""Kai'Sa"", 'Maokai', 'Nasus', ""Rek'Sai"", 'Sylas')",2,0,2
"('Ashe', 'LeBlanc', 'Rumble', 'Viego', 'Zyra')",2,0,2
"('Rell', 'Rumble', 'Tristana', 'Viego', 'Zeri')",2,0,2
"('Ashe', 'Braum', 'Camille', 'Hecarim', 'Syndra')",2,0,2
"('Corki', 'Galio', 'Kennen', 'Kindred', 'Leona')",0,2,2
"(""Bel'Veth"", 'Gnar', 'LeBlanc', 'Miss Fortune', 'Varus')",2,0,2
"('Hwei', ""Kai'Sa"", 'Lee Sin', 'Mordekaiser', 'Rakan')",0,2,2
"(""Bel'Veth"", 'Hwei', 'Jax', 'Lucian', 'Rell')",2,0,2
"('Aurelion Sol', 'Kennen', 'Kindred', 'Lucian', 'Nautilus')",0,2,2
"(""Kai'Sa"", 'Pantheon', 'Pyke', 'Rakan', 'Renekton')",2,0,2
"('Fiddlesticks', 'Mordekaiser', 'Samira', 'Taric', 'Tristana')",2,0,2
"('Blitzcrank', ""Kai'Sa"", 'Neeko', ""Rek'Sai"", 'Renekton')",2,0,2
"('Jhin', 'LeBlanc', 'Ornn', 'Seraphine', 'Vi')",2,0,2
"('Graves', 'Jax', 'Jhin', 'Orianna', 'Zilean')",2,0,2
"('Jhin', ""K'Sante"", 'Kindred', 'Neeko', 'Rell')",2,0,2
"('Alistar', 'Briar', 'Gnar', 'Lucian', 'Rumble')",2,0,2
"('Galio', ""Kai'Sa"", 'Lee Sin', 'Qiyana', 'Sett')",2,0,2
"(""Kai'Sa"", 'Leona', 'Lillia', 'Rumble', 'Viego')",0,2,2
"('Graves', 'Jinx', 'Kennen', 'Soraka', 'Sylas')",2,0,2
"('Corki', ""Kai'Sa"", 'Lillia', 'Nami', 'Renekton')",0,2,2
"('Jinx', 'LeBlanc', 'Pantheon', 'Poppy', 'Rumble')",0,2,2
"('Blitzcrank', 'Fiddlesticks', 'Gnar', 'Orianna', 'Tristana')",0,2,2
"('Aphelios', 'Kennen', ""Kha'Zix"", 'Milio', 'Orianna')",2,0,2
"('Aurelion Sol', 'Corki', 'Kennen', 'Nautilus', ""Rek'Sai"")",2,0,2
"('Kindred', 'Lucian', 'Nami', 'Skarner', 'Xerath')",0,2,2
"('Corki', 'Kennen', 'Lulu', 'Nidalee', 'Yone')",2,0,2
"('Blitzcrank', 'Jhin', 'Master Yi', 'Nidalee', 'Tristana')",0,2,2
"('Akshan', 'Lee Sin', 'Nautilus', 'Rumble', 'Senna')",2,0,2
"('Galio', 'Morgana', 'Riven', 'Varus', 'Vi')",2,0,2
"('Annie', 'Corki', 'Nasus', 'Poppy', 'Xin Zhao')",2,0,2
"('Corki', 'Jayce', ""Kai'Sa"", 'Nautilus', 'Nidalee')",2,0,2
"('Draven', 'Katarina', 'Skarner', 'Sylas', 'Thresh')",2,0,2
"('Aatrox', 'Ivern', ""Kai'Sa"", 'Pyke', 'Vex')",0,2,2
"('Ashe', 'Blitzcrank', 'Gnar', 'Graves', 'LeBlanc')",2,0,2
"('Jinx', 'Thresh', 'Tryndamere', 'Viego', 'Viktor')",0,2,2
"('Heimerdinger', 'Jinx', 'Rakan', 'Rumble', 'Viego')",2,0,2
"(""K'Sante"", ""Kha'Zix"", 'LeBlanc', 'Nautilus', 'Ziggs')",0,2,2
"('Azir', 'Kennen', 'Kindred', 'Nautilus', 'Senna')",0,2,2
"('Aatrox', 'Ivern', 'Rakan', 'Twisted Fate', 'Zeri')",2,0,2
"('Draven', 'Nautilus', 'Nidalee', 'Qiyana', 'Volibear')",0,2,2
"('Alistar', 'Lillia', 'Renekton', 'Tristana', 'Zeri')",0,2,2
"('Hwei', 'Rakan', 'Rumble', 'Viego', 'Xayah')",2,0,2
"('Graves', 'Jinx', 'Renekton', 'Taliyah', 'Thresh')",2,0,2
"('Ekko', 'Miss Fortune', 'Rakan', 'Skarner', 'Yone')",0,2,2
"('Ezreal', 'Graves', 'Lissandra', 'Poppy', 'Zoe')",0,2,2
"('Ashe', 'Lissandra', 'Poppy', 'Rakan', 'Viego')",2,0,2
"('Ezreal', 'Lee Sin', 'Lux', 'Skarner', 'Taliyah')",0,2,2
"(""Cho'Gath"", 'Diana', 'Gnar', 'Graves', 'Senna')",0,2,2
"('Camille', 'Ornn', 'Qiyana', 'Samira', 'Taliyah')",0,2,2
"('Ashe', 'Nidalee', 'Qiyana', 'Rell', 'Sion')",2,0,2
"('Camille', 'Karthus', 'Rell', 'Tristana', 'Zeri')",2,0,2
"('Camille', 'Corki', 'Gragas', 'Rell', 'Twisted Fate')",2,0,2
"('Darius', 'Ekko', 'Rumble', 'Tristana', 'Zeri')",0,2,2
"('Graves', 'Rakan', 'Seraphine', 'Tristana', 'Yone')",0,2,2
"(""Kai'Sa"", 'Nautilus', 'Nidalee', 'Rumble', 'Tristana')",0,2,2
"('Jinx', ""Kha'Zix"", 'LeBlanc', 'Thresh', 'Warwick')",0,2,2
"('Akshan', 'Braum', 'Lillia', 'Lucian', 'Twisted Fate')",2,0,2
"('Gwen', 'Orianna', 'Seraphine', 'Xin Zhao', 'Zeri')",0,2,2
"('Brand', 'Jax', 'Nautilus', 'Senna', 'Sylas')",2,0,2
"('Camille', 'Kennen', 'Nidalee', 'Tristana', 'Varus')",2,0,2
"(""Kai'Sa"", 'Nidalee', 'Rakan', 'Tristana', 'Warwick')",0,2,2
"('LeBlanc', 'Lee Sin', 'Nautilus', 'Rumble', 'Zeri')",2,0,2
"('Hwei', 'Jax', 'Senna', 'Tahm Kench', 'Taliyah')",2,0,2
"('Akali', ""Bel'Veth"", 'Kled', 'Seraphine', 'Varus')",2,0,2
"('Jayce', 'Jinx', 'Lillia', 'Nautilus', 'Tristana')",2,0,2
"('Alistar', 'Nidalee', 'Twisted Fate', 'Varus', 'Yone')",0,2,2
"('Jayce', 'Nautilus', 'Taliyah', 'Twisted Fate', 'Zeri')",0,2,2
"('Akshan', 'Jax', 'Lillia', 'Lucian', 'Nami')",2,0,2
"('Ashe', 'Seraphine', 'Skarner', 'Taliyah', 'Xin Zhao')",2,0,2
"('Anivia', 'Graves', 'Gwen', 'Lucian', 'Rell')",2,0,2
"('Ahri', 'Ezreal', 'Jarvan IV', 'Twisted Fate', 'Zoe')",0,2,2
"('Ahri', 'Graves', 'Skarner', 'Taric', 'Varus')",2,0,2
"('Azir', ""Bel'Veth"", 'Braum', 'Jax', 'Lucian')",2,0,2
"('Jhin', ""K'Sante"", 'Lux', 'Master Yi', 'Rakan')",2,0,2
"('Jinx', 'Poppy', 'Rakan', 'Taliyah', 'Tristana')",2,0,2
"('Hwei', ""Kha'Zix"", 'Olaf', 'Rell', 'Zeri')",2,0,2
"('Illaoi', 'Lucian', 'Nami', 'Taliyah', 'Tristana')",0,2,2
"('Braum', 'Corki', 'Jax', 'Jhin', 'Rumble')",0,2,2
"('Graves', 'Hwei', ""Kai'Sa"", 'Rakan', 'Renekton')",0,2,2
"('Gangplank', 'Graves', ""Kai'Sa"", 'Orianna', 'Rakan')",2,0,2
"('Corki', 'Jayce', 'Karthus', 'Rakan', 'Rumble')",0,2,2
"('Graves', 'Hwei', 'Rakan', 'Sion', 'Zeri')",2,0,2
"('Cassiopeia', ""Kai'Sa"", 'Leona', 'Viego', 'Zoe')",2,0,2
"('Fiora', 'Graves', ""Kai'Sa"", 'Rakan', 'Viktor')",2,0,2
"('Draven', 'Graves', 'Nautilus', 'Skarner', 'Zoe')",2,0,2
"('Akali', 'Graves', 'Poppy', 'Rakan', 'Varus')",2,0,2
"('Hwei', 'Jayce', ""Rek'Sai"", 'Taric', 'Tristana')",0,2,2
"('Rakan', 'Sett', 'Vi', 'Zeri', 'Zoe')",2,0,2
"('Graves', 'Hwei', 'Jhin', 'Skarner', 'Twisted Fate')",0,2,2
"('Gragas', 'Irelia', 'Nautilus', 'Tristana', 'Zeri')",2,0,2
"('Corki', 'LeBlanc', 'Lee Sin', 'Taric', 'Varus')",0,2,2
"('Diana', 'Evelynn', 'Jinx', ""K'Sante"", 'Milio')",2,0,2
"('Cassiopeia', 'Corki', 'Leona', 'Lillia', 'Miss Fortune')",2,0,2
"('Diana', 'Jinx', 'Lee Sin', 'Rell', 'Skarner')",0,2,2
"('Azir', 'Irelia', 'Jinx', 'Lee Sin', 'Zyra')",2,0,2
"('Kalista', 'Naafiri', 'Nidalee', 'Rell', 'Viktor')",2,0,2
"('Hwei', 'Jayce', 'Rakan', 'Viego', 'Zeri')",2,0,2
"('Cassiopeia', 'Graves', 'Kennen', 'Senna', 'Twisted Fate')",0,2,2
"('Corki', 'Gnar', 'Lucian', 'Nidalee', 'Rakan')",2,0,2
"('Brand', 'Kennen', 'Leona', 'Vex', 'Viego')",2,0,2
"('Janna', ""Kai'Sa"", 'Nidalee', 'Pantheon', 'Yone')",2,0,2
"('Ahri', 'Aphelios', 'Janna', 'Jayce', 'Kindred')",2,0,2
"('Ashe', 'Katarina', 'Lee Sin', 'Milio', 'Skarner')",2,0,2
"('Ahri', ""Kai'Sa"", 'Kindred', 'Rumble', 'Shen')",0,2,2
"('Graves', 'Hwei', 'Katarina', 'Ornn', 'Varus')",2,0,2
"('Aphelios', 'Gangplank', 'Irelia', 'Master Yi', 'Rakan')",2,0,2
"('Alistar', 'Katarina', 'Nilah', 'Sejuani', 'Viego')",0,2,2
"('Aurelion Sol', 'Corki', 'Rakan', 'Sion', 'Viego')",0,2,2
"('Jayce', 'Jhin', 'Orianna', 'Pyke', 'Zac')",2,0,2
"('Kayn', 'Rakan', 'Renekton', 'Rumble', 'Xayah')",0,2,2
"('Alistar', 'Jayce', 'Jinx', 'Lillia', 'Mordekaiser')",2,0,2
"('Alistar', 'Annie', 'Ashe', 'Kindred', 'Tahm Kench')",2,0,2
"('Ashe', 'Kalista', 'Poppy', 'Ryze', 'Udyr')",2,0,2
"('Graves', 'Lucian', 'Nami', 'Nunu & Willump', 'Renekton')",0,2,2
"('Alistar', 'Gnar', 'Nidalee', 'Yone', 'Zeri')",0,2,2
"('Lee Sin', 'Lucian', 'Nami', 'Olaf', 'Sylas')",2,0,2
"('Fizz', 'Graves', 'Gwen', ""Kai'Sa"", 'Pyke')",2,0,2
"('Akali', 'Bard', ""Kha'Zix"", 'Renekton', 'Smolder')",2,0,2
"('Camille', 'LeBlanc', 'Lee Sin', 'Lucian', 'Pyke')",2,0,2
"(""Kai'Sa"", 'Kindred', 'Rakan', 'Ryze', 'Tristana')",0,2,2
"(""Kai'Sa"", 'Rell', 'Renekton', 'Singed', 'Taliyah')",2,0,2
"('Hwei', ""Kai'Sa"", 'Poppy', 'Riven', 'Syndra')",0,2,2
"('Braum', 'Fiora', 'Qiyana', 'Taliyah', 'Varus')",0,2,2
"('Bard', ""Cho'Gath"", 'Gragas', 'Jax', 'Kindred')",2,0,2
"('Aatrox', 'Corki', 'Kindred', 'Lissandra', 'Pyke')",2,0,2
"('Anivia', 'Aphelios', 'Bard', 'Jax', 'Taliyah')",2,0,2
"('Gnar', 'Hwei', 'Jinx', 'Kayn', 'Sona')",0,2,2
"('Corki', 'Kindred', 'Lulu', 'Malphite', ""Vel'Koz"")",2,0,2
"('Aurelion Sol', 'Bard', 'Riven', 'Twitch', 'Viego')",0,2,2
"('Akali', 'Graves', 'Jhin', 'Seraphine', 'Skarner')",0,2,2
"('Akshan', 'Ashe', 'Nautilus', 'Nidalee', 'Riven')",0,2,2
"('Blitzcrank', 'Camille', 'Corki', 'Taliyah', 'Varus')",0,2,2
"('Ashe', 'Nautilus', 'Skarner', 'Twisted Fate', 'Viego')",0,2,2
"('Aphelios', 'Brand', 'Camille', 'Thresh', 'Zed')",0,2,2
"('Ekko', 'Graves', 'Kennen', 'Taric', 'Tristana')",2,0,2
"('Ahri', ""Kai'Sa"", 'Rakan', 'Twisted Fate', 'Viego')",0,2,2
"('Akshan', ""Kai'Sa"", 'Nautilus', 'Taliyah', 'Tryndamere')",2,0,2
"('Ashe', ""Bel'Veth"", 'Hwei', 'Nautilus', 'Riven')",2,0,2
"('Fiddlesticks', 'Jax', 'Poppy', 'Varus', 'Viego')",0,2,2
"('Blitzcrank', 'Dr. Mundo', 'Draven', 'Fiddlesticks', 'Yasuo')",0,2,2
"('Bard', 'LeBlanc', ""Rek'Sai"", 'Rumble', 'Varus')",0,2,2
"('Galio', 'Kindred', 'Skarner', 'Taric', 'Xayah')",2,0,2
"('Ashe', 'Braum', 'Katarina', 'Renekton', 'Sejuani')",2,0,2
"('Bard', 'Gwen', 'Jax', 'Malzahar', 'Sivir')",0,2,2
"('Draven', 'Gragas', 'Nautilus', 'Shaco', 'Zed')",2,0,2
"('Corki', 'Fiddlesticks', 'Fiora', 'Hwei', 'Rell')",0,2,2
"(""Bel'Veth"", 'Ekko', 'Nautilus', 'Rumble', 'Varus')",0,2,2
"('Akshan', ""Kai'Sa"", ""Kha'Zix"", 'Nautilus', 'Poppy')",2,0,2
"('Ahri', 'Fiora', ""Kha'Zix"", 'Rakan', 'Sivir')",0,2,2
"('Ezreal', ""K'Sante"", 'Nidalee', 'Qiyana', 'Zoe')",2,0,2
"('Akshan', 'Nautilus', 'Rumble', 'Taliyah', 'Zeri')",0,2,2
"('Rell', 'Renekton', 'Twisted Fate', 'Viego', 'Zeri')",2,0,2
"('Corki', 'Nautilus', 'Udyr', 'Viktor', 'Zac')",2,0,2
"('Cassiopeia', 'Rakan', 'Renekton', 'Viego', 'Yasuo')",2,0,2
"('Akshan', 'Jhin', 'Lillia', 'Rumble', 'Tristana')",0,2,2
"('Aphelios', 'Nautilus', 'Orianna', 'Urgot', 'Viego')",0,2,2
"('Amumu', 'Ezreal', 'Neeko', 'Tristana', 'Urgot')",0,2,2
"('Ashe', 'Hwei', 'Jax', 'Seraphine', 'Sylas')",2,0,2
"('Aurelion Sol', 'Elise', 'Fiora', 'Rell', 'Varus')",0,2,2
"('Alistar', 'Anivia', 'Jhin', 'Lee Sin', 'Twisted Fate')",2,0,2
"('Ahri', 'Alistar', 'Dr. Mundo', ""Kai'Sa"", 'Viego')",0,2,2
"('Darius', 'Ekko', ""Kai'Sa"", 'Nautilus', 'Orianna')",2,0,2
"('Ahri', 'Lee Sin', 'Mordekaiser', 'Rell', 'Samira')",0,2,2
"(""Kai'Sa"", 'Kennen', 'Rell', 'Viego', 'Yone')",2,0,2
"('Rell', 'Taliyah', 'Tristana', 'Twisted Fate', 'Varus')",2,0,2
"('Caitlyn', 'Camille', 'Lee Sin', 'Rell', 'Zoe')",2,0,2
"('Garen', 'Karthus', 'Seraphine', 'Tristana', 'Twitch')",0,2,2
"(""Bel'Veth"", 'Gragas', 'Janna', 'Jhin', 'Tristana')",2,0,2
"('Galio', 'Heimerdinger', 'Kindred', 'Rell', 'Twitch')",2,0,2
"('Alistar', ""Kai'Sa"", 'Nidalee', 'Riven', 'Twisted Fate')",2,0,2
"('Ahri', 'Braum', 'Fiddlesticks', 'Tryndamere', 'Twitch')",2,0,2
"('Graves', 'Ornn', 'Sylas', 'Thresh', 'Twitch')",2,0,2
"(""K'Sante"", 'Lulu', 'Sylas', 'Taliyah', 'Twitch')",0,2,2
"('Lee Sin', 'Skarner', 'Twisted Fate', 'Varus', 'Zoe')",0,2,2
"('Aurelion Sol', 'Lee Sin', 'Ornn', 'Rell', 'Samira')",2,0,2
"('Alistar', 'Master Yi', 'Orianna', 'Riven', 'Varus')",0,2,2
"('Karthus', 'Maokai', 'Swain', 'Twisted Fate', 'Urgot')",2,0,2
"('Ahri', 'Nautilus', 'Nidalee', 'Urgot', 'Varus')",2,0,2
"('Corki', 'Mordekaiser', 'Nidalee', 'Rell', 'Tristana')",2,0,2
"('Corki', 'Neeko', 'Sylas', 'Urgot', 'Viego')",2,0,2
"('LeBlanc', 'Poppy', 'Rakan', 'Tristana', 'Urgot')",0,2,2
"('Cassiopeia', 'Kindred', 'Leona', 'Neeko', 'Urgot')",0,2,2
"('Graves', 'Neeko', 'Rakan', 'Twitch', 'Urgot')",0,2,2
"('Corki', 'Galio', 'Kindred', 'Sona', 'Urgot')",2,0,2
"('Kayn', 'Skarner', 'Sylas', 'Varus', 'Zyra')",0,2,2
"('LeBlanc', ""Rek'Sai"", 'Seraphine', 'Skarner', 'Varus')",2,0,2
"('Aatrox', ""Kai'Sa"", 'Lee Sin', 'Lux', 'Sylas')",0,2,2
"('Ashe', 'Renekton', 'Seraphine', 'Taliyah', 'Twisted Fate')",0,2,2
"('Bard', 'Ezreal', 'Qiyana', 'Taliyah', 'Urgot')",2,0,2
"(""Bel'Veth"", 'Gwen', 'Jinx', 'Rell', 'Tristana')",2,0,2
"('Cassiopeia', 'Karthus', 'Neeko', 'Tristana', 'Urgot')",2,0,2
"('Ashe', 'Nidalee', 'Seraphine', 'Sylas', 'Tristana')",2,0,2
"('Braum', ""Kai'Sa"", 'Karthus', 'Ornn', 'Xerath')",0,2,2
"('Braum', 'Corki', 'Jinx', 'Sylas', 'Urgot')",2,0,2
"('LeBlanc', 'Rell', 'Samira', 'Urgot', 'Viego')",0,2,2
"('Garen', 'Graves', 'Hwei', 'Kalista', 'Poppy')",0,2,2
"('Akali', 'Graves', 'Pyke', 'Shen', 'Twitch')",0,2,2
"('Ashe', 'Camille', 'Nautilus', 'Neeko', 'Xin Zhao')",2,0,2
"('Alistar', 'Corki', 'Nidalee', 'Riven', 'Varus')",2,0,2
"('Jinx', 'Kayn', 'Kennen', 'Master Yi', 'Thresh')",2,0,2
"('Braum', 'Gragas', 'Graves', 'Jayce', 'Ziggs')",2,0,2
"('Ashe', 'Gwen', ""Rek'Sai"", 'Rumble', 'Talon')",0,2,2
"('Akshan', 'Aphelios', 'Camille', 'Nautilus', 'Nidalee')",0,2,2
"('Karma', 'Karthus', 'Master Yi', ""Rek'Sai"", 'Varus')",2,0,2
"('Kalista', 'Lillia', 'Mordekaiser', 'Nautilus', 'Riven')",2,0,2
"('Azir', 'Camille', 'Draven', 'Viego', 'Zac')",0,2,2
"('Draven', 'Ekko', 'Lee Sin', 'Nasus', 'Poppy')",2,0,2
"('Corki', 'Kennen', 'Neeko', 'Viego', 'Yone')",2,0,2
"('Ahri', ""Kai'Sa"", 'Skarner', 'Tryndamere', 'Viego')",2,0,2
"('Ahri', 'Master Yi', 'Olaf', 'Rakan', 'Zeri')",0,2,2
"('Corki', 'Lissandra', 'Maokai', 'Nasus', 'Viego')",0,2,2
"('Dr. Mundo', 'Hwei', 'Rell', 'Samira', 'Viego')",2,0,2
"('Caitlyn', 'Jax', 'Lux', 'Syndra', 'Viego')",2,0,2
"(""K'Sante"", 'Kindred', 'Rakan', 'Sylas', 'Zeri')",2,0,2
"('Braum', 'Corki', 'Irelia', ""Kog'Maw"", 'Lee Sin')",0,2,2
"('Cassiopeia', 'Master Yi', 'Nilah', 'Rell', 'Viego')",0,2,2
"('Ashe', 'Cassiopeia', 'Karma', 'Nidalee', 'Tristana')",0,2,2
"('Azir', 'Draven', 'Graves', 'Gwen', 'Soraka')",2,0,2
"('Camille', 'Nautilus', 'Swain', 'Taliyah', 'Tristana')",0,2,2
"('Caitlyn', 'Lee Sin', 'Riven', 'Seraphine', 'Twisted Fate')",0,2,2
"('Bard', 'Corki', ""Kai'Sa"", 'Ornn', 'Shaco')",2,0,2
"('Camille', ""Kha'Zix"", 'Malzahar', 'Renekton', 'Varus')",0,2,2
"('Rumble', 'Senna', 'Vi', 'Zac', 'Zeri')",2,0,2
"('Kennen', 'Lissandra', 'Rakan', 'Smolder', 'Viego')",2,0,2
"('Akali', 'Ashe', 'Blitzcrank', 'Graves', 'Hwei')",0,2,2
"('Akali', 'Nautilus', ""Rek'Sai"", 'Renekton', 'Twisted Fate')",2,0,2
"('Cassiopeia', 'Kindred', 'Nautilus', 'Ornn', 'Vex')",2,0,2
"(""Kai'Sa"", 'Lulu', 'Pantheon', 'Vladimir', 'Xerath')",2,0,2
"('Camille', 'Hwei', ""Kai'Sa"", 'Nidalee', 'Tryndamere')",2,0,2
"('Bard', 'Irelia', 'Nidalee', 'Twitch', 'Viego')",2,0,2
"(""Cho'Gath"", 'Graves', 'Malphite', 'Senna', 'Xerath')",2,0,2
"('Lulu', 'Skarner', 'Taliyah', 'Xin Zhao', 'Zeri')",2,0,2
"('Ashe', 'Illaoi', 'LeBlanc', 'Lee Sin', 'Seraphine')",2,0,2
"(""Cho'Gath"", 'Lillia', 'Qiyana', 'Senna', 'Skarner')",2,0,2
"('Ashe', 'Galio', 'Seraphine', 'Skarner', 'Xin Zhao')",2,0,2
"(""Kog'Maw"", 'Lulu', 'Nidalee', 'Wukong', 'Yasuo')",2,0,2
"('Cassiopeia', 'Hwei', 'Lee Sin', 'Mordekaiser', 'Nautilus')",0,2,2
"('Corki', 'Jax', ""Kog'Maw"", 'Nidalee', 'Rell')",2,0,2
"('Bard', 'Caitlyn', 'Hwei', 'Kled', 'Lee Sin')",0,2,2
"('Akali', 'Kled', 'Nautilus', 'Nidalee', 'Tristana')",2,0,2
"('Fiddlesticks', ""Kai'Sa"", 'Kled', 'Rakan', 'Yone')",0,2,2
"(""Kai'Sa"", 'Kled', 'Nautilus', 'Nidalee', 'Skarner')",2,0,2
"('Camille', 'Draven', 'Elise', 'Katarina', 'Kled')",2,0,2
"('Kled', ""Rek'Sai"", 'Smolder', 'Soraka', 'Tristana')",0,2,2
"('Katarina', 'Kled', 'Lee Sin', 'Nautilus', 'Zeri')",2,0,2
"('Draven', 'Elise', 'Fiora', 'Kled', 'Viego')",0,2,2
"(""Bel'Veth"", 'Kalista', 'Malphite', 'Rell', 'Yasuo')",0,2,2
"('Kled', 'Lissandra', 'Nilah', 'Rell', 'Shaco')",2,0,2
"(""Kai'Sa"", 'Kled', 'Lillia', 'Rell', 'Yone')",0,2,2
"(""Bel'Veth"", 'Kled', 'Soraka', 'Zeri', 'Zoe')",2,0,2
"('Aphelios', 'Janna', 'Jax', 'Kled', 'Nidalee')",2,0,2
"('Shen', 'Vi', 'Viktor', 'Yuumi', 'Zeri')",0,2,2
"('Jayce', ""Kai'Sa"", 'Kled', 'Lillia', 'Seraphine')",0,2,2
"('Alistar', ""Kai'Sa"", 'Kled', 'Qiyana', 'Taliyah')",2,0,2
"(""Kai'Sa"", 'Karthus', 'Kled', 'Lulu', 'Qiyana')",0,2,2
"('Fiddlesticks', 'Jhin', 'Karma', 'Kled', 'Tristana')",0,2,2
"('Ezreal', 'Graves', 'Kled', 'Lissandra', 'Zoe')",0,2,2
"('Aatrox', 'Akali', 'Ashe', 'Soraka', 'Viego')",2,0,2
"('Ahri', 'Draven', 'Fiddlesticks', 'Jax', 'Master Yi')",2,0,2
"('Ashe', 'Fiddlesticks', 'Lee Sin', 'Udyr', 'Yone')",2,0,2
"('Akshan', 'Alistar', 'Caitlyn', 'Nidalee', 'Twisted Fate')",0,2,2
"('Alistar', 'Graves', 'Jayce', ""Kai'Sa"", 'Shen')",0,2,2
"('Fiddlesticks', ""Kai'Sa"", 'Malphite', 'Nidalee', 'Tristana')",0,2,2
"('Graves', 'Pyke', 'Skarner', 'Twisted Fate', 'Ziggs')",2,0,2
"('Caitlyn', 'Fiddlesticks', 'Gnar', 'Gragas', 'Lee Sin')",0,2,2
"('Fiddlesticks', 'Jax', ""Kai'Sa"", 'Nocturne', 'Nunu & Willump')",0,2,2
"('Aphelios', 'Fiddlesticks', 'Galio', 'Kayle', 'Viego')",2,0,2
"('Alistar', 'Corki', 'Kled', 'Qiyana', 'Udyr')",0,2,2
"('Ashe', 'Fiddlesticks', 'Gragas', 'Talon', 'Viktor')",2,0,2
"('Aphelios', 'Gwen', 'Kled', 'Nautilus', 'Taliyah')",0,2,2
"('Fizz', 'Kled', 'Rakan', 'Varus', 'Zac')",2,0,2
"('Fiddlesticks', 'Jinx', 'Nidalee', 'Renekton', 'Yasuo')",0,2,2
"('Azir', 'Fiddlesticks', 'Nilah', 'Smolder', 'Viego')",2,0,2
"('Ashe', 'Kalista', 'Lee Sin', 'Orianna', 'Riven')",2,0,2
"('Hwei', ""Kai'Sa"", 'Kled', 'Rell', 'Viego')",0,2,2
"('Rakan', 'Rengar', 'Skarner', 'Xerath', 'Zeri')",2,0,2
"('Corki', 'Jax', 'Nocturne', 'Sivir', 'Zoe')",0,2,2
"('Bard', 'Jhin', 'Lee Sin', 'Wukong', 'Zoe')",2,0,2
"('Blitzcrank', 'Draven', 'Jax', 'Lissandra', 'Viego')",0,2,2
"('Ahri', 'Draven', 'Lee Sin', 'Rell', 'Viego')",2,0,2
"('Alistar', 'Elise', 'Jinx', 'Ryze', 'Tristana')",0,2,2
"('Azir', ""Kai'Sa"", 'Kindred', 'Leona', 'Twisted Fate')",2,0,2
"('Annie', 'Fiora', 'Lee Sin', 'Lulu', 'Zeri')",0,2,2
"('Akali', 'Aphelios', 'Jayce', 'Nautilus', ""Rek'Sai"")",2,0,2
"(""K'Sante"", 'Nidalee', 'Orianna', 'Rell', 'Samira')",0,2,2
"('Lissandra', 'Syndra', 'Viego', 'Yuumi', 'Zeri')",0,2,2
"('Ahri', 'Ashe', 'Kennen', 'Seraphine', 'Viego')",2,0,2
"('Jayce', 'Lillia', 'Nilah', 'Pyke', 'Talon')",2,0,2
"('Corki', 'Nautilus', ""Rek'Sai"", 'Rumble', 'Smolder')",2,0,2
"('Ashe', 'Jhin', 'Karthus', 'Skarner', 'Tristana')",2,0,2
"('Jayce', 'Nidalee', 'Rell', 'Twisted Fate', 'Varus')",2,0,2
"('Alistar', 'Karthus', 'Sivir', 'Twisted Fate', 'Viego')",0,2,2
"(""Kai'Sa"", 'Nautilus', 'Riven', 'Rumble', 'Taliyah')",2,0,2
"('Akali', ""Kai'Sa"", 'Rakan', 'Riven', 'Viego')",2,0,2
"('Aphelios', 'Hwei', 'Shyvana', 'Thresh', 'Twisted Fate')",0,2,2
"('Alistar', 'Jayce', ""Kai'Sa"", 'Taliyah', 'Zilean')",2,0,2
"('Jax', 'Jayce', ""Kai'Sa"", 'Rakan', 'Taliyah')",2,0,2
"('Gragas', 'Jinx', 'LeBlanc', 'Lulu', 'Master Yi')",2,0,2
"('Graves', 'Jinx', 'Ornn', 'Rell', 'Zoe')",0,2,2
"('Hwei', 'Rakan', 'Renekton', 'Shaco', 'Zeri')",2,0,2
"('Akali', 'Cassiopeia', 'Jinx', 'Lee Sin', 'Lulu')",2,0,2
"('Akshan', 'Jinx', 'Lulu', 'Pantheon', 'Warwick')",2,0,2
"('Ahri', 'Aphelios', 'Jax', 'Nautilus', 'Sejuani')",0,2,2
"('Camille', 'Graves', 'Twisted Fate', 'Varus', 'Zoe')",2,0,2
"('Ashe', 'Corki', 'Olaf', 'Pyke', 'Zac')",2,0,2
"(""Kai'Sa"", 'Katarina', 'Ornn', ""Rek'Sai"", 'Skarner')",2,0,2
"('Jhin', 'Mordekaiser', 'Senna', 'Viego', 'Zoe')",2,0,2
"('Jinx', 'LeBlanc', 'Nautilus', ""Rek'Sai"", 'Rumble')",0,2,2
"('Corki', 'Gragas', 'Nautilus', 'Taliyah', 'Tristana')",2,0,2
"('Ezreal', 'LeBlanc', 'Rakan', 'Rengar', 'Vladimir')",2,0,2
"('Fiddlesticks', 'Jayce', 'Jinx', 'Vayne', 'Zyra')",2,0,2
"('Aphelios', 'Braum', 'Skarner', 'Taliyah', 'Tristana')",0,2,2
"('Akshan', 'Aphelios', 'Poppy', 'Pyke', 'Vayne')",2,0,2
"('Jax', 'Nautilus', 'Tristana', 'Viktor', 'Zac')",2,0,2
"('Corki', 'Ekko', 'Rell', 'Taliyah', 'Vayne')",0,2,2
"('LeBlanc', 'Lulu', 'Shyvana', 'Tristana', 'Zeri')",2,0,2
"('Ashe', 'Kennen', 'Master Yi', 'Milio', 'Yasuo')",2,0,2
"('Braum', 'Hwei', 'Jinx', ""K'Sante"", 'Kindred')",0,2,2
"('Jayce', ""Kai'Sa"", 'Nautilus', 'Nidalee', 'Ziggs')",0,2,2
"('Bard', 'Nidalee', 'Ornn', 'Tristana', 'Varus')",2,0,2
"('Annie', 'Darius', 'Nautilus', 'Varus', 'Xin Zhao')",2,0,2
"('Alistar', 'Graves', 'Orianna', 'Samira', 'Tryndamere')",2,0,2
"('Jax', ""Kai'Sa"", 'Lissandra', 'Rell', 'Zac')",0,2,2
"('Aurelion Sol', 'Jinx', 'Lee Sin', 'Nautilus', 'Skarner')",2,0,2
"('Nidalee', 'Renekton', 'Rumble', 'Tristana', 'Zeri')",0,2,2
"('Caitlyn', 'Taliyah', 'Thresh', 'Twisted Fate', 'Vayne')",2,0,2
"('Aurelion Sol', 'Blitzcrank', 'Fiora', ""Kai'Sa"", 'Rumble')",0,2,2
"('Hwei', ""Kai'Sa"", 'Nidalee', 'Pantheon', 'Quinn')",0,2,2
"('Brand', 'Draven', 'Leona', 'Malphite', 'Renekton')",2,0,2
"('Ekko', 'Graves', 'Jayce', ""Kai'Sa"", 'Rakan')",2,0,2
"('Aurelion Sol', 'Gragas', ""Kai'Sa"", 'Nautilus', 'Xin Zhao')",2,0,2
"('Jhin', 'Rell', 'Renekton', 'Taliyah', 'Tristana')",0,2,2
"('Ashe', 'Darius', 'Nidalee', 'Seraphine', 'Zoe')",2,0,2
"('Hwei', 'Lee Sin', 'Leona', 'Pantheon', 'Varus')",2,0,2
"(""Cho'Gath"", 'Jayce', ""Rek'Sai"", 'Seraphine', 'Zeri')",0,2,2
"('Azir', ""Kai'Sa"", 'Lee Sin', 'Nautilus', 'Rumble')",1,1,2
"('Braum', 'Hwei', 'LeBlanc', 'Viego', 'Zeri')",2,0,2
"('Amumu', 'Ashe', 'Hwei', 'Master Yi', 'Ornn')",0,2,2
"('Ahri', 'Aphelios', 'Lulu', 'Master Yi', 'Shen')",2,0,2
"('Pantheon', 'Pyke', 'Shyvana', 'Skarner', 'Zeri')",2,0,2
"(""K'Sante"", 'Lucian', 'Master Yi', 'Neeko', 'Skarner')",0,2,2
"('Camille', 'LeBlanc', 'Master Yi', 'Rakan', 'Zeri')",2,0,2
"('Galio', 'Gragas', 'Master Yi', 'Rakan', 'Samira')",2,0,2
"('Master Yi', 'Nunu & Willump', 'Thresh', 'Varus', 'Vladimir')",2,0,2
"('Braum', 'Jinx', 'Rumble', 'Taliyah', 'Viego')",0,2,2
"('Aphelios', 'LeBlanc', 'Master Yi', 'Rumble', 'Thresh')",0,2,2
"('Jax', 'Master Yi', 'Orianna', 'Varus', 'Zilean')",0,2,2
"('Ashe', 'Lulu', 'Skarner', 'Taliyah', 'Tristana')",2,0,2
"('Ahri', 'Ashe', ""K'Sante"", 'Seraphine', 'Viego')",0,2,2
"('Jax', ""Kai'Sa"", 'Karthus', 'Seraphine', 'Yone')",0,2,2
"('Ashe', 'Lillia', 'Pantheon', 'Rumble', 'Twisted Fate')",2,0,2
"('Alistar', ""Kai'Sa"", 'Kennen', 'LeBlanc', 'Lee Sin')",0,2,2
"('Jinx', 'Milio', 'Orianna', 'Skarner', 'Viego')",2,0,2
"('Akali', 'Jinx', 'Poppy', 'Tryndamere', 'Viego')",0,2,2
"('Camille', 'Graves', 'Orianna', 'Senna', 'Seraphine')",2,0,2
"('Ashe', 'Azir', 'Camille', 'Jax', 'Karthus')",0,2,2
"('Hecarim', 'Jinx', 'Kled', 'Lulu', 'Lux')",2,0,2
"('Akali', ""Kai'Sa"", 'Leona', 'Skarner', 'Viego')",2,0,2
"('Ashe', 'Brand', 'Braum', 'Pantheon', 'Tristana')",2,0,2
"('Jayce', 'Miss Fortune', 'Seraphine', 'Taliyah', 'Tristana')",2,0,2
"('LeBlanc', 'Lucian', 'Mordekaiser', 'Nami', 'Viego')",2,0,2
"('Akshan', 'Jayce', 'Nidalee', 'Poppy', 'Zeri')",0,2,2
"('Kayn', 'LeBlanc', 'Rakan', 'Rumble', 'Seraphine')",2,0,2
"('Aurelion Sol', 'Corki', 'Rakan', 'Vayne', 'Xin Zhao')",2,0,2
"('Ashe', 'Karthus', 'Maokai', 'Tristana', 'Twisted Fate')",0,2,2
"('Hwei', 'Jayce', 'Neeko', 'Smolder', 'Volibear')",0,2,2
"('Jayce', ""Kai'Sa"", 'Nidalee', 'Seraphine', 'Tristana')",2,0,2
"(""Kai'Sa"", 'LeBlanc', 'Leona', 'Pantheon', 'Tristana')",2,0,2
"('Jayce', 'Jinx', 'LeBlanc', 'Nautilus', 'Viego')",2,0,2
"('Alistar', ""Kai'Sa"", 'Nidalee', 'Pantheon', 'Qiyana')",2,0,2
"('Draven', 'Jax', 'LeBlanc', 'Lee Sin', 'Leona')",2,0,2
"('Draven', 'Fiddlesticks', 'Rell', 'Renekton', 'Tristana')",2,0,2
"('Corki', 'Irelia', 'Ivern', ""Kai'Sa"", 'Rell')",2,0,2
"('Hwei', 'Kalista', 'Lee Sin', 'Leona', 'Skarner')",2,0,2
"('Corki', 'Jhin', 'Nidalee', 'Ornn', 'Rell')",0,2,2
"(""Kai'Sa"", 'LeBlanc', 'Neeko', ""Rek'Sai"", 'Renekton')",2,0,2
"('Ashe', 'Brand', 'LeBlanc', ""Rek'Sai"", 'Rell')",2,0,2
"('Ahri', 'Kalista', 'Kennen', 'Kindred', 'Nautilus')",2,0,2
"('Aatrox', 'Akali', 'Blitzcrank', 'Sylas', 'Zeri')",2,0,2
"('Alistar', 'Jax', ""Kai'Sa"", 'Lillia', 'Yone')",2,0,2
"('Ashe', 'Seraphine', 'Taliyah', 'Tryndamere', 'Twisted Fate')",2,0,2
"('Jax', ""Kai'Sa"", 'LeBlanc', 'Lillia', 'Nautilus')",2,0,2
"('Aatrox', ""Kai'Sa"", 'Rell', 'Vex', 'Viego')",2,0,2
"('Aurelion Sol', 'Jinx', 'Nautilus', 'Vi', 'Yasuo')",0,2,2
"('Brand', 'Camille', 'Kalista', 'Lulu', 'Rengar')",0,2,2
"('Corki', 'Draven', 'Fiddlesticks', 'Pyke', 'Riven')",0,2,2
"('Aatrox', 'Alistar', ""Kai'Sa"", 'Kassadin', 'Nidalee')",0,2,2
"('Draven', 'Graves', 'Hwei', 'Rumble', 'Twisted Fate')",0,2,2
"('Gnar', ""Kai'Sa"", 'Nidalee', 'Syndra', 'Tristana')",2,0,2
"('Hecarim', 'Kennen', 'Lucian', 'Milio', 'Vex')",2,0,2
"('Gragas', 'Irelia', 'Lillia', 'Lucian', 'Nami')",2,0,2
"('Brand', 'Braum', 'Lucian', 'Skarner', 'Yone')",2,0,2
"('Ashe', 'Kled', 'Nautilus', 'Orianna', 'Vi')",2,0,2
"(""Kai'Sa"", ""Kha'Zix"", 'LeBlanc', 'Nautilus', 'Olaf')",0,2,2
"('Akali', 'Briar', 'Rakan', 'Rumble', 'Tristana')",2,0,2
"('Braum', 'Corki', 'Hecarim', 'Malphite', 'Samira')",2,0,2
"('Aatrox', 'Blitzcrank', 'LeBlanc', 'Varus', 'Viego')",1,1,2
"('Corki', 'Kassadin', 'Pyke', 'Skarner', 'Taliyah')",2,0,2
"('Ezreal', 'Fiora', 'Hecarim', 'LeBlanc', 'Rakan')",2,0,2
"('Galio', 'Gragas', 'Jhin', 'Lee Sin', 'Rumble')",2,0,2
"('Jayce', 'Katarina', ""Kha'Zix"", 'Senna', 'Seraphine')",2,0,2
"('Draven', 'Jax', 'Maokai', 'Nidalee', 'Tristana')",0,2,2
"('Ashe', 'Braum', 'Gangplank', 'Hwei', ""Kha'Zix"")",0,2,2
"('Akshan', 'Bard', 'Corki', 'Jax', 'Taliyah')",2,0,2
"('Ashe', 'Nautilus', 'Nidalee', 'Renekton', 'Viego')",2,0,2
"('Aphelios', 'Corki', 'Lissandra', 'Lulu', 'Zac')",2,0,2
"('Blitzcrank', 'Hwei', 'Jinx', 'Lee Sin', 'Twisted Fate')",2,0,2
"('Katarina', 'Kindred', 'Nautilus', 'Sett', 'Zeri')",2,0,2
"('Fiddlesticks', 'Jayce', 'Karthus', 'Sett', 'Varus')",2,0,2
"('Blitzcrank', 'Jinx', 'Neeko', 'Rengar', 'Singed')",2,0,2
"('Azir', 'Blitzcrank', 'Corki', 'Lee Sin', 'Riven')",2,0,2
"('Graves', 'Heimerdinger', 'Neeko', 'Tristana', 'Varus')",0,2,2
"('Ashe', ""Kha'Zix"", 'Rumble', 'Tristana', 'Varus')",2,0,2
"('Karthus', 'Lucian', 'Pantheon', 'Rakan', 'Tristana')",0,2,2
"('Alistar', 'Brand', 'Gnar', ""Kai'Sa"", 'Sylas')",2,0,2
"('Katarina', 'Lee Sin', 'Soraka', 'Twisted Fate', 'Zeri')",0,2,2
"('Graves', 'Katarina', 'Nilah', 'Senna', 'Singed')",0,2,2
"('Brand', 'Gnar', 'Lulu', 'Tristana', 'Zeri')",2,0,2
"('Alistar', ""Kai'Sa"", 'Katarina', 'Lee Sin', 'Rumble')",0,2,2
"('Jhin', 'Nidalee', 'Rumble', 'Thresh', 'Tristana')",0,2,2
"(""Kai'Sa"", 'Olaf', 'Rakan', 'Rumble', 'Tristana')",2,0,2
"('Camille', 'Graves', 'Katarina', 'Nilah', 'Seraphine')",2,0,2
"('Akali', 'Aurelion Sol', 'Jinx', 'Lee Sin', 'Nautilus')",2,0,2
"('Kalista', 'Katarina', 'Nautilus', 'Taliyah', 'Twisted Fate')",2,0,2
"('Camille', 'Gwen', 'Katarina', 'Skarner', 'Twitch')",2,0,2
"('Akali', 'Kalista', 'Leona', 'Renekton', 'Vi')",0,2,2
"('Draven', 'Rell', 'Udyr', 'Vayne', 'Vex')",0,2,2
"('Jinx', 'Katarina', 'Leona', 'Rumble', 'Xin Zhao')",0,2,2
"(""Bel'Veth"", 'Draven', 'Katarina', 'Kennen', 'Rell')",2,0,2
"(""Bel'Veth"", 'Galio', ""K'Sante"", ""Kai'Sa"", 'Rengar')",0,2,2
"('Diana', 'Heimerdinger', 'Rakan', 'Tristana', 'Tryndamere')",0,2,2
"('Corki', 'Dr. Mundo', 'Lee Sin', 'Malzahar', 'Nautilus')",0,2,2
"('Katarina', 'Rammus', 'Rumble', 'Seraphine', 'Varus')",2,0,2
"('Anivia', 'Jinx', 'Master Yi', 'Taric', 'Wukong')",2,0,2
"('Alistar', ""Kai'Sa"", 'Katarina', 'Kayn', 'Rumble')",2,0,2
"('Aurelion Sol', 'Janna', 'Kalista', 'Twisted Fate', 'Viego')",0,2,2
"('Blitzcrank', 'Kalista', 'Karthus', 'Qiyana', 'Tryndamere')",0,2,2
"('Jayce', 'Kindred', 'LeBlanc', 'Lucian', 'Nami')",2,0,2
"('Aphelios', 'Ekko', 'Jayce', 'Thresh', 'Vayne')",0,2,2
"('Caitlyn', 'Fiora', 'Malzahar', 'Neeko', 'Nidalee')",0,2,2
"('Akali', 'Nautilus', 'Olaf', ""Rek'Sai"", 'Xayah')",2,0,2
"('Dr. Mundo', 'Gwen', ""Kai'Sa"", 'Nautilus', 'Tristana')",2,0,2
"('Blitzcrank', 'Gwen', 'Kalista', 'LeBlanc', 'Lee Sin')",0,2,2
"('Hwei', 'Lee Sin', 'Rell', 'Sejuani', 'Zeri')",2,0,2
"('Akshan', ""Kog'Maw"", 'Ornn', 'Seraphine', 'Sylas')",0,2,2
"('Fiora', 'Kassadin', 'Nautilus', 'Xin Zhao', 'Zeri')",2,0,2
"('Blitzcrank', 'Corki', 'Nidalee', 'Rumble', 'Zed')",2,0,2
"('Hwei', 'Jayce', 'Jhin', 'Lillia', 'Rumble')",2,0,2
"('Akali', 'Jax', ""Kai'Sa"", 'Orianna', 'Rell')",0,2,2
"('Blitzcrank', 'Irelia', 'Jinx', 'Lillia', 'Yasuo')",0,2,2
"('Amumu', 'Jayce', ""Kai'Sa"", 'Sejuani', 'Tahm Kench')",2,0,2
"('Aphelios', 'Blitzcrank', 'Camille', 'Nidalee', 'Yone')",0,2,2
"('Gnar', 'Gragas', 'Lulu', 'Nidalee', 'Zeri')",0,2,2
"('Aphelios', 'Nautilus', 'Vayne', 'Xin Zhao', 'Zoe')",0,2,2
"('Hwei', 'Lucian', 'Maokai', 'Nami', 'Olaf')",0,2,2
"(""Kai'Sa"", 'Rell', 'Rumble', 'Skarner', 'Tristana')",2,0,2
"('Darius', 'Jinx', 'Malphite', 'Rell', 'Viego')",2,0,2
"('Aphelios', 'Corki', ""K'Sante"", 'Nidalee', 'Rakan')",2,0,2
"('Aphelios', 'Aurelion Sol', 'Nautilus', 'Urgot', 'Viego')",0,2,2
"('Aphelios', 'Darius', 'Milio', 'Taliyah', 'Tryndamere')",0,2,2
"('Aphelios', 'Gragas', 'Irelia', 'Nidalee', 'Thresh')",2,0,2
"('Ahri', 'Jinx', 'Kennen', 'Tahm Kench', 'Xin Zhao')",2,0,2
"('Jayce', ""Kai'Sa"", 'Pantheon', 'Rakan', ""Rek'Sai"")",0,2,2
"('Lillia', 'Lux', 'Qiyana', 'Skarner', 'Varus')",0,2,2
"('Nautilus', 'Nidalee', 'Skarner', 'Tristana', 'Varus')",2,0,2
"('Jhin', 'Kindred', 'Neeko', 'Poppy', 'Vladimir')",0,2,2
"('Camille', 'Jinx', 'Nidalee', 'Taric', 'Tristana')",2,0,2
"('Caitlyn', 'Camille', 'Hwei', 'Tristana', 'Xin Zhao')",0,2,2
"('Ashe', 'Darius', 'Hecarim', 'Lissandra', 'Nautilus')",2,0,2
"(""Kai'Sa"", 'LeBlanc', 'Pantheon', 'Shaco', 'Volibear')",0,2,2
"('Ahri', 'Aphelios', 'Jayce', 'Lulu', 'Xin Zhao')",2,0,2
"('Ashe', 'Camille', 'Hwei', 'Shaco', 'Urgot')",2,0,2
"('Akali', 'Alistar', 'Lucian', 'Poppy', 'Twisted Fate')",2,0,2
"('Bard', 'Caitlyn', 'Pantheon', 'Taliyah', 'Tristana')",1,1,2
"('Jinx', 'Skarner', 'Taliyah', 'Thresh', 'Tristana')",2,0,2
"('Cassiopeia', 'Nidalee', 'Senna', 'Tristana', 'Varus')",0,2,2
"('Blitzcrank', 'Nidalee', 'Tristana', 'Twisted Fate', 'Varus')",0,2,2
"('Draven', 'Heimerdinger', 'Renata Glasc', 'Yasuo', 'Zac')",2,0,2
"('Corki', 'Jayce', 'Nautilus', 'Qiyana', 'Taliyah')",0,2,2
"('Cassiopeia', 'Gwen', 'Lee Sin', 'Lucian', 'Nami')",2,0,2
"(""K'Sante"", ""Kai'Sa"", 'Nidalee', 'Poppy', 'Twisted Fate')",2,0,2
"('Kalista', 'Rell', 'Skarner', 'Syndra', 'Taliyah')",2,0,2
"('Pyke', 'Taliyah', 'Tristana', ""Vel'Koz"", 'Wukong')",0,2,2
"('Alistar', 'Jinx', 'Pantheon', 'Taliyah', 'Tristana')",0,2,2
"('Alistar', 'Corki', 'Jax', 'Skarner', 'Tristana')",0,2,2
"('Fiora', 'Hwei', ""Rek'Sai"", 'Thresh', 'Zeri')",2,0,2
"('Kalista', 'Nautilus', 'Nidalee', 'Taric', 'Viego')",2,0,2
"('Alistar', 'Ashe', 'Fiddlesticks', 'Renekton', 'Tristana')",2,0,2
"('LeBlanc', 'Lee Sin', 'Renekton', 'Seraphine', 'Zeri')",0,2,2
"('Aatrox', 'Janna', 'Jinx', 'Nunu & Willump', 'Tristana')",2,0,2
"('Ashe', 'Camille', 'Ivern', 'Janna', 'Tristana')",2,0,2
"('Ashe', 'Jayce', 'Kalista', 'Karthus', 'Volibear')",2,0,2
"('Fiddlesticks', 'Heimerdinger', 'Katarina', 'Nautilus', 'Zeri')",2,0,2
"('Corki', 'Nidalee', 'Seraphine', 'Tryndamere', 'Twisted Fate')",2,0,2
"('Akshan', 'Brand', 'Corki', 'Gragas', 'Taric')",0,2,2
"('Alistar', 'Gnar', 'Irelia', 'Lillia', 'Smolder')",2,0,2
"('Ashe', 'Corki', 'Katarina', 'Skarner', 'Varus')",2,0,2
"('Braum', 'Gwen', 'Jayce', 'Jinx', 'Pantheon')",2,0,2
"('Akali', 'Ezreal', 'Master Yi', 'Rumble', 'Skarner')",2,0,2
"('Corki', 'Lillia', 'Rell', 'Skarner', 'Tristana')",2,0,2
"(""K'Sante"", 'Leona', 'Pantheon', 'Vayne', 'Zoe')",0,2,2
"('Akshan', 'Ekko', 'Gragas', 'Lucian', 'Milio')",2,0,2
"(""Kai'Sa"", 'Rell', 'Skarner', 'Viego', 'Zilean')",2,0,2
"('Rumble', 'Seraphine', 'Tristana', 'Varus', 'Viego')",2,0,2
"('Akshan', 'Corki', 'Jayce', 'Nautilus', 'Nidalee')",2,0,2
"('Camille', ""Kai'Sa"", 'Malzahar', 'Nidalee', 'Rell')",0,2,2
"('Aphelios', 'Lillia', 'Lux', 'Renekton', 'Ryze')",2,0,2
"('Jax', 'Karthus', 'Taric', 'Tristana', 'Zeri')",2,0,2
"('Camille', 'Nautilus', 'Nidalee', 'Samira', 'Sylas')",0,2,2
"('Camille', 'Corki', 'Renekton', 'Taliyah', 'Tristana')",2,0,2
"('Draven', 'Graves', 'Jax', 'Rakan', 'Syndra')",0,2,2
"('Irelia', 'Jinx', 'Kindred', 'Milio', 'Mordekaiser')",2,0,2
"('Gnar', 'Nidalee', 'Poppy', 'Renekton', 'Varus')",2,0,2
"('Aphelios', 'Graves', 'Ornn', 'Pyke', 'Zoe')",2,0,2
"('Corki', ""K'Sante"", 'Lillia', 'Thresh', 'Yone')",2,0,2
"('Cassiopeia', 'Malzahar', ""Rek'Sai"", 'Skarner', 'Twisted Fate')",0,2,2
"('Azir', 'Miss Fortune', 'Rakan', 'Twisted Fate', 'Viego')",2,0,2
"('Evelynn', 'Kalista', 'Renekton', 'Rumble', 'Tristana')",0,2,2
"('Ashe', 'Camille', 'Neeko', 'Rakan', 'Viego')",2,0,2
"('Gragas', 'Graves', ""Kai'Sa"", 'Katarina', 'Leona')",0,2,2
"('Jax', 'Jhin', 'Rumble', 'Skarner', 'Twisted Fate')",0,2,2
"('Camille', 'Kalista', 'Lee Sin', 'Renekton', 'Zoe')",2,0,2
"('Corki', 'Poppy', 'Skarner', 'Tristana', 'Zac')",2,0,2
"('Camille', 'Hwei', 'Jhin', 'Poppy', 'Taliyah')",2,0,2
"('Caitlyn', 'Darius', 'Ekko', 'Hwei', 'Thresh')",2,0,2
"('Jinx', 'Maokai', 'Nidalee', 'Thresh', 'Yone')",2,0,2
"('Gragas', ""Kai'Sa"", 'Nautilus', 'Viego', 'Zoe')",2,0,2
"('Graves', 'Leona', 'Rumble', 'Seraphine', 'Skarner')",2,0,2
"('Cassiopeia', ""Kai'Sa"", 'Rell', 'Sejuani', 'Yone')",2,0,2
"('Gragas', 'Jhin', 'Nautilus', 'Nidalee', 'Tristana')",2,0,2
"('Akali', 'Graves', 'Irelia', 'Rumble', 'Varus')",2,0,2
"('Akali', 'Akshan', 'Jinx', 'Nautilus', 'Taliyah')",2,0,2
"('Hwei', 'Jax', 'Lucian', 'Rell', 'Vi')",0,2,2
"('Aurelion Sol', 'Graves', 'Senna', 'Varus', 'Zac')",2,0,2
"('Aphelios', 'Rell', 'Rumble', 'Taliyah', 'Tristana')",0,2,2
"('Hwei', 'Jinx', 'Master Yi', 'Sona', 'Zac')",0,2,2
"(""Kai'Sa"", 'Katarina', 'Kindred', 'Nautilus', 'Zac')",0,2,2
"('Dr. Mundo', 'Draven', 'Hwei', 'Rengar', 'Senna')",0,2,2
"(""Kai'Sa"", 'Rakan', 'Xin Zhao', 'Yasuo', 'Zac')",0,2,2
"('Rakan', 'Taliyah', 'Twisted Fate', 'Xayah', 'Zac')",2,0,2
"('Gnar', 'Jinx', 'Katarina', 'Lulu', 'Nidalee')",2,0,2
"('Kalista', 'Renata Glasc', ""Vel'Koz"", 'Xin Zhao', 'Zac')",2,0,2
"('Alistar', 'Corki', 'Karthus', 'Qiyana', 'Zac')",2,0,2
"('Heimerdinger', 'Hwei', 'Jax', 'Pyke', ""Rek'Sai"")",2,0,2
"('Caitlyn', 'Graves', 'Nautilus', 'Sylas', 'Zac')",2,0,2
"('Ashe', 'Hwei', 'Kalista', 'Lee Sin', 'Zac')",0,2,2
"('Alistar', 'Jinx', ""Rek'Sai"", 'Tristana', 'Zac')",2,0,2
"('Lucian', 'Nidalee', 'Ornn', 'Rumble', 'Yasuo')",2,0,2
"('Diana', 'Jinx', ""K'Sante"", ""Rek'Sai"", 'Rell')",2,0,2
"('Aatrox', 'Akali', 'Rumble', 'Skarner', 'Varus')",2,0,2
"('Camille', 'Draven', 'Fiddlesticks', 'Kennen', 'Renekton')",2,0,2
"('Fiddlesticks', 'Irelia', 'Jhin', 'Nautilus', 'Skarner')",2,0,2
"('Jax', 'Jinx', 'Syndra', 'Thresh', 'Viego')",0,2,2
"('Jinx', 'Nocturne', 'Rakan', 'Renekton', 'Taliyah')",2,0,2
"('Fiddlesticks', 'Jinx', 'Nautilus', 'Sylas', 'Tryndamere')",2,0,2
"('Nautilus', 'Sejuani', 'Yasuo', 'Yone', 'Zeri')",0,2,2
"('Aurelion Sol', 'Camille', ""Kai'Sa"", 'Kindred', 'Rell')",2,0,2
"('Fiddlesticks', 'Jax', 'Nautilus', 'Nocturne', 'Zeri')",0,2,2
"('Ashe', 'Fiddlesticks', 'Leona', 'Talon', 'Volibear')",2,0,2
"('Ahri', 'Gragas', 'Jinx', 'Lulu', 'Skarner')",2,0,2
"('Ashe', 'Camille', 'Irelia', 'Nidalee', 'Renata Glasc')",0,2,2
"('Camille', 'Fiddlesticks', ""Kai'Sa"", 'Poppy', 'Yone')",0,2,2
"('Ashe', 'Azir', 'Lee Sin', 'Malphite', 'Rumble')",2,0,2
"('Akshan', 'Corki', 'Fiddlesticks', 'Lee Sin', 'Seraphine')",0,2,2
"('Cassiopeia', 'Fiddlesticks', 'Kled', 'Nautilus', 'Tristana')",2,0,2
"('Ahri', 'Ashe', 'Caitlyn', 'Fiddlesticks', 'Ornn')",0,2,2
"('Ahri', 'Aphelios', 'Nautilus', ""Rek'Sai"", 'Rumble')",2,0,2
"('Ashe', 'LeBlanc', 'Olaf', 'Varus', 'Vladimir')",2,0,2
"('Fiddlesticks', 'Jayce', ""Kai'Sa"", 'Pyke', 'Tristana')",2,0,2
"('Camille', 'Fiddlesticks', ""Kog'Maw"", 'Lulu', 'Tristana')",2,0,2
"('Amumu', 'Camille', 'Corki', 'Karthus', 'Talon')",2,0,2
"('Caitlyn', 'Camille', 'Galio', 'Taliyah', 'Tristana')",2,0,2
"('Aphelios', 'Karthus', 'Leona', 'Tryndamere', 'Twisted Fate')",2,0,2
"('Corki', 'Fiddlesticks', 'Nautilus', 'Viego', 'Xayah')",2,0,2
"('Diana', 'Fiddlesticks', 'Lucian', 'Nami', 'Skarner')",0,2,2
"('Fiddlesticks', 'Rell', 'Samira', 'Vayne', 'Yone')",2,0,2
"('Camille', 'Hwei', 'Lucian', 'Nami', 'Sett')",0,2,2
"('Camille', 'Ezreal', 'Rumble', 'Twisted Fate', 'Vi')",2,0,2
"('Camille', 'Fiddlesticks', 'Jinx', 'Nautilus', 'Tristana')",2,0,2
"('Ashe', 'Neeko', 'Rumble', 'Udyr', 'Yasuo')",2,0,2
"('Jax', ""Kha'Zix"", 'Lucian', 'Nami', 'Taliyah')",2,0,2
"('Ekko', 'Kalista', 'Kled', 'Neeko', 'Viego')",0,2,2
"('Aatrox', 'Ashe', 'Draven', 'Graves', 'Twisted Fate')",2,0,2
"('Fiora', 'Jayce', 'Kalista', 'Lillia', 'Renata Glasc')",0,2,2
"('Alistar', 'Corki', 'Jax', 'Katarina', 'Lillia')",0,2,2
"('Caitlyn', 'Fiddlesticks', 'Lux', 'Skarner', 'Tristana')",2,0,2
"('Kindred', 'Taric', 'Tristana', 'Udyr', 'Varus')",0,2,2
"('Corki', 'Jax', 'Nunu & Willump', 'Poppy', 'Tristana')",0,2,2
"('Ahri', 'Lee Sin', 'Nautilus', 'Warwick', 'Xayah')",0,2,2
"('Ashe', 'Corki', 'Mordekaiser', 'Pantheon', 'Zoe')",2,0,2
"('Brand', ""K'Sante"", ""Kai'Sa"", 'Rell', 'Tristana')",0,2,2
"('Camille', 'Jinx', 'Karthus', 'Thresh', 'Tryndamere')",0,2,2
"('Ashe', 'Camille', 'Heimerdinger', 'Lillia', 'Viego')",2,0,2
"('Gragas', 'Jax', 'Ornn', 'Zed', 'Zeri')",2,0,2
"('Corki', 'Malphite', 'Ornn', 'Sivir', 'Vi')",2,0,2
"('Blitzcrank', 'Fiddlesticks', ""K'Sante"", 'Master Yi', 'Nilah')",2,0,2
"('Ashe', 'Camille', 'Hwei', 'Sejuani', 'Varus')",0,2,2
"('Rumble', 'Thresh', 'Tristana', 'Varus', 'Warwick')",2,0,2
"(""Kai'Sa"", 'Olaf', 'Rell', 'Taliyah', 'Tristana')",2,0,2
"('Aphelios', 'Fiora', 'LeBlanc', 'Neeko', 'Xin Zhao')",2,0,2
"('Hwei', 'Kindred', 'Neeko', 'Nilah', 'Ornn')",0,2,2
"('Camille', 'Nautilus', 'Olaf', 'Sylas', 'Zeri')",2,0,2
"(""Kai'Sa"", 'Lee Sin', 'Nautilus', 'Rumble', 'Skarner')",0,2,2
"('Hwei', ""K'Sante"", ""Kog'Maw"", 'Lulu', 'Vi')",2,0,2
"('Akali', 'Cassiopeia', 'Graves', 'Neeko', 'Zeri')",2,0,2
"('Jayce', 'Maokai', 'Senna', 'Tristana', 'Varus')",0,2,2
"(""Kai'Sa"", 'Lillia', 'Rell', 'Tristana', 'Tryndamere')",2,0,2
"('LeBlanc', 'Nautilus', 'Renekton', 'Taliyah', 'Varus')",0,2,2
"('Aatrox', ""Kai'Sa"", 'LeBlanc', 'Lee Sin', 'Poppy')",0,2,2
"('Ekko', 'Fiddlesticks', 'Gnar', 'Pyke', 'Varus')",0,2,2
"(""K'Sante"", 'Nautilus', 'Orianna', 'Samira', 'Viego')",0,2,2
"('Jinx', 'Kennen', 'Nautilus', 'Taliyah', 'Yasuo')",1,1,2
"(""Bel'Veth"", 'Corki', 'Fiddlesticks', 'Kennen', 'Nautilus')",2,0,2
"('Aatrox', 'Aurelion Sol', 'Jinx', 'Leona', 'Skarner')",0,2,2
"('Akshan', 'Alistar', 'Corki', 'Viego', 'Zac')",0,2,2
"('Irelia', 'Jayce', 'Jinx', 'Skarner', 'Taliyah')",0,2,2
"('Hwei', ""Kai'Sa"", 'Kindred', 'Rell', 'Vladimir')",0,2,2
"('Corki', 'Jax', 'Rell', 'Taliyah', 'Varus')",2,0,2
"('Aatrox', ""Kai'Sa"", 'Pyke', 'Taliyah', 'Vi')",0,2,2
"('Galio', 'Kindred', 'Nautilus', 'Tryndamere', 'Varus')",0,2,2
"(""Kai'Sa"", 'Kennen', 'Nautilus', ""Rek'Sai"", 'Tristana')",0,2,2
"('Camille', 'Jhin', 'Lee Sin', 'Poppy', 'Zoe')",0,2,2
"('Blitzcrank', ""Kai'Sa"", 'Katarina', 'Vayne', 'Xin Zhao')",2,0,2
"('Camille', 'Ekko', 'Lucian', 'Skarner', 'Varus')",2,0,2
"(""Kai'Sa"", 'Lee Sin', 'Maokai', 'Riven', 'Sylas')",0,2,2
"('Jayce', 'Jinx', 'Lillia', 'Rakan', 'Yone')",2,0,2
"('Ahri', 'Braum', 'Jayce', 'Lucian', 'Xin Zhao')",0,2,2
"('Akali', 'Ashe', 'Aurelion Sol', 'Jhin', 'Vi')",2,0,2
"(""Bel'Veth"", 'Draven', 'Gwen', 'Thresh', 'Tristana')",2,0,2
"('Ashe', 'Cassiopeia', 'Jayce', 'Kalista', 'Nidalee')",0,2,2
"('Fiora', 'Jhin', 'Nautilus', 'Syndra', 'Viego')",2,0,2
"('Azir', ""Bel'Veth"", 'Jayce', 'Jinx', 'Seraphine')",2,0,2
"('Braum', 'Jayce', 'Jinx', 'Lillia', 'Vayne')",2,0,2
"(""Bel'Veth"", 'LeBlanc', 'Rakan', 'Twisted Fate', 'Zeri')",2,0,2
"('Blitzcrank', ""Kha'Zix"", 'Kled', 'Sylas', 'Zeri')",0,2,2
"('LeBlanc', 'Leona', 'Ornn', 'Rengar', 'Zeri')",0,2,2
"('Ashe', 'Camille', 'Naafiri', 'Pyke', 'Taliyah')",0,2,2
"('Jax', 'Jhin', 'Leona', 'Viego', 'Ziggs')",0,2,2
"('Alistar', 'Ashe', 'Jayce', 'Viego', 'Zyra')",2,0,2
"('Jhin', 'Kennen', 'Nautilus', 'Nidalee', 'Talon')",2,0,2
"('Camille', 'Galio', 'Jhin', 'Kindred', 'Tristana')",2,0,2
"('Aatrox', 'Caitlyn', 'Cassiopeia', 'Lee Sin', 'Taric')",2,0,2
"('Akshan', 'Alistar', 'Jhin', 'Lillia', 'Varus')",0,2,2
"('Akshan', 'Brand', 'Milio', 'Renekton', 'Varus')",0,2,2
"('Braum', 'Lee Sin', 'Skarner', 'Taliyah', 'Zeri')",2,0,2
"('Draven', 'Nautilus', 'Nidalee', 'Skarner', 'Syndra')",2,0,2
"('Alistar', 'Galio', 'Twisted Fate', 'Vi', 'Zeri')",0,2,2
"('Ashe', 'Ezreal', 'Hwei', 'Skarner', 'Viego')",2,0,2
"('Mordekaiser', 'Nunu & Willump', 'Pyke', 'Tristana', 'Zeri')",0,2,2
"('Gragas', 'Jinx', 'LeBlanc', 'Lee Sin', 'Thresh')",0,2,2
"('Janna', 'Lee Sin', 'Samira', 'Skarner', 'Taliyah')",0,2,2
"('Gnar', 'Irelia', 'Jinx', 'Lillia', 'Tahm Kench')",0,2,2
"('Aatrox', ""K'Sante"", 'Karthus', 'Leona', 'Varus')",0,2,2
"('Aatrox', 'Leona', 'Nidalee', 'Urgot', 'Varus')",0,2,2
"('Lulu', 'Rumble', 'Talon', 'Vi', 'Zeri')",2,0,2
"('Akali', ""Kai'Sa"", 'Kindred', 'Rell', 'Tryndamere')",2,0,2
"(""Bel'Veth"", 'Hwei', 'Jax', 'Yuumi', 'Zeri')",2,0,2
"('Corki', 'Renekton', 'Taliyah', 'Yuumi', 'Zeri')",2,0,2
"('Lulu', 'Poppy', 'Tristana', 'Twisted Fate', 'Zeri')",2,0,2
"('Corki', 'Lillia', 'Rakan', 'Skarner', 'Zeri')",0,2,2
"('Ashe', ""Kha'Zix"", 'Orianna', 'Seraphine', 'Vayne')",0,2,2
"('Ashe', ""Bel'Veth"", 'Fizz', 'Jayce', 'Rakan')",2,0,2
"('Ashe', 'Camille', 'Lee Sin', 'Zac', 'Zeri')",2,0,2
"('Ezreal', 'Gnar', 'Gragas', 'Lee Sin', 'Pyke')",2,0,2
"('Aatrox', 'Aurelion Sol', 'Pyke', 'Shaco', 'Varus')",0,2,2
"('Braum', 'Gnar', 'Lucian', 'Taliyah', 'Yasuo')",0,2,2
"('Fiora', 'Fizz', 'Lee Sin', 'Leona', 'Varus')",0,2,2
"('Camille', ""Kai'Sa"", 'Karthus', 'Nautilus', 'Warwick')",2,0,2
"('Ashe', 'Heimerdinger', 'Karthus', 'Thresh', 'Viego')",2,0,2
"('Brand', 'Galio', 'Gnar', 'Rakan', 'Zeri')",2,0,2
"('Leona', 'Lillia', 'Shen', 'Twisted Fate', 'Zeri')",0,2,2
"('Gragas', 'Jarvan IV', 'Karthus', 'Miss Fortune', 'Skarner')",2,0,2
"('Gragas', 'Hwei', 'Lulu', 'Rengar', 'Zeri')",2,0,2
"('Jax', 'Jhin', 'LeBlanc', 'Olaf', 'Zyra')",2,0,2
"('Braum', 'Lucian', ""Rek'Sai"", 'Sejuani', 'Yone')",0,2,2
"('Ashe', 'Draven', 'Graves', 'Malzahar', 'Rumble')",0,2,2
"('Gwen', 'Jayce', 'Nidalee', 'Rakan', 'Zeri')",2,0,2
"('Kindred', ""Rek'Sai"", 'Rell', 'Taliyah', 'Zeri')",2,0,2
"('Hwei', 'Jhin', 'Kennen', 'Nautilus', 'Viego')",0,2,2
"('Akshan', 'Brand', 'Braum', 'Corki', 'Renekton')",2,0,2
"('Brand', ""K'Sante"", ""Kai'Sa"", 'Pyke', 'Twisted Fate')",2,0,2
"('Aatrox', 'Corki', 'Lulu', 'Sejuani', 'Taliyah')",0,2,2
"('Jarvan IV', ""K'Sante"", ""Kai'Sa"", 'Taliyah', 'Thresh')",2,0,2
"('Jinx', 'Nautilus', 'Nidalee', 'Rumble', 'Tristana')",2,0,2
"('Caitlyn', 'Hwei', ""K'Sante"", 'Lee Sin', 'Seraphine')",0,2,2
"('Darius', 'Hwei', 'Nidalee', 'Renata Glasc', 'Varus')",2,0,2
"('Poppy', 'Taliyah', 'Twitch', 'Udyr', 'Viego')",0,2,2
"('Ekko', 'Hwei', ""Kai'Sa"", 'Rell', 'Skarner')",2,0,2
"('Camille', 'Kennen', 'Nidalee', 'Tristana', 'Zeri')",0,2,2
"('Braum', 'Corki', 'Hwei', 'Lee Sin', 'Poppy')",0,2,2
"(""Kai'Sa"", 'Poppy', 'Taliyah', 'Udyr', 'Viego')",2,0,2
"('Fiddlesticks', 'Kennen', 'Nautilus', 'Samira', 'Viego')",2,0,2
"('Brand', 'Corki', 'Jayce', 'Skarner', 'Zac')",0,2,2
"('Aurelion Sol', 'Jinx', 'Rakan', 'Rengar', 'Rumble')",2,0,2
"('Kennen', 'Rell', 'Taliyah', 'Tristana', 'Zeri')",2,0,2
"('Akali', 'Camille', 'Kindred', 'Tristana', 'Tryndamere')",2,0,2
"('Jayce', ""Kai'Sa"", 'Lissandra', 'Viego', 'Zoe')",2,0,2
"(""K'Sante"", 'Karthus', 'Pyke', 'Samira', 'Tristana')",0,2,2
"('Braum', 'Elise', 'Lucian', 'Tristana', 'Volibear')",2,0,2
"('Galio', 'Graves', 'Jinx', 'Nautilus', 'Twisted Fate')",2,0,2
"('Dr. Mundo', 'Jinx', 'Nautilus', 'Orianna', 'Viego')",2,0,2
"('Draven', 'Renekton', 'Senna', 'Twisted Fate', 'Zac')",2,0,2
"('Aphelios', 'Lillia', 'Renekton', 'Thresh', 'Tristana')",2,0,2
"('Aphelios', 'Gnar', 'Rell', 'Skarner', 'Tristana')",2,0,2
"('Akshan', 'Rell', 'Renekton', 'Samira', 'Taliyah')",2,0,2
"('Alistar', 'Galio', ""Kai'Sa"", 'Rumble', 'Warwick')",2,0,2
"('Jinx', ""Kha'Zix"", 'Nautilus', 'Ornn', 'Taliyah')",0,2,2
"('Aphelios', 'Graves', ""K'Sante"", 'Thresh', 'Twisted Fate')",2,0,2
"('Gangplank', 'Lillia', 'Rell', 'Twisted Fate', 'Varus')",2,0,2
"('Aurelion Sol', 'Camille', 'Kalista', ""Rek'Sai"", 'Rumble')",0,2,2
"(""K'Sante"", ""Kha'Zix"", 'Nautilus', 'Syndra', 'Varus')",0,2,2
"('Alistar', 'Anivia', 'Nidalee', 'Skarner', 'Zeri')",2,0,2
"('Corki', ""Kha'Zix"", 'Rell', 'Vladimir', 'Zoe')",0,2,2
"('Elise', ""Kai'Sa"", 'Pyke', 'Renekton', 'Tristana')",2,0,2
"('Braum', 'Camille', 'Rumble', 'Varus', 'Viego')",2,0,2
"('Ashe', 'Jayce', 'Nidalee', 'Seraphine', 'Twisted Fate')",0,2,2
"('Jinx', 'Nautilus', 'Nidalee', 'Tristana', 'Urgot')",0,2,2
"('Corki', 'Irelia', 'Jhin', 'Nidalee', 'Pyke')",0,2,2
"('Anivia', 'Cassiopeia', 'Lulu', ""Rek'Sai"", 'Zeri')",0,2,2
"('Kalista', 'Lillia', 'Renata Glasc', 'Skarner', 'Tristana')",0,2,2
"('Fiora', 'Irelia', 'Karthus', 'Rakan', 'Zeri')",2,0,2
"('Alistar', 'Lee Sin', 'Vex', 'Zac', 'Zeri')",2,0,2
"('Ashe', 'Irelia', 'Rell', 'Skarner', 'Taliyah')",2,0,2
"('Ahri', 'Ezreal', 'Kindred', 'Poppy', 'Rell')",2,0,2
"('Azir', 'Gnar', ""Kha'Zix"", 'Nautilus', 'Zeri')",2,0,2
"('Ashe', 'Elise', 'Fizz', 'Jax', 'Rell')",0,2,2
"('Akali', 'Jayce', ""Kha'Zix"", 'Rell', 'Samira')",0,2,2
"('Lucian', 'Nami', 'Skarner', 'Viego', 'Viktor')",2,0,2
"('Cassiopeia', 'Irelia', 'Lucian', 'Nami', 'Taliyah')",2,0,2
"('Gwen', 'Jayce', ""Kai'Sa"", 'Rell', 'Teemo')",0,2,2
"('Ekko', 'Pyke', 'Talon', 'Varus', 'Wukong')",2,0,2
"('Camille', 'Corki', 'Irelia', 'Nautilus', 'Trundle')",0,2,2
"('Alistar', 'Aphelios', 'Gwen', 'Nidalee', 'Tristana')",0,2,2
"('Ashe', 'Elise', 'Rell', 'Renekton', 'Tryndamere')",2,0,2
"('Irelia', 'Karthus', 'Nautilus', 'Senna', 'Tristana')",0,2,2
"('Graves', 'Jinx', 'Orianna', 'Rammus', 'Tahm Kench')",2,0,2
"('Diana', 'Kled', 'Nautilus', 'Sejuani', 'Zeri')",2,0,2
"('Jayce', 'Katarina', 'Nidalee', 'Rell', 'Varus')",0,2,2
"('Camille', 'Ezreal', 'Irelia', 'Lillia', 'Rakan')",2,0,2
"('Braum', 'Gwen', 'Taliyah', 'Tristana', 'Varus')",0,2,2
"('Alistar', 'Jax', ""Rek'Sai"", 'Twisted Fate', 'Zeri')",0,2,2
"('Ashe', 'Ekko', 'Jhin', 'Nocturne', 'Zed')",2,0,2
"('Jinx', 'Karthus', 'Poppy', 'Renekton', 'Tristana')",2,0,2
"('Aphelios', 'Blitzcrank', 'Jax', 'Nunu & Willump', 'Twisted Fate')",0,2,2
"('Aphelios', 'Bard', 'Kennen', 'LeBlanc', 'Pantheon')",2,0,2
"('Lucian', 'Nami', 'Orianna', 'Skarner', 'Udyr')",2,0,2
"('Ashe', 'Braum', 'Fiddlesticks', 'Kennen', 'Yone')",0,2,2
"('Ahri', 'Ashe', 'Hecarim', 'Kennen', 'Poppy')",0,2,2
"('Alistar', 'Aphelios', 'Pantheon', 'Taliyah', 'Tryndamere')",0,2,2
"('Draven', 'LeBlanc', 'Lee Sin', 'Nautilus', 'Poppy')",1,1,2
"('Illaoi', 'Rell', 'Rumble', 'Tristana', 'Varus')",0,2,2
"('Diana', ""Kai'Sa"", 'Nautilus', 'Rumble', 'Tristana')",0,2,2
"('Karthus', 'Leona', 'Twisted Fate', 'Viego', 'Zeri')",0,2,2
"('Jarvan IV', 'Katarina', 'Maokai', 'Rell', 'Varus')",0,2,2
"('Camille', 'Galio', ""Kai'Sa"", ""Kha'Zix"", 'Rumble')",2,0,2
"('Nautilus', 'Nidalee', 'Shen', 'Viego', 'Zeri')",2,0,2
"(""Kai'Sa"", 'Nidalee', 'Poppy', 'Vladimir', 'Yone')",0,2,2
"(""Kai'Sa"", 'Lee Sin', 'Leona', 'Quinn', 'Twisted Fate')",0,2,2
"('Gnar', 'Leona', 'Nidalee', 'Pantheon', 'Zeri')",0,2,2
"('Corki', 'Gnar', 'Nautilus', 'Nunu & Willump', 'Zeri')",2,0,2
"('Camille', 'Karthus', 'Samira', 'Skarner', 'Tristana')",2,0,2
"('Ashe', 'Hwei', 'Rell', 'Rumble', 'Viego')",2,0,2
"('Corki', 'Gragas', ""Rek'Sai"", 'Rell', 'Samira')",2,0,2
"('Camille', 'Galio', ""Kai'Sa"", 'Nidalee', 'Rell')",2,0,2
"('Alistar', 'Corki', 'Kennen', 'Skarner', 'Xayah')",2,0,2
"('Camille', 'Diana', 'Fiora', ""Kai'Sa"", 'Viego')",2,0,2
"('Jinx', 'Kennen', 'Nautilus', ""Rek'Sai"", 'Viego')",0,2,2
"('Camille', 'Draven', 'Jayce', 'Lee Sin', 'Orianna')",2,0,2
"('Illaoi', ""Kai'Sa"", 'Lee Sin', 'Rell', 'Taliyah')",0,2,2
"('Alistar', 'Camille', 'Graves', 'Hwei', 'Ziggs')",2,0,2
"('Ashe', 'Janna', 'Jayce', 'Kennen', 'Lillia')",0,2,2
"('Darius', 'Graves', ""Kai'Sa"", 'Rell', 'Twisted Fate')",2,0,2
"('Akshan', 'Caitlyn', 'Nidalee', 'Rumble', 'Tahm Kench')",0,2,2
"('Camille', 'Hwei', 'Jinx', ""K'Sante"", 'Lee Sin')",0,2,2
"('Corki', 'Kalista', 'Neeko', 'Taliyah', 'Vayne')",2,0,2
"('Aphelios', 'Fiora', 'Hwei', 'Lee Sin', 'Nautilus')",0,2,2
"('Dr. Mundo', 'Jayce', ""Kai'Sa"", 'Nautilus', 'Skarner')",0,2,2
"('Jinx', 'Kindred', 'Rakan', 'Ryze', 'Viego')",2,0,2
"('Braum', 'Corki', 'Gnar', 'Karthus', 'Varus')",0,2,2
"('Aphelios', 'Braum', 'Corki', 'Rengar', 'Wukong')",0,2,2
"('Annie', 'Elise', 'Heimerdinger', 'Jhin', 'Qiyana')",2,0,2
"('Darius', 'Hwei', 'Nautilus', 'Rumble', 'Tristana')",0,2,2
"('Jhin', ""K'Sante"", 'Pyke', 'Rumble', 'Viego')",0,2,2
"('Aphelios', 'Hwei', 'Lulu', 'Skarner', 'Taliyah')",0,2,2
"('Akshan', ""Bel'Veth"", 'Jinx', 'Nidalee', 'Thresh')",0,2,2
"('Aurelion Sol', 'Fiddlesticks', 'Fiora', 'Nautilus', 'Varus')",0,2,2
"('Corki', ""K'Sante"", 'Kindred', 'Rell', 'Zoe')",0,2,2
"('Aatrox', 'Corki', 'Hwei', 'Kindred', 'Nautilus')",2,0,2
"('Ashe', 'Lee Sin', 'Seraphine', 'Taliyah', 'Twisted Fate')",2,0,2
"('Corki', 'Diana', 'Draven', 'Pyke', 'Skarner')",0,2,2
"('Jayce', 'Nilah', 'Skarner', 'Taric', 'Twisted Fate')",0,2,2
"('Jayce', 'Jhin', 'Sett', 'Taliyah', 'Viego')",0,2,2
"('Camille', 'Jinx', 'Nidalee', 'Taliyah', 'Thresh')",2,0,2
"('Blitzcrank', 'Camille', ""Kai'Sa"", 'Nidalee', 'Orianna')",0,2,2
"('Jhin', 'Lillia', 'Renekton', 'Rumble', 'Tristana')",0,2,2
"('Orianna', 'Pyke', ""Rek'Sai"", 'Ryze', 'Varus')",2,0,2
"('Camille', 'Corki', 'Gragas', 'Jax', 'Olaf')",2,0,2
"('Nidalee', 'Renekton', 'Taric', 'Tristana', 'Zeri')",0,2,2
"('Ashe', 'Brand', 'Jayce', 'Rumble', 'Taliyah')",0,2,2
"('Jayce', ""Kai'Sa"", 'Nidalee', 'Rell', 'Tristana')",0,2,2
"('Camille', 'Lillia', 'Nautilus', 'Varus', 'Yone')",2,0,2
"('Akali', 'Galio', ""Kai'Sa"", 'Nidalee', 'Skarner')",0,2,2
"('Caitlyn', 'Lillia', 'Lux', 'Tristana', 'Warwick')",0,2,2
"('Cassiopeia', 'Gragas', 'Pyke', 'Varus', 'Viego')",2,0,2
"('Aphelios', 'Gangplank', 'Lee Sin', 'Viktor', 'Zilean')",0,2,2
"('Aphelios', 'Hwei', 'Jayce', 'Kindred', 'Milio')",0,2,2
"('Ezreal', 'Nautilus', 'Taliyah', 'Twisted Fate', 'Yasuo')",2,0,2
"('Jhin', 'Poppy', 'Rumble', 'Tristana', 'Udyr')",2,0,2
"('Aurelion Sol', 'Lee Sin', 'Skarner', 'Varus', 'Zyra')",0,2,2
"('Hwei', 'Kalista', 'Neeko', 'Twisted Fate', 'Viego')",0,2,2
"('Jayce', 'Karthus', 'Seraphine', 'Varus', 'Zoe')",2,0,2
"('Jhin', 'Karma', 'Neeko', 'Nidalee', 'Vayne')",0,2,2
"('Blitzcrank', 'Jayce', 'Renekton', 'Taliyah', 'Varus')",0,2,2
"(""Kai'Sa"", 'Maokai', 'Nidalee', ""Rek'Sai"", 'Tristana')",2,0,2
"('Briar', 'Rakan', 'Skarner', 'Taliyah', 'Zeri')",0,2,2
"('Gnar', 'Jinx', 'Katarina', ""Kha'Zix"", 'Taric')",2,0,2
"('Annie', 'Camille', ""K'Sante"", 'Lucian', 'Viego')",0,2,2
"('Diana', 'Graves', 'Gwen', 'Nilah', 'Rell')",0,2,2
"('Camille', 'Gnar', 'Jayce', 'Lillia', 'Lucian')",2,0,2
"('Annie', 'Aphelios', 'Seraphine', 'Twisted Fate', 'Viego')",0,2,2
"('Akshan', 'Gwen', 'Nautilus', 'Nunu & Willump', 'Senna')",2,0,2
"('Braum', 'Hecarim', 'Hwei', 'Rumble', 'Varus')",0,2,2
"('Camille', 'Lee Sin', 'Lucian', 'Seraphine', 'Zoe')",2,0,2
"('Camille', 'Draven', 'Jayce', 'Kindred', 'Twisted Fate')",2,0,2
"('Gnar', 'Jhin', 'Nidalee', 'Pantheon', 'Rumble')",2,0,2
"('Aphelios', 'Camille', 'Nidalee', 'Renekton', 'Yasuo')",0,2,2
"(""Bel'Veth"", 'Caitlyn', 'Gragas', 'Skarner', 'Twisted Fate')",2,0,2
"('Brand', 'Janna', 'Jax', 'Jhin', 'Katarina')",0,2,2
"(""Kai'Sa"", 'Leona', 'Nidalee', 'Ornn', 'Yasuo')",2,0,2
"('Brand', 'Jax', 'Leona', 'Nidalee', 'Tristana')",2,0,2
"('Caitlyn', 'Cassiopeia', 'Graves', 'Hwei', 'Rumble')",2,0,2
"('Jinx', 'Lillia', 'Renekton', 'Thresh', 'Viego')",0,2,2
"('Camille', 'Hecarim', 'Jinx', 'LeBlanc', 'Lulu')",0,2,2
"('Gragas', 'Jayce', 'Jhin', 'Skarner', 'Viego')",0,2,2
"('Aurelion Sol', 'Graves', 'Rell', 'Rumble', 'Varus')",2,0,2
"('Ashe', 'Jayce', 'Lillia', 'Milio', 'Skarner')",2,0,2
"('Aatrox', 'Fiddlesticks', 'Jax', 'Taric', 'Tristana')",0,2,2
"('Graves', 'LeBlanc', 'Lulu', 'Renekton', 'Smolder')",0,2,2
"('Jayce', ""K'Sante"", 'Nidalee', 'Seraphine', 'Varus')",2,0,2
"('Akshan', 'Ashe', 'Braum', 'Lillia', 'Sion')",0,2,2
"('Draven', 'Hwei', ""K'Sante"", 'Kindred', 'LeBlanc')",2,0,2
"('Alistar', 'Camille', 'Kennen', 'Taliyah', 'Xayah')",2,0,2
"('Azir', 'Graves', 'Pyke', 'Rumble', 'Varus')",0,2,2
"('Braum', 'Maokai', 'Renekton', 'Tristana', 'Zeri')",2,0,2
"(""Kai'Sa"", 'Rakan', 'Taliyah', 'Vi', 'Yone')",2,0,2
"('Graves', 'Jinx', 'Neeko', 'Skarner', 'Vex')",2,0,2
"('Galio', ""Kai'Sa"", 'Nautilus', 'Taliyah', 'Tristana')",0,2,2
"('Draven', 'Karthus', 'Kled', 'Rell', 'Tristana')",2,0,2
"('Ashe', 'Corki', 'Jax', 'Nidalee', 'Seraphine')",2,0,2
"('Jhin', 'Lee Sin', 'Rumble', 'Seraphine', 'Yone')",0,2,2
"('Katarina', 'Lucian', 'Rumble', 'Taric', 'Vi')",2,0,2
"('Anivia', ""K'Sante"", 'Kindred', 'Lucian', 'Seraphine')",2,0,2
"('Katarina', 'Olaf', ""Rek'Sai"", 'Thresh', 'Varus')",2,0,2
"('Ashe', 'Braum', 'Gragas', 'LeBlanc', 'Viego')",2,0,2
"('Alistar', 'Jayce', 'Maokai', 'Tristana', 'Zeri')",2,0,2
"('Jayce', 'Kalista', 'Nautilus', 'Orianna', 'Shaco')",2,0,2
"('Graves', 'Lux', 'Yasuo', 'Zac', 'Zeri')",0,2,2
"('Hecarim', 'Jinx', 'Rumble', 'Seraphine', 'Tristana')",2,0,2
"('Gnar', 'LeBlanc', 'Varus', 'Viego', 'Zilean')",2,0,2
"('Kindred', 'Seraphine', 'Tristana', 'Twisted Fate', 'Ziggs')",0,2,2
"('Brand', 'Kalista', 'Neeko', 'Skarner', 'Tristana')",0,2,2
"('Braum', 'Corki', 'Fiddlesticks', 'Skarner', 'Yone')",2,0,2
"(""Bel'Veth"", 'Nautilus', 'Renekton', 'Taliyah', 'Varus')",0,2,2
"('Jax', 'LeBlanc', ""Rek'Sai"", 'Smolder', 'Sona')",2,0,2
"(""Kai'Sa"", 'Kennen', 'Poppy', 'Skarner', 'Tristana')",2,0,2
"('Ahri', 'Jinx', 'Lee Sin', 'Thresh', 'Volibear')",2,0,2
"('Brand', 'Camille', 'Jayce', 'Jinx', 'Skarner')",2,0,2
"('Azir', 'Braum', 'Illaoi', 'Rengar', 'Varus')",0,2,2
"('Corki', 'Lee Sin', 'Leona', 'Rumble', 'Syndra')",2,0,2
"('Camille', 'Ekko', 'Neeko', 'Poppy', 'Zeri')",0,2,2
"('Gnar', 'Hwei', 'Janna', 'Jhin', 'Poppy')",0,2,2
"('Galio', ""Kai'Sa"", 'Nidalee', 'Skarner', 'Tristana')",2,0,2
"('Akali', 'Draven', 'Jax', 'Kled', 'Nautilus')",0,2,2
"('Jinx', 'Lulu', 'Pantheon', 'Skarner', 'Sylas')",2,0,2
"('Hwei', 'Jhin', 'Kindred', 'Nautilus', 'Olaf')",0,2,2
"('Camille', 'Hwei', 'Sylas', 'Varus', 'Viego')",2,0,2
"('Graves', 'Hwei', 'Jhin', 'Rumble', 'Vayne')",2,0,2
"('Blitzcrank', 'Cassiopeia', ""Kai'Sa"", 'Nidalee', 'Yone')",2,0,2
"('Elise', 'Jinx', 'Leona', 'Skarner', 'Tryndamere')",2,0,2
"('Camille', 'LeBlanc', 'Nilah', 'Rakan', 'Viego')",0,2,2
"('Hecarim', 'Hwei', ""K'Sante"", 'Rakan', 'Zeri')",0,2,2
"('Galio', 'Irelia', 'Lillia', 'Skarner', 'Tristana')",0,2,2
"(""Kai'Sa"", 'Lillia', 'Nautilus', 'Skarner', 'Yasuo')",0,2,2
"('Jinx', 'Karma', 'Pantheon', 'Vex', 'Viego')",0,2,2
"('Blitzcrank', 'Corki', 'Nidalee', 'Renekton', 'Vex')",2,0,2
"('Rell', 'Sylas', 'Vex', 'Warwick', 'Zeri')",2,0,2
"('Gragas', 'Hwei', 'Lucian', 'Rell', 'Viego')",2,0,2
"('Ahri', 'Gnar', ""Kai'Sa"", ""Kha'Zix"", 'Rell')",2,0,2
"('Camille', 'Gragas', 'Rell', 'Taliyah', 'Varus')",0,2,2
"('Aatrox', 'Galio', 'Jinx', 'Kindred', 'Thresh')",1,1,2
"('Karthus', 'Poppy', 'Taric', 'Tryndamere', 'Zeri')",2,0,2
"('Aatrox', 'Blitzcrank', 'Corki', 'Jinx', 'Nidalee')",2,0,2
"('Jinx', 'Lillia', 'Pantheon', 'Thresh', 'Twisted Fate')",2,0,2
"('Ahri', 'Jax', 'Lee Sin', 'Senna', 'Varus')",2,0,2
"('Caitlyn', 'Hwei', 'Lee Sin', 'Lux', 'Skarner')",1,1,2
"('Ekko', 'Jayce', ""Kai'Sa"", 'Rakan', 'Vayne')",2,0,2
"('Galio', 'Jayce', 'Pyke', 'Vayne', 'Zac')",0,2,2
"('Darius', 'Irelia', 'Rell', 'Taliyah', 'Vayne')",0,2,2
"('Ashe', 'Diana', 'Nautilus', 'Vayne', 'Yasuo')",2,0,2
"('Ashe', 'LeBlanc', 'Lee Sin', 'Renekton', 'Seraphine')",2,0,2
"('Brand', 'Corki', 'Hwei', 'Katarina', 'Skarner')",2,0,2
"('Jayce', 'Karma', 'Kayn', 'Sylas', 'Varus')",2,0,2
"('Jinx', 'LeBlanc', 'Lee Sin', 'Rumble', 'Thresh')",1,1,2
"('Ashe', 'Darius', 'Leona', 'Nidalee', 'Tristana')",2,0,2
"(""Bel'Veth"", 'Hwei', 'Rakan', 'Skarner', 'Varus')",2,0,2
"('Diana', 'Samira', 'Skarner', 'Taric', 'Xin Zhao')",2,0,2
"('Darius', 'Kalista', 'Orianna', 'Shaco', 'Taric')",2,0,2
"('Aatrox', 'Aurelion Sol', 'Nidalee', 'Rell', 'Tristana')",2,0,2
"('Blitzcrank', ""Kai'Sa"", 'Kindred', 'Rumble', ""Vel'Koz"")",0,2,2
"('Akshan', 'Corki', 'Gragas', 'Gwen', 'Rakan')",2,0,2
"('Corki', 'Hwei', 'Nautilus', 'Nidalee', 'Renekton')",2,0,2
"('Gwen', 'Lee Sin', 'Leona', 'Qiyana', 'Zeri')",2,0,2
"('Fiora', 'Nautilus', 'Samira', 'Taliyah', 'Viego')",2,0,2
"('Aphelios', 'Corki', 'Jax', 'Lillia', 'Nautilus')",0,2,2
"('Nunu & Willump', 'Renekton', 'Sylas', 'Thresh', 'Varus')",0,2,2
"('Camille', 'Cassiopeia', 'Graves', 'Rakan', 'Zeri')",0,2,2
"('Lee Sin', 'Rakan', 'Skarner', 'Taliyah', 'Zeri')",0,2,2
"('Ahri', 'Jhin', 'Rakan', 'Vi', 'Viego')",2,0,2
"('Akshan', 'Corki', 'Kennen', 'Sejuani', 'Thresh')",2,0,2
"('Alistar', 'Garen', 'Hwei', ""Rek'Sai"", 'Varus')",0,2,2
"('Bard', 'Pantheon', 'Rengar', 'Twisted Fate', 'Vladimir')",2,0,2
"('Nidalee', 'Rell', 'Renekton', 'Varus', 'Yasuo')",2,0,2
"('Jhin', 'Rell', 'Taliyah', 'Tristana', 'Twisted Fate')",2,0,2
"(""Kai'Sa"", 'Nautilus', 'Orianna', 'Skarner', 'Viego')",2,0,2
"('Hecarim', 'Jhin', 'Nautilus', 'Skarner', 'Taliyah')",2,0,2
"('Ahri', 'Aphelios', 'Braum', 'Kindred', 'Skarner')",0,2,2
"('Camille', 'Corki', 'Jhin', 'Lillia', 'Nautilus')",2,0,2
"('Corki', 'Jax', 'LeBlanc', 'Leona', 'Viego')",0,2,2
"('Jax', 'LeBlanc', 'Pantheon', 'Skarner', 'Zeri')",0,2,2
"('Akshan', 'Cassiopeia', 'Neeko', 'Viego', 'Ziggs')",2,0,2
"('Akshan', 'Alistar', 'Kennen', ""Rek'Sai"", 'Zeri')",2,0,2
"('Karma', 'Taliyah', 'Tryndamere', 'Varus', 'Viego')",0,2,2
"('Camille', 'Kindred', 'Rell', 'Samira', 'Syndra')",0,2,2
"('Lillia', 'Neeko', 'Nilah', 'Poppy', 'Rakan')",0,2,2
"('Kindred', 'Nunu & Willump', 'Rakan', 'Twisted Fate', 'Xayah')",2,0,2
"('Graves', 'Olaf', 'Rakan', 'Zeri', 'Zoe')",2,0,2
"('Draven', ""K'Sante"", 'Lissandra', 'Nidalee', 'Sett')",2,0,2
"('Hwei', ""Kai'Sa"", 'Kled', 'Neeko', ""Rek'Sai"")",2,0,2
"('Azir', 'Blitzcrank', 'Gwen', 'Qiyana', 'Zeri')",0,2,2
"('Akshan', 'Cassiopeia', 'Fiddlesticks', 'Fiora', 'Graves')",0,2,2
"('Galio', 'Rakan', ""Rek'Sai"", 'Renekton', 'Zeri')",2,0,2
"('Blitzcrank', ""Kai'Sa"", ""Kog'Maw"", 'Pantheon', 'Qiyana')",2,0,2
"('Jinx', ""K'Sante"", 'Kindred', 'Rell', 'Vex')",0,2,2
"('Ashe', 'Gnar', 'Seraphine', 'Taliyah', 'Xin Zhao')",2,0,2
"('Annie', 'Nautilus', 'Skarner', 'Taliyah', 'Zeri')",2,0,2
"('Hwei', 'Jhin', 'Kindred', 'Taliyah', 'Wukong')",2,0,2
"('Galio', 'Kindred', 'Tryndamere', 'Varus', 'Vex')",2,0,2
"('Akali', 'Fiddlesticks', 'Lee Sin', 'Poppy', 'Twisted Fate')",2,0,2
"('Jayce', 'Rell', 'Rengar', 'Sylas', 'Zeri')",0,2,2
"('Corki', 'Hwei', 'Nami', 'Pantheon', 'Renekton')",0,2,2
"(""Bel'Veth"", 'Gangplank', 'Hwei', ""Kai'Sa"", 'Thresh')",0,2,2
"('Braum', 'Jinx', 'Taliyah', 'Tristana', 'Twisted Fate')",0,2,2
"('Irelia', 'Karthus', 'Nautilus', 'Tristana', 'Zeri')",0,2,2
"('Ekko', 'Hwei', 'Jinx', 'Lulu', 'Renekton')",0,2,2
"('Akshan', 'Elise', ""K'Sante"", 'Maokai', 'Zeri')",0,2,2
"('Galio', 'Jinx', 'Karthus', 'Rell', 'Renekton')",2,0,2
"('Camille', 'Fiddlesticks', ""Kai'Sa"", 'Neeko', 'Pyke')",0,2,2
"('Jhin', ""K'Sante"", 'Lillia', 'Rakan', 'Tristana')",2,0,2
"('Lucian', 'Nami', 'Nidalee', 'Renekton', 'Viego')",2,0,2
"('Kled', 'Rakan', 'Taliyah', 'Twisted Fate', 'Varus')",2,0,2
"('Aphelios', 'Hwei', 'Nidalee', 'Pyke', 'Tryndamere')",2,0,2
"('Ashe', 'Renata Glasc', 'Skarner', 'Taliyah', 'Viego')",2,0,2
"('Nidalee', 'Rell', 'Renekton', 'Zeri', 'Zoe')",1,1,2
"('Ashe', 'Braum', 'Cassiopeia', 'Taliyah', 'Tristana')",2,0,2
"('Aurelion Sol', 'Graves', 'Jinx', 'Riven', 'Thresh')",2,0,2
"('Gragas', 'Jinx', 'Kayn', 'Nautilus', 'Yone')",2,0,2
"('Alistar', 'Gragas', 'Graves', ""Kai'Sa"", 'Sylas')",0,2,2
"('Fiddlesticks', 'Jinx', ""K'Sante"", 'Milio', 'Tryndamere')",2,0,2
"('Irelia', 'Lucian', 'Lux', 'Taliyah', 'Viego')",2,0,2
"('Ezreal', 'Leona', 'Taliyah', 'Tristana', 'Yorick')",2,0,2
"('Ahri', ""Kai'Sa"", 'Lee Sin', 'Nautilus', 'Rumble')",2,0,2
"('Akshan', 'Camille', ""Kai'Sa"", 'Lillia', 'Twisted Fate')",0,2,2
"('Blitzcrank', 'Corki', 'Elise', 'Qiyana', 'Twisted Fate')",2,0,2
"('Aatrox', 'Corki', 'Katarina', 'Lee Sin', 'Morgana')",0,2,2
"('Ashe', 'Hwei', 'Kalista', 'Skarner', 'Viego')",1,1,2
"('Jax', 'Jinx', 'Lulu', 'Taliyah', 'Yone')",2,0,2
"('Aurelion Sol', 'Nautilus', 'Sett', 'Varus', 'Vi')",2,0,2
"('Braum', 'Jinx', 'Malphite', 'Twisted Fate', 'Viego')",2,0,2
"('Ahri', 'Gragas', ""Rek'Sai"", 'Rell', 'Zeri')",0,2,2
"('Akshan', 'Camille', 'Kalista', 'Nidalee', 'Rumble')",0,2,2
"('Braum', 'Gwen', 'Hecarim', 'Talon', 'Varus')",0,2,2
"('Jinx', 'Seraphine', 'Skarner', 'Syndra', 'Viego')",2,0,2
"('Nautilus', 'Nidalee', 'Renekton', 'Ryze', 'Samira')",2,0,2
"('Akali', 'Hecarim', 'Jax', 'Ornn', 'Xayah')",2,0,2
"('Ezreal', 'Gnar', 'Nidalee', 'Rell', 'Tristana')",2,0,2
"('Aphelios', 'Hecarim', 'Jax', 'Taliyah', 'Thresh')",2,0,2
"('Ashe', 'Evelynn', 'Jayce', 'Skarner', 'Varus')",2,0,2
"('Hwei', 'Irelia', 'Milio', ""Rek'Sai"", 'Varus')",0,2,2
"('Akali', 'Jayce', 'Kalista', 'Rumble', 'Taliyah')",0,2,2
"('Camille', 'Graves', 'Neeko', 'Nilah', 'Rell')",2,0,2
"('Nautilus', 'Taliyah', 'Tristana', 'Varus', 'Wukong')",0,2,2
"('Aatrox', 'Blitzcrank', 'Jayce', 'Smolder', 'Taliyah')",0,2,2
"('Blitzcrank', 'Jayce', 'Kalista', 'Malphite', 'Taliyah')",2,0,2
"('Ahri', 'Kindred', 'Malphite', 'Pyke', 'Swain')",0,2,2
"('Jinx', 'Kayn', 'Olaf', 'Rakan', 'Twisted Fate')",2,0,2
"(""Kai'Sa"", 'Nautilus', 'Skarner', 'Taliyah', 'Twisted Fate')",0,2,2
"('Irelia', 'Jax', 'Lillia', 'Lulu', 'Tristana')",0,2,2
"('Blitzcrank', 'Graves', 'Hwei', 'Irelia', 'Jinx')",2,0,2
"('Akshan', 'Blitzcrank', 'Gragas', 'Pantheon', 'Ziggs')",2,0,2
"('Corki', 'Ezreal', 'Kennen', 'Kindred', 'Seraphine')",0,2,2
"('Leona', 'Lillia', 'Sivir', 'Volibear', 'Yone')",0,2,2
"('Akshan', 'Bard', 'Corki', 'Gwen', 'Lillia')",2,0,2
"('LeBlanc', 'Rakan', 'Taliyah', 'Twisted Fate', 'Zeri')",0,2,2
"('Ashe', 'Aurelion Sol', 'Thresh', 'Twisted Fate', 'Viego')",2,0,2
"('Graves', ""Kai'Sa"", 'LeBlanc', 'Lee Sin', 'Nautilus')",0,2,2
"('Aurelion Sol', ""K'Sante"", 'Rell', 'Varus', 'Vi')",0,2,2
"('Jinx', ""K'Sante"", 'LeBlanc', 'Lee Sin', 'Nautilus')",2,0,2
"('Irelia', 'Nidalee', 'Pyke', 'Samira', 'Skarner')",2,0,2
"('Elise', 'Ornn', 'Rakan', 'Twisted Fate', 'Yasuo')",2,0,2
"('Blitzcrank', 'Corki', 'Gragas', 'Samira', 'Vayne')",0,2,2
"('Nautilus', 'Ryze', 'Skarner', 'Vladimir', 'Xayah')",2,0,2
"('Ashe', 'Nautilus', 'Orianna', 'Taliyah', 'Warwick')",0,2,2
"('Aatrox', 'Braum', 'Jhin', 'Taliyah', 'Tristana')",2,0,2
"('Ahri', 'Alistar', 'Cassiopeia', 'Jax', 'Varus')",0,2,2
"('Illaoi', ""Kai'Sa"", 'Lee Sin', 'Rell', 'Twisted Fate')",0,2,2
"('Corki', ""Kai'Sa"", 'Nautilus', 'Rumble', 'Viego')",0,2,2
"('Annie', 'Graves', 'Rakan', 'Rumble', 'Xayah')",2,0,2
"('Akali', 'Hecarim', 'Jinx', 'Rumble', 'Thresh')",0,2,2
"('Brand', 'Lee Sin', 'Nami', 'Renekton', 'Sett')",2,0,2
"('Akali', 'Braum', 'Jinx', 'Udyr', 'Viego')",0,2,2
"('Corki', ""K'Sante"", 'Lillia', 'Orianna', 'Seraphine')",2,0,2
"('Akshan', 'Braum', 'Darius', 'Fiddlesticks', 'Zeri')",0,2,2
"('Lee Sin', 'Lucian', 'Nami', 'Twisted Fate', 'Wukong')",0,2,2
"('Blitzcrank', 'Gnar', 'Hwei', 'Smolder', 'Viego')",0,2,2
"('Jinx', 'Orianna', 'Skarner', 'Thresh', 'Xin Zhao')",2,0,2
"(""Bel'Veth"", 'Hwei', 'Miss Fortune', 'Pantheon', 'Skarner')",0,2,2
"('Jax', 'Kalista', 'Lee Sin', 'Lux', 'Zoe')",2,0,2
"('Ashe', 'Jax', 'LeBlanc', 'Lee Sin', 'Nautilus')",2,0,2
"('Brand', 'Katarina', 'Kled', 'Senna', 'Tahm Kench')",0,2,2
"('Graves', 'Hwei', 'Miss Fortune', 'Nautilus', 'Udyr')",2,0,2
"('Gragas', 'Kindred', 'Nautilus', 'Swain', 'Tristana')",2,0,2
"('Ahri', 'Graves', ""Kai'Sa"", 'Nautilus', 'Ryze')",2,0,2
"('Akali', 'Ashe', 'Braum', 'Gnar', 'Taliyah')",2,0,2
"('Aatrox', 'Ashe', 'Jhin', 'Pantheon', 'Taliyah')",2,0,2
"('Bard', 'Corki', 'Graves', 'Pantheon', 'Ryze')",0,2,2
"('Gwen', 'Jinx', 'Qiyana', 'Thresh', 'Zac')",0,2,2
"('Jinx', 'Nautilus', 'Olaf', 'Sylas', 'Taliyah')",2,0,2
"('Gnar', 'LeBlanc', 'Lee Sin', 'Rakan', 'Twitch')",2,0,2
"('Ashe', 'Corki', 'Gwen', 'Heimerdinger', 'Nautilus')",0,2,2
"('Ashe', 'Rakan', 'Rumble', 'Sett', 'Vi')",2,0,2
"('Aurelion Sol', 'Gragas', 'Jhin', 'Lee Sin', 'Poppy')",2,0,2
"('Ahri', ""Kai'Sa"", 'Nautilus', 'Vladimir', 'Xin Zhao')",0,2,2
"('Gnar', ""Kai'Sa"", 'Katarina', 'Rell', 'Taliyah')",2,0,2
"(""Kai'Sa"", 'Lillia', 'Nautilus', 'Quinn', 'Yone')",2,0,2
"('Ahri', 'Graves', 'Jinx', 'Leona', 'Vladimir')",2,0,2
"('Akali', 'Jax', 'Kindred', 'Nautilus', 'Zeri')",2,0,2
"('Heimerdinger', 'Hwei', 'Master Yi', 'Rakan', 'Zeri')",2,0,2
"('Elise', 'Nautilus', 'Varus', 'Vayne', ""Vel'Koz"")",0,2,2
"('Corki', 'Fiora', 'Jax', 'Nidalee', 'Rell')",0,2,2
"(""K'Sante"", 'LeBlanc', 'Nautilus', 'Shaco', 'Varus')",0,2,2
"('Akali', ""Kha'Zix"", 'Rakan', 'Rumble', 'Zeri')",2,0,2
"('Dr. Mundo', 'Jhin', 'Lillia', 'Rakan', 'Yone')",2,0,2
"('Ashe', 'Bard', 'Darius', 'Master Yi', 'Zoe')",2,0,2
"('Aatrox', 'Jinx', 'Karthus', 'Rell', 'Tristana')",2,0,2
"('Jinx', 'Mordekaiser', 'Rumble', 'Taric', 'Tristana')",2,0,2
"('Hwei', 'Lee Sin', ""Rek'Sai"", 'Syndra', 'Varus')",2,0,2
"('Corki', 'Lillia', 'Thresh', 'Vladimir', 'Zeri')",0,2,2
"('Lillia', 'Nautilus', 'Senna', 'Twisted Fate', 'Zed')",1,1,2
"('Blitzcrank', 'Corki', 'Lillia', 'Urgot', 'Zed')",2,0,2
"('Alistar', 'Lillia', 'Ornn', 'Varus', 'Zed')",0,2,2
"('Camille', 'Corki', 'Lee Sin', 'Rumble', 'Zed')",2,0,2
"('Jhin', 'Nautilus', 'Nidalee', 'Udyr', 'Viego')",0,2,2
"('Blitzcrank', 'Fiddlesticks', 'Jhin', 'Pantheon', 'Zed')",0,2,2
"('Kalista', 'Renata Glasc', 'Renekton', 'Taliyah', 'Zed')",0,2,2
"(""Kai'Sa"", 'Kindred', 'Olaf', 'Rell', 'Taliyah')",2,0,2
"('Corki', 'Lillia', 'Lulu', 'Mordekaiser', 'Zed')",2,0,2
"('Camille', 'Hwei', 'Lucian', 'Skarner', 'Zed')",0,2,2
"('Aatrox', 'Graves', 'Hwei', 'Jinx', 'Thresh')",2,0,2
"('Aurelion Sol', ""K'Sante"", 'Nautilus', 'Taliyah', 'Twisted Fate')",0,2,2
"(""Kai'Sa"", 'Nautilus', 'Riven', 'Taliyah', 'Zed')",2,0,2
"('Ashe', 'Kayn', 'Rumble', 'Seraphine', 'Zed')",2,0,2
"('Corki', 'Kled', 'Nidalee', 'Thresh', 'Tristana')",2,0,2
"('Lillia', 'Pyke', 'Rumble', 'Varus', 'Zed')",2,0,2
"('Cassiopeia', 'Lillia', 'Thresh', 'Varus', 'Zed')",0,2,2
"('Braum', 'Camille', 'Lillia', 'Lucian', 'Twisted Fate')",0,2,2
"('Galio', 'Graves', ""K'Sante"", 'Twisted Fate', 'Zyra')",0,2,2
"('Corki', 'Kindred', 'Pyke', 'Skarner', 'Zed')",2,0,2
"('Ashe', 'Lee Sin', 'Rumble', 'Taric', 'Zed')",2,0,2
"('Gragas', 'Kalista', 'LeBlanc', 'Pantheon', ""Rek'Sai"")",2,0,2
"('Leona', 'Nidalee', 'Vayne', 'Zed', 'Zeri')",2,0,2
"('Lillia', 'Rumble', 'Yone', 'Zed', 'Zeri')",0,2,2
"('Hwei', ""K'Sante"", ""Kai'Sa"", ""Rek'Sai"", 'Thresh')",2,0,2
"('Jinx', ""K'Sante"", 'Lissandra', 'Skarner', 'Xin Zhao')",2,0,2
"('Aphelios', 'Blitzcrank', 'Hwei', 'Sion', 'Viego')",2,0,2
"('Jax', ""Kai'Sa"", 'Skarner', 'Taliyah', 'Viego')",0,2,2
"('Ashe', 'Camille', 'Hwei', 'Seraphine', 'Vi')",2,0,2
"('Draven', 'Rell', 'Taliyah', 'Tristana', 'Udyr')",2,0,2
"('Graves', 'Jinx', ""K'Sante"", 'Nautilus', 'Orianna')",2,0,2
"('Jax', 'Jinx', 'Taliyah', 'Thresh', 'Zoe')",2,0,2
"(""Bel'Veth"", ""Kai'Sa"", 'Maokai', 'Renekton', 'Taliyah')",0,2,2
"('Jinx', 'Nautilus', 'Olaf', 'Taliyah', 'Twisted Fate')",0,2,2
"('Alistar', 'Brand', 'Gnar', 'Irelia', 'Jinx')",2,0,2
"('Kindred', 'Olaf', 'Rakan', 'Sivir', 'Zoe')",2,0,2
"('Aphelios', 'Jax', 'Kindred', 'Orianna', 'Rumble')",0,2,2
"('Ashe', 'Kindred', 'Poppy', 'Renekton', 'Rumble')",0,2,2
"('Jinx', ""K'Sante"", 'Taric', 'Twisted Fate', 'Viego')",2,0,2
"('Ashe', 'Jax', 'Lillia', 'Soraka', 'Twisted Fate')",2,0,2
"('Azir', 'Jax', 'Lee Sin', 'Rumble', 'Varus')",2,0,2
"('Braum', 'Graves', 'Jhin', 'Twisted Fate', 'Udyr')",2,0,2
"('Nunu & Willump', 'Renekton', 'Skarner', 'Syndra', 'Zeri')",2,0,2
"('Bard', 'Jhin', 'Nunu & Willump', 'Tristana', 'Urgot')",0,2,2
"('Ezreal', 'Nidalee', 'Renekton', 'Rumble', 'Tristana')",2,0,2
"('Aatrox', 'Ashe', 'Fiddlesticks', 'Thresh', 'Tristana')",0,2,2
"('Camille', 'Elise', 'Lucian', 'Milio', 'Twisted Fate')",2,0,2
"('Aphelios', 'Galio', ""K'Sante"", ""Kha'Zix"", 'Vex')",2,0,2
"('Corki', 'Elise', 'Jayce', ""Kai'Sa"", 'Rell')",0,2,2
"(""Bel'Veth"", 'Draven', 'Hwei', 'Nautilus', 'Twisted Fate')",2,0,2
"('Hwei', 'Jhin', 'Pantheon', 'Rumble', 'Viego')",0,2,2
"('Cassiopeia', ""Kog'Maw"", 'Lulu', 'Rengar', 'Twisted Fate')",2,0,2
"('Bard', 'Ekko', 'Ezreal', 'Renekton', 'Tristana')",0,2,2
"('Gragas', 'Jayce', 'Lee Sin', 'Nautilus', 'Varus')",2,0,2
"('Camille', 'Hwei', 'Jhin', 'Nidalee', 'Tristana')",2,0,2
"('Katarina', 'Renata Glasc', 'Talon', 'Varus', 'Yone')",0,2,2
"('Blitzcrank', 'Hwei', ""Kai'Sa"", 'Malphite', 'Nidalee')",2,0,2
"('Akali', 'Braum', 'Caitlyn', 'Darius', 'Kindred')",2,0,2
"('Lillia', 'Lucian', 'Milio', 'Viego', 'Yone')",0,2,2
"('Akshan', 'Jinx', 'Kled', 'Nidalee', 'Seraphine')",2,0,2
"('Jhin', 'Lee Sin', 'Rumble', 'Zed', 'Zyra')",2,0,2
"('Ezreal', 'Rakan', 'Ryze', 'Viego', 'Zyra')",2,0,2
"('Gwen', 'Hwei', 'Jax', 'Varus', 'Yasuo')",0,2,2
"('Lillia', 'Ornn', 'Senna', 'Tristana', 'Vayne')",2,0,2
"('Ashe', 'Graves', 'Kennen', 'LeBlanc', 'Thresh')",0,2,2
"('Pantheon', 'Rell', 'Skarner', 'Taliyah', 'Ziggs')",0,2,2
"('Corki', 'Irelia', 'Jinx', 'Nidalee', 'Thresh')",2,0,2
"('Jinx', 'Nautilus', 'Taliyah', 'Tristana', 'Viego')",2,0,2
"('Ekko', 'Miss Fortune', 'Rakan', 'Tryndamere', 'Yone')",2,0,2
"('Jayce', 'Jinx', 'Kennen', 'Kindred', 'Nautilus')",0,2,2
"('Brand', 'Jayce', 'Jinx', 'Kennen', 'Nautilus')",0,2,2
"('Galio', 'Jinx', 'Kindred', 'Skarner', 'Thresh')",2,0,2
"('Corki', 'Lillia', 'Nasus', 'Nautilus', 'Tristana')",2,0,2
"('Lucian', 'Nami', 'Nidalee', 'Skarner', 'Viego')",2,0,2
"('Corki', 'Draven', 'Gragas', 'Taliyah', 'Thresh')",2,0,2
"('Jinx', ""Kha'Zix"", 'LeBlanc', 'Smolder', 'Thresh')",2,0,2
"('Hwei', ""Rek'Sai"", 'Skarner', 'Yuumi', 'Zeri')",2,0,2
"('Brand', 'Braum', 'Jayce', ""Kai'Sa"", 'Zac')",2,0,2
"('Alistar', 'Darius', ""Kai'Sa"", 'Vex', 'Xin Zhao')",0,2,2
"('Jinx', 'Nautilus', 'Sylas', 'Viego', 'Yone')",0,2,2
"('Camille', 'Corki', 'Hecarim', 'Kennen', 'Viktor')",2,0,2
"('Gragas', 'Jhin', ""Kha'Zix"", 'Nautilus', 'Tristana')",0,2,2
"('Gragas', 'Nautilus', ""Rek'Sai"", 'Smolder', 'Viktor')",2,0,2
"('Camille', 'Hwei', 'Kalista', 'Lee Sin', 'Renata Glasc')",2,0,2
"('Blitzcrank', 'Cassiopeia', 'Samira', 'Twisted Fate', 'Viego')",0,2,2
"('Graves', 'Hwei', 'Jinx', 'Renekton', 'Thresh')",0,2,2
"('Ashe', 'Lillia', 'Renekton', 'Talon', 'Thresh')",2,0,2
"('Alistar', 'Hwei', 'Lucian', 'Malphite', 'Viego')",2,0,2
"('Illaoi', 'Lucian', 'Nami', 'Qiyana', 'Viego')",2,0,2
"('Draven', 'Nidalee', 'Shen', 'Vladimir', 'Zac')",0,2,2
"('Ahri', 'Graves', 'Jinx', 'Ryze', 'Thresh')",2,0,2
"('Gangplank', 'Karthus', 'Lucian', 'Nami', 'Yone')",0,2,2
"('Alistar', 'Aphelios', 'Aurelion Sol', ""K'Sante"", 'Lillia')",2,0,2
"('Caitlyn', ""Kha'Zix"", 'Senna', 'Vayne', ""Vel'Koz"")",0,2,2
"('Akali', 'Gragas', 'Kalista', 'Neeko', 'Viego')",0,2,2
"('Hwei', 'Jinx', 'Poppy', 'Shaco', 'Vladimir')",2,0,2
"('Elise', 'Galio', 'Jinx', 'Skarner', 'Xin Zhao')",2,0,2
"('Jinx', 'Leona', 'Rumble', 'Warwick', 'Zoe')",0,2,2
"('Cassiopeia', 'Ezreal', 'Jayce', 'Seraphine', 'Xin Zhao')",0,2,2
"('Brand', 'Jinx', 'Nautilus', 'Vayne', 'Yasuo')",2,0,2
"('Gragas', ""Kai'Sa"", 'Rell', 'Viego', 'Zoe')",2,0,2
"('Jayce', 'Jinx', 'Maokai', 'Nautilus', 'Xin Zhao')",0,2,2
"('Alistar', 'Corki', 'Irelia', ""Rek'Sai"", 'Rumble')",2,0,2
"('Aurelion Sol', 'Braum', 'Riven', 'Varus', 'Viego')",0,2,2
"('Alistar', 'Graves', 'Lucian', 'Rumble', 'Skarner')",2,0,2
"('Caitlyn', 'Hwei', 'Nautilus', 'Ryze', 'Vi')",0,2,2
"('Jax', 'Lillia', 'Lucian', 'Nami', 'Twisted Fate')",2,0,2
"('Aphelios', 'Gwen', 'Jayce', ""K'Sante"", 'Nautilus')",0,2,2
"('Akali', 'Darius', 'Lucian', 'Nautilus', 'Nidalee')",0,2,2
"('Jax', 'Jinx', 'Lulu', 'Neeko', 'Talon')",2,0,2
"('Blitzcrank', 'Galio', 'Hecarim', ""Rek'Sai"", 'Twitch')",2,0,2
"('Ashe', 'Camille', 'Galio', 'Hwei', 'Viego')",2,0,2
"('Ashe', 'Jhin', ""Rek'Sai"", 'Tryndamere', 'Xerath')",0,2,2
"('Lillia', 'Lissandra', 'Miss Fortune', 'Rell', 'Skarner')",2,0,2
"('Aphelios', 'Bard', 'Elise', 'Pantheon', 'Skarner')",2,0,2
"('Aphelios', 'Nunu & Willump', 'Renata Glasc', 'Renekton', 'Zoe')",0,2,2
"('Camille', 'Galio', ""Kai'Sa"", 'Lee Sin', 'Warwick')",2,0,2
"('Cassiopeia', 'Lee Sin', 'Taric', 'Varus', 'Warwick')",0,2,2
"('Graves', 'Jhin', 'Kennen', 'Neeko', 'Taric')",2,0,2
"('Ashe', 'Karma', ""Rek'Sai"", 'Sylas', 'Warwick')",2,0,2
"('Diana', 'Lee Sin', 'Nautilus', 'Samira', 'Warwick')",0,2,2
"('Annie', 'Braum', 'Caitlyn', 'Udyr', 'Viego')",2,0,2
"('Jax', 'Maokai', 'Renata Glasc', 'Syndra', 'Varus')",2,0,2
"('Rakan', ""Rek'Sai"", 'Rumble', 'Varus', 'Warwick')",2,0,2
"('Ashe', 'Twisted Fate', 'Varus', 'Viego', 'Yone')",2,0,2
"('Annie', 'Renekton', 'Skarner', 'Tristana', 'Vi')",2,0,2
"(""Kai'Sa"", 'Nautilus', 'Pyke', 'Riven', 'Taliyah')",2,0,2
"('Alistar', 'Corki', 'Lee Sin', 'Syndra', 'Warwick')",2,0,2
"('Cassiopeia', 'Hecarim', 'Hwei', ""Kai'Sa"", 'Leona')",2,0,2
"('Annie', 'Cassiopeia', 'Jinx', 'Lee Sin', 'Nautilus')",0,2,2
"('Fiora', ""Kai'Sa"", 'LeBlanc', 'Pyke', 'Sejuani')",2,0,2
"('Ashe', 'Braum', 'Graves', 'Jax', 'Katarina')",2,0,2
"('Ashe', 'Jax', 'Karthus', 'Swain', 'Tristana')",2,0,2
"('Jayce', 'Rell', 'Samira', 'Syndra', 'Viego')",2,0,2
"('Gragas', 'Master Yi', 'Neeko', 'Nilah', 'Xerath')",0,2,2
"('Corki', 'Jayce', 'Nautilus', 'Nidalee', 'Viego')",2,0,2
"('Akshan', ""Kai'Sa"", 'Karthus', 'Pyke', 'Sett')",2,0,2
"('Jinx', 'Lillia', 'Qiyana', 'Rell', 'Renekton')",2,0,2
"('Jinx', 'Pyke', 'Skarner', 'Sylas', 'Viego')",2,0,2
"('Aatrox', 'Jayce', ""Kai'Sa"", 'Leona', 'Nidalee')",2,0,2
"('Miss Fortune', 'Nautilus', 'Skarner', 'Viktor', 'Xin Zhao')",0,2,2
"('Irelia', 'Taliyah', 'Thresh', 'Tristana', 'Twisted Fate')",2,0,2
"('Alistar', 'Ashe', 'Graves', 'Orianna', 'Rumble')",0,2,2
"('Fiora', 'Hwei', 'Lee Sin', 'Lulu', 'Zeri')",2,0,2
"('Aatrox', 'Ashe', 'Brand', ""Kha'Zix"", 'Seraphine')",2,0,2
"('Gragas', 'Nautilus', 'Varus', ""Vel'Koz"", 'Viego')",0,2,2
"('Maokai', 'Nidalee', 'Senna', 'Yasuo', 'Zac')",0,2,2
"('Aphelios', 'Blitzcrank', 'Pantheon', 'Syndra', 'Urgot')",0,2,2
"('Ashe', 'Hwei', ""Kha'Zix"", 'Lulu', 'Skarner')",0,2,2
"('Brand', 'Corki', 'Jayce', 'Nautilus', 'Ornn')",0,2,2
"('Aphelios', 'Fiora', 'Katarina', 'Nidalee', 'Thresh')",0,2,2
"('Corki', 'Lucian', 'Renekton', 'Taliyah', 'Taric')",0,2,2
"('Jinx', 'Nautilus', 'Renekton', 'Taliyah', 'Tristana')",1,1,2
"('Braum', 'Caitlyn', 'Kennen', 'Taliyah', 'Tristana')",2,0,2
"('Cassiopeia', 'Hwei', 'Jinx', 'Soraka', 'Vi')",2,0,2
"('Nasus', 'Nunu & Willump', 'Tristana', 'Varus', 'Xerath')",2,0,2
"('Nautilus', 'Pantheon', 'Rumble', 'Twisted Fate', 'Zeri')",2,0,2
"('Brand', 'Jinx', 'Lee Sin', 'Thresh', 'Tryndamere')",0,2,2
"('Jinx', 'LeBlanc', 'Nautilus', 'Rumble', 'Viego')",2,0,2
"('Fiddlesticks', 'Jax', 'Jayce', ""Kai'Sa"", 'Rell')",2,0,2
"('Lucian', 'Malphite', 'Rell', 'Vi', 'Yone')",0,2,2
"('Hwei', 'Jinx', 'Kindred', 'Shen', 'Thresh')",2,0,2
"('Alistar', 'Rengar', 'Skarner', 'Taliyah', 'Varus')",2,0,2
"('Akshan', 'Braum', ""K'Sante"", 'Nidalee', 'Zeri')",2,0,2
"('Bard', ""Kai'Sa"", 'Rumble', 'Taliyah', 'Vi')",2,0,2
"('Graves', 'Gwen', ""Kai'Sa"", 'Rell', 'Sylas')",2,0,2
"('Corki', 'Jhin', 'Rakan', ""Rek'Sai"", 'Taliyah')",2,0,2
"('Jayce', 'Leona', 'Nidalee', 'Tryndamere', 'Varus')",2,0,2
"('Graves', 'Leona', 'Seraphine', ""Vel'Koz"", 'Volibear')",2,0,2
"('Nidalee', 'Rumble', 'Tristana', 'Varus', 'Viego')",0,2,2
"('Ashe', 'Blitzcrank', 'Darius', 'Taliyah', 'Tristana')",2,0,2
"('Camille', 'Hwei', 'Pyke', 'Tristana', 'Viego')",2,0,2
"('Akali', 'Graves', ""Kai'Sa"", 'Karma', 'Skarner')",0,2,2
"('Hwei', 'Renekton', 'Taliyah', 'Zed', 'Ziggs')",0,2,2
"('Gwen', 'Lulu', 'Taliyah', 'Viego', 'Zeri')",2,0,2
"(""Kai'Sa"", 'Maokai', 'Skarner', 'Taliyah', 'Vi')",0,2,2
"('Akali', 'Gangplank', 'Janna', ""Kai'Sa"", ""Rek'Sai"")",2,0,2
"('Jax', 'Kalista', 'Qiyana', 'Rell', 'Taliyah')",2,0,2
"('Aphelios', 'Hwei', 'Lee Sin', 'Rakan', 'Rumble')",0,2,2
"('Bard', 'Draven', 'Olaf', ""Rek'Sai"", 'Taliyah')",2,0,2
"('Ashe', 'Corki', 'Gragas', 'Lillia', 'Taric')",2,0,2
"('Ashe', 'Darius', 'Kindred', 'Rell', 'Zoe')",2,0,2
"('Corki', 'Draven', 'Jayce', 'Lillia', 'Nautilus')",2,0,2
"('Braum', 'Camille', 'Hwei', 'Kindred', 'Varus')",2,0,2
"('Corki', ""Kai'Sa"", 'Lillia', 'Skarner', 'Sona')",0,2,2
"('Gangplank', 'Hwei', 'Jinx', 'Rell', 'Viego')",0,2,2
"('Blitzcrank', ""Kai'Sa"", 'Kindred', 'LeBlanc', 'Twisted Fate')",2,0,2
"('Ashe', 'Corki', 'Jayce', 'Nautilus', 'Taliyah')",2,0,2
"('Ahri', 'Jinx', 'Leona', ""Rek'Sai"", 'Xin Zhao')",2,0,2
"('Ahri', 'Gnar', ""Kai'Sa"", 'Nautilus', 'Shaco')",2,0,2
"('Aatrox', 'Ashe', 'Graves', 'Orianna', 'Rumble')",2,0,2
"('Ashe', 'Aurelion Sol', 'Kled', 'Rell', 'Talon')",0,2,2
"('Ashe', 'Katarina', 'Maokai', 'Tryndamere', 'Zyra')",2,0,2
"('Camille', 'Corki', ""Kai'Sa"", 'Nautilus', 'Rumble')",2,0,2
"('Caitlyn', 'Galio', 'Lillia', 'Poppy', 'Rell')",2,0,2
"('Camille', 'Lillia', 'Malzahar', 'Renekton', 'Varus')",2,0,2
"('Irelia', 'Lee Sin', 'Orianna', 'Seraphine', 'Varus')",0,2,2
"('Ashe', 'Camille', 'Kennen', 'Nidalee', 'Viego')",2,0,2
"('Ashe', 'Jax', 'Jayce', 'Rumble', 'Varus')",2,0,2
"('Gnar', ""Kai'Sa"", 'Nautilus', 'Qiyana', 'Taliyah')",2,0,2
"('Fiddlesticks', 'Rakan', 'Skarner', 'Xayah', 'Zac')",0,2,2
"('Graves', ""Kai'Sa"", 'Orianna', 'Rell', 'Skarner')",2,0,2
"('Fiddlesticks', 'Gragas', 'Nautilus', 'Varus', 'Yone')",0,2,2
"('Kindred', 'Nautilus', 'Orianna', 'Skarner', 'Smolder')",2,0,2
"('Ashe', 'Lee Sin', 'Ornn', 'Thresh', 'Vex')",0,2,2
"(""K'Sante"", 'Nautilus', 'Pantheon', 'Taliyah', 'Varus')",2,0,2
"('Aphelios', 'Gragas', 'Lulu', 'Neeko', 'Pantheon')",0,2,2
"('Alistar', 'Ezreal', 'Jinx', 'Kled', 'Taliyah')",2,0,2
"('Corki', 'Jayce', ""Kai'Sa"", 'Taliyah', 'Thresh')",2,0,2
"('Darius', 'Gragas', 'Hecarim', 'Hwei', 'Jhin')",2,0,2
"('Camille', 'Draven', 'Hwei', 'Renata Glasc', 'Vi')",2,0,2
"('Ashe', 'Diana', 'Nasus', 'Qiyana', 'Taric')",0,2,2
"('Irelia', 'Nautilus', 'Twisted Fate', 'Xin Zhao', 'Zeri')",2,0,2
"('Ashe', 'LeBlanc', 'Mordekaiser', 'Rakan', 'Viego')",0,2,2
"('Akshan', 'Aphelios', 'Karthus', 'Lee Sin', 'Pyke')",0,2,2
"('Ahri', 'Camille', 'Ezreal', ""K'Sante"", 'Viego')",0,2,2
"('Aatrox', 'Lucian', 'Milio', 'Taliyah', 'Viego')",2,0,2
"('Fiora', 'Gragas', 'Jhin', 'Rell', 'Tristana')",0,2,2
"('Akali', 'Fiora', 'Nautilus', 'Varus', 'Viego')",0,2,2
"('Camille', 'Rumble', 'Taliyah', 'Tristana', 'Varus')",0,2,2
"('Seraphine', 'Taliyah', 'Tryndamere', 'Zac', 'Zeri')",0,2,2
"('Bard', 'Hwei', 'Jhin', ""Rek'Sai"", 'Twisted Fate')",2,0,2
"('Jax', ""Kai'Sa"", 'Leona', 'Taliyah', 'Tristana')",2,0,2
"('Caitlyn', 'Lee Sin', 'Skarner', 'Viego', 'Zoe')",0,2,2
"('Corki', 'Leona', 'Mordekaiser', 'Viego', 'Zoe')",2,0,2
"('Braum', 'Graves', 'Lucian', 'Malphite', 'Neeko')",2,0,2
"('Kalista', 'Senna', 'Taliyah', 'Tryndamere', 'Twisted Fate')",2,0,2
"(""Bel'Veth"", 'Ezreal', 'Garen', 'Seraphine', 'Zoe')",0,2,2
"('Lillia', 'Mordekaiser', 'Nautilus', 'Nilah', 'Tristana')",2,0,2
"('Jhin', ""K'Sante"", 'Lillia', 'Zed', 'Zilean')",2,0,2
"('Jax', 'Jhin', 'Nautilus', 'Poppy', 'Taliyah')",2,0,2
"('Aphelios', 'Cassiopeia', 'Nautilus', 'Taliyah', 'Tristana')",2,0,2
"('Jinx', 'Nidalee', 'Rell', 'Renekton', 'Yasuo')",2,0,2
"('Ashe', 'Braum', 'Lee Sin', 'Sett', 'Twisted Fate')",2,0,2
"('Camille', ""Kai'Sa"", 'Lee Sin', 'Neeko', 'Sejuani')",2,0,2
"('Hwei', 'Jax', 'Kalista', ""Rek'Sai"", 'Renata Glasc')",2,0,2
"('Gragas', 'Jhin', 'Katarina', ""Kha'Zix"", 'Seraphine')",0,2,2
"('Alistar', ""Kai'Sa"", 'Renekton', 'Taliyah', 'Viego')",2,0,2
"('Darius', 'Lissandra', 'Seraphine', 'Varus', 'Xin Zhao')",0,2,2
"('Jayce', 'Jinx', ""K'Sante"", 'Nidalee', 'Rell')",2,0,2
"('Aatrox', 'Lillia', 'Lucian', 'Poppy', 'Tristana')",0,2,2
"('Aurelion Sol', 'Jax', 'Jinx', 'Nautilus', 'Viego')",2,0,2
"('Nautilus', 'Taliyah', 'Vayne', 'Yasuo', 'Zeri')",2,0,2
"('Ashe', 'Irelia', 'Nautilus', 'Nidalee', 'Renekton')",2,0,2
"('Lee Sin', 'Nautilus', 'Riven', 'Senna', 'Taliyah')",2,0,2
"('Hwei', 'Jinx', ""K'Sante"", 'Thresh', 'Vi')",2,0,2
"('Lucian', 'Nami', 'Syndra', 'Twisted Fate', 'Vi')",0,2,2
"('Blitzcrank', 'Camille', ""Kai'Sa"", 'Lillia', 'Tristana')",2,0,2
"('Camille', 'Hwei', 'Irelia', 'Skarner', 'Zeri')",2,0,2
"('Aphelios', 'Nidalee', 'Renekton', 'Thresh', 'Tristana')",0,2,2
"('Ezreal', 'Lee Sin', 'Rakan', 'Skarner', 'Zoe')",2,0,2
"('Ashe', 'Darius', 'Hwei', 'LeBlanc', 'Lee Sin')",2,0,2
"('Corki', 'Fiddlesticks', 'Kennen', 'Rakan', 'Tristana')",2,0,2
"('Akshan', 'Brand', 'Darius', 'Draven', 'Pyke')",2,0,2
"('Ahri', 'Graves', 'Hwei', ""Kai'Sa"", 'Rumble')",2,0,2
"('Ashe', 'Gwen', ""Rek'Sai"", 'Rell', 'Yasuo')",2,0,2
"('Azir', 'Draven', 'Graves', 'Nautilus', 'Skarner')",2,0,2
"('Ashe', 'Braum', 'Hwei', 'Lee Sin', 'Zac')",2,0,2
"('Akshan', 'Heimerdinger', 'Nasus', 'Nunu & Willump', 'Varus')",0,2,2
"('Ashe', 'Ekko', 'Irelia', 'Maokai', 'Pantheon')",2,0,2
"('Corki', 'Fiddlesticks', 'Kindred', 'LeBlanc', 'Varus')",2,0,2
"('Jhin', 'Kennen', 'Lillia', 'Senna', 'Tristana')",2,0,2
"('Darius', 'Hwei', 'Neeko', 'Talon', 'Varus')",2,0,2
"('Azir', 'Darius', 'Jarvan IV', 'Seraphine', 'Zeri')",0,2,2
"('Aphelios', 'Darius', 'Master Yi', 'Orianna', 'Thresh')",0,2,2
"('Darius', 'LeBlanc', 'Neeko', 'Nidalee', 'Varus')",2,0,2
"('Alistar', 'Brand', 'Darius', 'Jayce', ""Kai'Sa"")",0,2,2
"('Darius', 'Ezreal', 'Karma', 'Taliyah', 'Tristana')",2,0,2
"('Darius', ""Kai'Sa"", 'Nautilus', 'Nidalee', 'Yone')",0,2,2
"('Aphelios', 'Bard', ""Bel'Veth"", 'Camille', 'Twisted Fate')",0,2,2
"('Ashe', 'Braum', 'Renekton', 'Taliyah', 'Viego')",0,2,2
"('Akali', 'Camille', 'Graves', 'Skarner', 'Varus')",2,0,2
"('Darius', 'Ezreal', ""K'Sante"", 'Nautilus', 'Nidalee')",0,2,2
"('Braum', 'Graves', 'LeBlanc', 'Ornn', 'Zeri')",2,0,2
"('Darius', 'Jayce', 'Jinx', 'Taliyah', 'Thresh')",2,0,2
"('Aatrox', 'Lee Sin', 'Rakan', 'Zeri', 'Zoe')",0,2,2
"('Annie', 'Ashe', ""Bel'Veth"", 'Darius', 'Nautilus')",0,2,2
"('Akali', 'Akshan', 'Corki', 'Rell', 'Viego')",2,0,2
"('Ekko', 'Katarina', 'Rakan', 'Skarner', 'Zeri')",2,0,2
"('Ashe', 'Leona', 'Poppy', 'Sejuani', 'Viego')",2,0,2
"('Camille', 'Graves', 'Rumble', 'Twisted Fate', 'Varus')",0,2,2
"('Darius', 'Hwei', ""Kai'Sa"", 'Nautilus', 'Viego')",2,0,2
"('Corki', 'Jax', 'Taliyah', 'Thresh', 'Varus')",2,0,2
"('Graves', 'Hwei', ""Kog'Maw"", 'Nautilus', 'Twisted Fate')",0,2,2
"('Jayce', 'Lillia', 'Poppy', 'Rakan', 'Ziggs')",0,2,2
"('Camille', 'Galio', 'Graves', ""Kai'Sa"", 'Rell')",2,0,2
"(""Kai'Sa"", 'Poppy', 'Rell', 'Taliyah', 'Yasuo')",0,2,2
"('Camille', 'Rell', 'Samira', 'Twisted Fate', 'Viego')",0,2,2
"('Hecarim', 'Hwei', ""Kai'Sa"", 'Kennen', 'Leona')",2,0,2
"('Ekko', 'Jarvan IV', 'Lucian', 'Skarner', 'Thresh')",0,2,2
"('Corki', ""K'Sante"", 'LeBlanc', 'Leona', 'Nidalee')",2,0,2
"('Corki', 'Gnar', 'Lillia', 'Rakan', 'Zeri')",0,2,2
"('Ashe', 'Braum', 'Nidalee', 'Sejuani', 'Yone')",0,2,2
"('Jhin', 'Nunu & Willump', 'Poppy', 'Seraphine', 'Warwick')",0,2,2
"('Aphelios', 'Lissandra', 'Pantheon', 'Pyke', 'Viego')",2,0,2
"('Jayce', ""Kai'Sa"", 'Nautilus', 'Taliyah', 'Yasuo')",2,0,2
"('Ashe', 'Lillia', 'Rell', 'Skarner', 'Yasuo')",0,2,2
"(""Bel'Veth"", 'Katarina', 'Leona', 'Vayne', 'Zeri')",0,2,2
"('Alistar', 'Jinx', 'Nidalee', 'Renekton', 'Twisted Fate')",2,0,2
"('Corki', 'Gragas', 'Jax', 'Nautilus', 'Twisted Fate')",2,0,2
"('Darius', 'Draven', ""Kha'Zix"", 'LeBlanc', 'Rell')",0,2,2
"('Aatrox', 'Jinx', 'Master Yi', 'Nautilus', 'Sylas')",2,0,2
"('Lillia', 'Skarner', 'Taric', 'Varus', 'Yasuo')",2,0,2
"('Blitzcrank', 'Corki', 'Jax', 'Lucian', 'Warwick')",2,0,2
"(""Kai'Sa"", 'Katarina', 'Kindred', 'Poppy', 'Skarner')",2,0,2
"('Cassiopeia', ""K'Sante"", ""Kai'Sa"", 'Nidalee', 'Poppy')",2,0,2
"('Draven', 'Nautilus', 'Nunu & Willump', 'Syndra', 'Twisted Fate')",2,0,2
"('Corki', 'Jax', 'Nautilus', 'Pantheon', 'Taliyah')",0,2,2
"('Braum', 'Corki', 'Gwen', 'Nilah', ""Rek'Sai"")",2,0,2
"('Alistar', 'Diana', 'Jax', 'Jhin', 'Lee Sin')",2,0,2
"('Aatrox', 'Brand', 'Karma', 'Neeko', 'Varus')",0,2,2
"('Akali', ""Kog'Maw"", 'LeBlanc', 'Skarner', 'Tahm Kench')",0,2,2
"('Gragas', ""Kai'Sa"", ""Kha'Zix"", 'Pyke', 'Taliyah')",0,2,2
"('Akali', 'Brand', 'Jhin', 'Skarner', 'Tryndamere')",0,2,2
"('Elise', 'Ezreal', 'Gangplank', 'Leona', 'Tristana')",0,2,2
"('Brand', 'Gnar', 'Irelia', 'Senna', 'Tahm Kench')",2,0,2
"('Hwei', 'Jax', 'Jayce', 'Jhin', 'Maokai')",0,2,2
"('Elise', 'Jax', ""Kai'Sa"", 'Pyke', 'Zed')",1,1,2
"('Brand', 'Kalista', 'Rumble', 'Taric', 'Tristana')",2,0,2
"('Blitzcrank', 'Elise', 'Lucian', 'Pantheon', 'Skarner')",2,0,2
"('Brand', 'Camille', 'Corki', 'Kalista', 'Rumble')",2,0,2
"('Ahri', 'Brand', 'Nautilus', 'Nocturne', 'Samira')",2,0,2
"('Draven', 'Fiora', 'Jayce', 'Taliyah', 'Taric')",0,2,2
"('Diana', 'Illaoi', 'Jinx', 'Neeko', 'Vi')",2,0,2
"(""Kai'Sa"", 'Lillia', 'Rell', 'Tryndamere', 'Yasuo')",0,2,2
"('Aphelios', 'Diana', ""K'Sante"", 'Nidalee', 'Rell')",0,2,2
"('Gnar', ""Kai'Sa"", 'Rakan', 'Syndra', 'Viego')",0,2,2
"('Corki', 'Lillia', 'Nautilus', 'Senna', 'Trundle')",2,0,2
"('Ahri', ""Kai'Sa"", 'Rell', 'Sett', 'Xin Zhao')",0,2,2
"('Diana', 'Graves', 'Jax', 'Milio', 'Smolder')",2,0,2
"('Bard', 'Cassiopeia', 'Ezreal', 'Taliyah', 'Zed')",2,0,2
"('Aphelios', 'Camille', 'Diana', 'Kindred', 'Lulu')",2,0,2
"('Diana', 'Jinx', ""K'Sante"", 'Rell', 'Rumble')",0,2,2
"('Fiddlesticks', 'Jax', 'Rakan', 'Udyr', 'Xayah')",0,2,2
"('Fiora', 'Qiyana', 'Rakan', 'Taliyah', 'Twitch')",2,0,2
"('Diana', ""Kai'Sa"", 'Poppy', 'Renekton', 'Taliyah')",2,0,2
"('Hecarim', 'Jayce', 'LeBlanc', 'Rell', 'Varus')",2,0,2
"('Aphelios', 'Braum', 'Nidalee', 'Skarner', 'Yone')",2,0,2
"('Akshan', 'Brand', 'Draven', 'Fiora', 'Pyke')",0,2,2
"('Ashe', 'Braum', 'Cassiopeia', 'Katarina', 'Udyr')",2,0,2
"('Lulu', 'Skarner', 'Twisted Fate', 'Xin Zhao', 'Zeri')",0,2,2
"('Darius', 'Hwei', 'Jhin', ""Kha'Zix"", 'Nautilus')",0,2,2
"('Nautilus', 'Rumble', 'Skarner', 'Twisted Fate', 'Varus')",0,2,2
"('Jax', 'Jinx', 'Lee Sin', 'Thresh', 'Twisted Fate')",2,0,2
"('Aatrox', 'Ashe', 'Jhin', 'Twisted Fate', 'Viego')",0,2,2
"('Hecarim', 'Jhin', 'Rumble', 'Senna', 'Twisted Fate')",2,0,2
"('Jhin', 'Orianna', 'Pyke', 'Skarner', 'Viego')",0,2,2
"('Braum', 'Fiora', 'Smolder', 'Twisted Fate', 'Viego')",2,0,2
"('Alistar', 'Aphelios', 'Galio', 'Illaoi', 'Lillia')",0,2,2
"('Akshan', 'Braum', 'Jax', 'Jinx', 'Nidalee')",2,0,2
"('Gwen', 'Jhin', 'Nidalee', 'Pyke', 'Yasuo')",2,0,2
"('Annie', 'Braum', 'Briar', 'Skarner', 'Tristana')",2,0,2
"('Corki', 'Irelia', 'Kindred', 'Nami', 'Twisted Fate')",2,0,2
"('Jinx', 'Master Yi', 'Nidalee', 'Thresh', 'Warwick')",2,0,2
"('Jax', ""Kai'Sa"", 'Poppy', 'Twisted Fate', 'Vi')",2,0,2
"('Alistar', 'Irelia', 'Nidalee', 'Nilah', 'Warwick')",0,2,2
"('Akali', 'Amumu', 'Cassiopeia', 'Fiora', 'Leona')",0,2,2
"('Aphelios', 'Gragas', ""K'Sante"", 'Thresh', 'Yasuo')",2,0,2
"('Alistar', 'Ekko', 'Jayce', 'Jinx', 'Yasuo')",0,2,2
"('Fiora', 'Hecarim', 'Morgana', 'Pyke', 'Varus')",2,0,2
"('Ashe', 'Blitzcrank', 'Hwei', 'Twisted Fate', 'Viego')",0,2,2
"('Ahri', 'Caitlyn', 'Skarner', 'Vi', 'Xerath')",2,0,2
"('Aatrox', 'Jhin', 'Swain', 'Viego', 'Zoe')",0,2,2
"('Camille', 'Graves', ""Kai'Sa"", 'Pyke', 'Twisted Fate')",2,0,2
"('Ezreal', 'Kled', 'Lillia', 'Pyke', 'Yone')",2,0,2
"('Aphelios', 'Graves', 'Gwen', 'Karma', 'Lissandra')",2,0,2
"('Graves', ""Kai'Sa"", 'Katarina', 'Nautilus', 'Skarner')",0,2,2
"('Akshan', 'Corki', 'Nautilus', 'Nidalee', 'Pantheon')",2,0,2
"('Akali', 'Alistar', ""Kai'Sa"", 'Taliyah', 'Viego')",0,2,2
"('Aphelios', 'Brand', 'Kennen', 'Thresh', 'Yone')",2,0,2
"('Hwei', ""Kai'Sa"", 'Kindred', 'Pyke', 'Warwick')",2,0,2
"('Brand', 'Rakan', 'Warwick', 'Xayah', 'Yone')",2,0,2
"('Alistar', 'Caitlyn', 'Nidalee', 'Pantheon', 'Twisted Fate')",0,2,2
"('Azir', 'Caitlyn', 'Hecarim', 'Kennen', 'Rumble')",2,0,2
"('Draven', 'Lee Sin', 'Rakan', 'Rumble', 'Sylas')",2,0,2
"(""Kai'Sa"", 'Karthus', 'Poppy', 'Pyke', 'Zoe')",2,0,2
"('Aatrox', 'Graves', 'Orianna', 'Rell', 'Zeri')",0,2,2
"('Kalista', 'Karthus', 'Renata Glasc', 'Warwick', 'Yone')",0,2,2
"('Akali', 'Graves', 'Jinx', 'Nautilus', 'Skarner')",2,0,2
"('Camille', 'Graves', 'Miss Fortune', 'Pyke', 'Syndra')",2,0,2
"('Jax', 'Nautilus', ""Rek'Sai"", 'Twisted Fate', 'Varus')",2,0,2
"('Ashe', 'Gwen', 'Janna', 'Shaco', 'Twisted Fate')",0,2,2
"('Gwen', 'Lee Sin', 'Pyke', 'Twisted Fate', 'Varus')",2,0,2
"('Ashe', 'Lee Sin', 'Rumble', 'Yasuo', 'Zac')",2,0,2
"('Jinx', 'Kennen', 'Rakan', 'Taliyah', 'Viego')",0,2,2
"('Akshan', 'Fiddlesticks', 'Lucian', 'Pantheon', 'Skarner')",2,0,2
"('Corki', 'Rell', 'Renekton', 'Twisted Fate', 'Viego')",2,0,2
"('Dr. Mundo', 'Jhin', 'Pyke', ""Rek'Sai"", 'Rumble')",2,0,2
"('Senna', 'Tryndamere', 'Twisted Fate', 'Viego', 'Vladimir')",0,2,2
"('Karma', 'Lee Sin', 'Malphite', 'Varus', 'Zoe')",2,0,2
"('Aurelion Sol', 'Fiora', 'Jinx', 'Pyke', 'Xin Zhao')",0,2,2
"('Jax', 'Jhin', 'Lux', 'Neeko', 'Viego')",2,0,2
"('Elise', 'Renata Glasc', 'Rumble', 'Samira', 'Zed')",2,0,2
"('Camille', 'Diana', ""Rek'Sai"", 'Vayne', 'Zeri')",0,2,2
"('Diana', 'Hecarim', 'Jinx', 'Riven', 'Seraphine')",0,2,2
"('Graves', 'Rakan', 'Sylas', 'Viktor', 'Xayah')",2,0,2
"('Gragas', ""Kai'Sa"", 'Taric', 'Viego', 'Xerath')",0,2,2
"('Gragas', 'Kindred', 'Rakan', 'Twisted Fate', 'Zeri')",0,2,2
"('Jhin', ""K'Sante"", 'Pantheon', 'Sejuani', 'Taric')",0,2,2
"('Camille', ""Kai'Sa"", 'Nidalee', 'Pantheon', 'Taric')",2,0,2
"('Annie', ""Kai'Sa"", 'Lee Sin', 'Nautilus', 'Twisted Fate')",2,0,2
"('Ashe', 'Maokai', 'Taliyah', 'Tristana', 'Zeri')",0,2,2
"('Ashe', 'Blitzcrank', 'Rumble', 'Tristana', 'Viego')",2,0,2
"('Ashe', 'Blitzcrank', ""K'Sante"", 'Nidalee', 'Orianna')",0,2,2
"('Nautilus', 'Poppy', 'Viego', 'Viktor', 'Zeri')",2,0,2
"('Ashe', 'Diana', 'Nunu & Willump', 'Rakan', 'Tristana')",0,2,2
"('Gragas', 'Nilah', 'Rell', 'Twisted Fate', 'Viego')",0,2,2
"('Nilah', 'Pantheon', 'Taliyah', 'Tristana', 'Twisted Fate')",2,0,2
"('Diana', 'Graves', ""Kai'Sa"", 'Pyke', 'Twisted Fate')",2,0,2
"('Diana', 'Rell', 'Samira', 'Twisted Fate', 'Viego')",0,2,2
"('Ashe', 'Jayce', 'Pantheon', 'Rell', 'Taliyah')",2,0,2
"('Braum', 'Corki', 'Nidalee', 'Pantheon', 'Renekton')",0,2,2
"('Alistar', 'Ashe', 'Katarina', 'Nidalee', 'Qiyana')",0,2,2
"('Jinx', 'Kennen', 'Nautilus', 'Taliyah', 'Tristana')",2,0,2
"('Diana', 'Gragas', ""Kai'Sa"", 'Lee Sin', 'Skarner')",2,0,2
"('Akali', 'Blitzcrank', 'Corki', 'Kennen', ""Rek'Sai"")",2,0,2
"('Camille', 'Hwei', 'Pyke', 'Vi', 'Zeri')",2,0,2
"('Aphelios', 'Katarina', 'Rumble', 'Thresh', 'Xin Zhao')",0,2,2
"('Akshan', 'Kalista', 'Lee Sin', 'Pyke', 'Rumble')",2,0,2
"('Miss Fortune', 'Orianna', 'Quinn', 'Rell', 'Viego')",2,0,2
"('Gragas', 'Nautilus', 'Nidalee', 'Varus', 'Viego')",2,0,2
"('Corki', 'Irelia', 'Nautilus', 'Nidalee', 'Rumble')",0,2,2
"('Ezreal', 'Leona', 'Skarner', 'Taliyah', 'Tristana')",2,0,2
"(""K'Sante"", 'Lillia', 'Skarner', 'Twitch', 'Zed')",0,2,2
"('Alistar', 'Fiora', 'Lillia', 'Samira', 'Syndra')",0,2,2
"('Ezreal', 'Nidalee', 'Rakan', 'Twisted Fate', 'Urgot')",2,0,2
"('Anivia', 'Jinx', 'Lillia', 'Renekton', 'Sona')",2,0,2
"('Aatrox', ""Kai'Sa"", 'Kindred', 'Taric', 'Tristana')",0,2,2
"('Camille', 'Katarina', 'Leona', 'Varus', 'Viego')",0,2,2
"('Galio', 'Jayce', ""Kai'Sa"", 'Nautilus', 'Sylas')",2,0,2
"('Brand', 'Gnar', 'Lulu', 'Yone', 'Zeri')",0,2,2
"('Akshan', 'Lee Sin', 'Rumble', 'Samira', 'Zac')",2,0,2
"('Corki', ""Kai'Sa"", 'Leona', 'Lillia', 'Rumble')",0,2,2
"(""Kai'Sa"", 'Master Yi', 'Rell', 'Rumble', 'Yone')",2,0,2
"('Akshan', 'Illaoi', ""Kai'Sa"", 'Nautilus', 'Nidalee')",0,2,2
"('Alistar', 'Jhin', 'Kindred', 'Pantheon', 'Skarner')",2,0,2
"('Gnar', 'Kalista', 'Lillia', 'Taric', 'Yone')",2,0,2
"('Aatrox', 'Lee Sin', 'Rell', 'Twisted Fate', 'Zeri')",0,2,2
"('Alistar', 'Riven', 'Taliyah', 'Tristana', 'Viego')",2,0,2
"('Hwei', ""Kai'Sa"", 'Poppy', ""Rek'Sai"", 'Rumble')",0,2,2
"('Jax', ""Kai'Sa"", 'Rakan', 'Shaco', 'Vex')",0,2,2
"('Karthus', 'Seraphine', 'Viego', 'Zac', 'Zeri')",2,0,2
"('Katarina', 'Kindred', 'Lucian', 'Lux', 'Skarner')",0,2,2
"('Ashe', 'Hecarim', 'Irelia', 'Jax', 'Nautilus')",0,2,2
"('Heimerdinger', 'Lucian', 'Lulu', 'Pantheon', 'Taliyah')",2,0,2
"('Caitlyn', 'Ekko', 'Fiddlesticks', 'Pantheon', 'Sona')",2,0,2
"('Corki', 'Fiddlesticks', 'Urgot', 'Viego', 'Zoe')",2,0,2
"('Kindred', 'Leona', 'Lucian', 'Ryze', 'Skarner')",0,2,2
"('Akali', 'Ezreal', 'Irelia', 'Nidalee', 'Rell')",0,2,2
"('Bard', 'Caitlyn', 'Camille', 'Diana', 'Lee Sin')",2,0,2
"('Diana', 'Graves', 'Jax', 'Sona', 'Varus')",0,2,2
"('Hwei', 'Kennen', 'Lee Sin', 'Thresh', 'Xayah')",2,0,2
"('Braum', 'Hwei', 'Jinx', 'Poppy', 'Talon')",2,0,2
"('Aphelios', 'Lee Sin', 'Renekton', 'Seraphine', 'Taliyah')",2,0,2
"('Dr. Mundo', 'Galio', 'Janna', 'Jinx', 'Viego')",0,2,2
"('Ashe', ""Bel'Veth"", 'Cassiopeia', 'Nocturne', 'Senna')",2,0,2
"('Ashe', 'Cassiopeia', 'Ekko', 'Rumble', 'Viego')",2,0,2
"('Cassiopeia', 'Graves', 'Nocturne', 'Qiyana', 'Rell')",2,0,2
"('Annie', 'Braum', 'Skarner', 'Viego', 'Zeri')",2,0,2
"('Ahri', 'Jinx', 'Karthus', 'Nocturne', 'Pyke')",2,0,2
"('Ahri', ""Kai'Sa"", 'Karma', 'Lee Sin', 'Rumble')",0,2,2
"('Jinx', 'Nocturne', 'Qiyana', 'Taliyah', 'Taric')",2,0,2
"('Azir', 'Jhin', 'Nautilus', 'Nocturne', 'Taliyah')",2,0,2
"(""K'Sante"", ""Kai'Sa"", 'Nautilus', 'Viego', 'Xerath')",0,2,2
"('Bard', 'Caitlyn', 'Corki', 'Nocturne', 'Viego')",0,2,2
"(""Kai'Sa"", 'LeBlanc', 'Nocturne', 'Pyke', 'Viego')",0,2,2
"('Aurelion Sol', ""Kai'Sa"", 'Lee Sin', 'Nautilus', 'Nocturne')",0,2,2
"('Gragas', 'Jinx', 'Lee Sin', 'Lulu', 'Skarner')",2,0,2
"('Lucian', 'Nami', 'Neeko', 'Nocturne', 'Viego')",2,0,2
"('Diana', 'Jayce', 'Nocturne', 'Varus', 'Zyra')",0,2,2
"('Blitzcrank', 'Corki', 'Lillia', 'Tryndamere', ""Vel'Koz"")",0,2,2
"('Fiddlesticks', 'Irelia', ""Kai'Sa"", 'Nautilus', 'Nocturne')",2,0,2
"('Alistar', ""Bel'Veth"", 'Jhin', 'LeBlanc', 'Rumble')",2,0,2
"('Ashe', 'Elise', 'Ezreal', ""K'Sante"", 'Qiyana')",2,0,2
"('Cassiopeia', 'Ivern', 'Nautilus', 'Tristana', 'Zeri')",0,2,2
"('Draven', 'Hecarim', 'Katarina', 'Seraphine', 'Skarner')",0,2,2
"('Diana', 'Irelia', 'Jinx', 'Renekton', 'Thresh')",0,2,2
"('Akali', 'Akshan', 'Kayn', 'Swain', 'Taric')",0,2,2
"('Akshan', 'Heimerdinger', 'Seraphine', 'Taliyah', 'Zeri')",0,2,2
"('Diana', 'Ezreal', 'Graves', 'Jax', 'Seraphine')",0,2,2
"('Corki', 'Kennen', 'Lucian', 'Nami', 'Taliyah')",2,0,2
"('Akshan', 'Cassiopeia', 'Seraphine', 'Tryndamere', 'Viego')",2,0,2
"('Akshan', ""Kai'Sa"", 'Orianna', 'Rell', 'Talon')",0,2,2
"('Akshan', 'Jax', 'Pyke', 'Taliyah', 'Zeri')",2,0,2
"('Ezreal', 'Gnar', 'Orianna', 'Pyke', 'Xin Zhao')",2,0,2
"('Akshan', 'Corki', 'Gnar', 'Janna', 'Nidalee')",2,0,2
"('Braum', 'Camille', 'Jax', ""Kai'Sa"", 'Katarina')",2,0,2
"('Akshan', ""K'Sante"", 'Lucian', 'Milio', 'Taliyah')",2,0,2
"('Cassiopeia', 'Corki', 'Rell', 'Viego', 'Xin Zhao')",0,2,2
"('Akshan', 'Corki', 'Gwen', 'Rell', 'Rengar')",0,2,2
"('Alistar', 'Brand', 'Darius', 'Viego', 'Zeri')",0,2,2
"('Caitlyn', 'Hwei', 'Lux', 'Twisted Fate', 'Viego')",2,0,2
"('Akshan', 'Annie', 'Jhin', 'Nidalee', 'Skarner')",2,0,2
"('Corki', 'Elise', 'Ezreal', 'Skarner', 'Yone')",0,2,2
"('Akshan', 'Gragas', 'Lee Sin', 'Skarner', 'Veigar')",0,2,2
"('Ahri', 'Cassiopeia', 'Lee Sin', 'Rell', 'Smolder')",2,0,2
"('Akshan', 'Brand', 'Jinx', 'Nautilus', 'Rumble')",2,0,2
"('Fiora', 'Hwei', ""Kha'Zix"", 'Rakan', 'Twitch')",0,2,2
"('Akshan', 'Irelia', 'Jinx', 'Seraphine', 'Shaco')",0,2,2
"('Akshan', 'Jinx', 'Rumble', 'Viego', 'Zyra')",2,0,2
"('Ashe', 'Diana', 'Jayce', 'Nunu & Willump', 'Pyke')",2,0,2
"('Aatrox', 'Akshan', ""Kai'Sa"", 'Rell', 'Zac')",0,2,2
"('Akali', 'Irelia', ""Kai'Sa"", 'Lee Sin', 'Poppy')",0,2,2
"('Caitlyn', 'Katarina', 'Nautilus', 'Nidalee', 'Renekton')",2,0,2
"('Caitlyn', 'Graves', 'Jax', 'Lux', 'Nidalee')",0,2,2
"('Azir', 'Jayce', 'Pantheon', 'Tristana', 'Viego')",0,2,2
"('Ashe', 'Ivern', 'Rakan', 'Sylas', 'Yasuo')",2,0,2
"('Anivia', 'Ezreal', 'Galio', 'Kindred', 'Renekton')",0,2,2
"('Alistar', 'Jinx', 'Maokai', 'Olaf', 'Tristana')",0,2,2
"('Jayce', 'Karthus', 'Qiyana', 'Rell', 'Varus')",0,2,2
"('Jax', 'Lillia', 'Syndra', 'Varus', 'Yasuo')",2,0,2
"('Aatrox', 'Irelia', 'Lucian', 'Rell', 'Sylas')",2,0,2
"('Kennen', 'Lucian', 'Nami', 'Syndra', 'Xin Zhao')",2,0,2
"('Caitlyn', 'Fiddlesticks', 'Pyke', 'Skarner', 'Vex')",0,2,2
"('Braum', 'Lucian', 'Syndra', 'Viego', 'Volibear')",2,0,2
"('Kalista', 'Kennen', 'Lee Sin', 'Neeko', 'Rumble')",0,2,2
"('Corki', 'Ezreal', 'Jayce', 'Poppy', 'Sejuani')",0,2,2
"('Camille', 'Jhin', 'Leona', 'Nidalee', 'Syndra')",0,2,2
"('Corki', 'Dr. Mundo', 'Kindred', 'Yuumi', 'Zeri')",2,0,2
"('Braum', 'Camille', 'Kindred', 'LeBlanc', 'Lucian')",2,0,2
"('Jhin', ""K'Sante"", 'Karthus', 'Nautilus', 'Yone')",0,2,2
"('Aurelion Sol', 'Blitzcrank', 'Camille', 'Corki', 'Talon')",2,0,2
"('Ashe', 'Brand', 'Corki', ""K'Sante"", 'Rumble')",2,0,2
"('Corki', 'Jayce', 'Kindred', 'Nautilus', 'Taliyah')",0,2,2
"('Ashe', 'Rumble', 'Tristana', 'Viego', 'Vladimir')",2,0,2
"('Ashe', 'Camille', 'Corki', ""K'Sante"", 'Lillia')",0,2,2
"('Jax', 'Nautilus', 'Nidalee', 'Senna', 'Zed')",0,2,2
"('Akshan', 'Ashe', 'Cassiopeia', 'Rumble', 'Viego')",2,0,2
"('Ahri', 'Corki', 'Illaoi', 'Lee Sin', 'Nautilus')",2,0,2
"('Aurelion Sol', 'Jhin', 'Pyke', 'Skarner', 'Xin Zhao')",0,2,2
"('Ashe', 'Irelia', 'Jax', 'Rumble', 'Twisted Fate')",2,0,2
"('Alistar', 'Camille', 'Jhin', 'Rumble', 'Sylas')",2,0,2
"('Hwei', 'Nautilus', 'Varus', 'Viego', 'Volibear')",0,2,2
"('Akali', 'Gnar', 'Lucian', 'Nami', ""Rek'Sai"")",2,0,2
"('Akali', ""Kai'Sa"", 'Nidalee', 'Rell', 'Skarner')",0,2,2
"('Gragas', 'Kennen', 'Lucian', 'Nami', 'Viego')",2,0,2
"('Fiddlesticks', 'Talon', 'Thresh', 'Tristana', 'Yone')",0,2,2
"('Akshan', 'Lillia', 'Lucian', 'Nami', 'Renekton')",2,0,2
"('Jinx', 'Lee Sin', 'Mordekaiser', 'Pyke', 'Vladimir')",2,0,2
"('Jax', ""K'Sante"", ""Kai'Sa"", 'Rell', 'Twisted Fate')",2,0,2
"('Jayce', ""Kai'Sa"", 'Nidalee', 'Skarner', 'Yone')",2,0,2
"('Aurelion Sol', 'Neeko', 'Talon', 'Twisted Fate', 'Varus')",0,2,2
"('Blitzcrank', ""Kai'Sa"", 'Nidalee', 'Pantheon', 'Tristana')",2,0,2
"('Jax', 'Orianna', 'Rell', 'Talon', 'Varus')",2,0,2
"('Jayce', 'Jhin', 'Nunu & Willump', 'Pyke', 'Sylas')",0,2,2
"('Ezreal', 'Poppy', 'Renekton', 'Rumble', 'Tristana')",0,2,2
"('Annie', 'Graves', ""Kai'Sa"", 'Taric', 'Volibear')",2,0,2
"('Cassiopeia', 'Hecarim', 'Illaoi', ""Kai'Sa"", 'Pyke')",0,2,2
"('Akshan', 'Camille', 'Kalista', 'Poppy', 'Taliyah')",2,0,2
"('Caitlyn', 'Galio', 'Graves', 'Neeko', 'Vayne')",0,2,2
"('Irelia', 'Kalista', 'Lillia', 'Pyke', 'Tristana')",2,0,2
"('Camille', 'Corki', 'Galio', 'Graves', 'Rell')",2,0,2
"('Ashe', 'Kennen', 'Taliyah', 'Taric', 'Viego')",2,0,2
"('Camille', 'Heimerdinger', 'Jax', 'LeBlanc', 'Sivir')",2,0,2
"('Ashe', 'Aurelion Sol', 'Jax', 'Ornn', 'Seraphine')",0,2,2
"('Ahri', 'Camille', 'Nidalee', 'Twisted Fate', 'Varus')",2,0,2
"('Ashe', 'Diana', 'Graves', ""K'Sante"", 'Thresh')",2,0,2
"('Alistar', ""Kai'Sa"", 'Renekton', 'Rumble', 'Tristana')",2,0,2
"('Aurelion Sol', 'Milio', 'Riven', 'Viego', 'Zeri')",0,2,2
"('Cassiopeia', ""Kai'Sa"", 'Poppy', 'Renekton', 'Viego')",0,2,2
"('Hwei', 'Nidalee', 'Skarner', 'Yuumi', 'Zeri')",0,2,2
"('Akali', 'Camille', 'Jinx', 'Sejuani', 'Thresh')",0,2,2
"('Graves', 'Malzahar', 'Nautilus', 'Rumble', 'Xayah')",2,0,2
"('Lee Sin', 'Olaf', 'Orianna', 'Thresh', 'Varus')",2,0,2
"('Jax', 'Jinx', 'Seraphine', 'Skarner', 'Talon')",2,0,2
"('Fiora', 'Jinx', 'Nautilus', 'Nunu & Willump', 'Viego')",0,2,2
"('Corki', 'Hwei', 'Jax', 'Lee Sin', 'Seraphine')",2,0,2
"('Aurelion Sol', 'Jayce', ""Kai'Sa"", 'Maokai', 'Viego')",2,0,2
"('Ahri', 'Gwen', ""Kai'Sa"", 'Nautilus', 'Renekton')",2,0,2
"('Ashe', 'Gwen', 'Jhin', 'Tristana', 'Volibear')",0,2,2
"('Akali', ""Kai'Sa"", 'Kindred', 'Rell', 'Skarner')",2,0,2
"('Aphelios', 'Camille', 'Seraphine', 'Twisted Fate', 'Vi')",2,0,2
"('Irelia', 'Karthus', 'Katarina', 'Leona', 'Varus')",0,2,2
"('Fiddlesticks', 'Heimerdinger', 'Seraphine', 'Tristana', 'Urgot')",2,0,2
"('Fiddlesticks', 'Jax', ""Kai'Sa"", 'Qiyana', 'Skarner')",0,2,2
"('Fiora', 'Seraphine', 'Taliyah', 'Viego', 'Zeri')",2,0,2
"('Jinx', 'Nautilus', 'Syndra', 'Twisted Fate', 'Viego')",2,0,2
"('Akshan', 'Nidalee', 'Riven', 'Seraphine', 'Zeri')",2,0,2
"(""K'Sante"", 'Lee Sin', 'Rakan', 'Taliyah', 'Zeri')",0,2,2
"('Draven', 'Nidalee', 'Pantheon', 'Senna', 'Skarner')",2,0,2
"('Ashe', 'Maokai', 'Rell', 'Rumble', 'Viego')",2,0,2
"('Alistar', 'Jayce', ""Kai'Sa"", 'Katarina', 'Lillia')",2,0,2
"('Corki', 'Jayce', 'Kennen', 'Nautilus', 'Taliyah')",2,0,2
"('Ashe', 'Irelia', 'Karthus', 'Rell', 'Tristana')",2,0,2
"('Ashe', ""Cho'Gath"", 'Graves', 'Lissandra', 'Renekton')",2,0,2
"('Aatrox', 'Akshan', ""Kai'Sa"", 'Lillia', 'Thresh')",2,0,2
"('Ashe', 'Braum', 'Fiddlesticks', 'Jax', 'LeBlanc')",2,0,2
"('Ashe', 'Nunu & Willump', 'Seraphine', 'Tristana', 'Tryndamere')",0,2,2
"('Aurelion Sol', 'Kindred', 'Mordekaiser', 'Seraphine', 'Zeri')",2,0,2
"('Corki', 'Kindred', 'Neeko', 'Rumble', 'Seraphine')",0,2,2
"('Akali', 'Gangplank', ""Kai'Sa"", 'Pyke', 'Viego')",0,2,2
"('Camille', 'Lulu', 'Malzahar', 'Maokai', 'Zeri')",0,2,2
"('Caitlyn', 'Lillia', 'Rell', 'Rumble', 'Viego')",2,0,2
"('Jhin', 'Katarina', 'Kled', 'Poppy', 'Viego')",0,2,2
"('Azir', 'Seraphine', 'Skarner', 'Varus', 'Vi')",0,2,2
"('Brand', ""Kai'Sa"", 'Qiyana', 'Shen', 'Taric')",0,2,2
"('Braum', 'Kalista', 'Rumble', 'Taliyah', 'Talon')",0,2,2
"('Jayce', ""K'Sante"", 'Nautilus', 'Taliyah', 'Varus')",0,2,2
"(""Rek'Sai"", 'Rell', 'Rumble', 'Samira', 'Tristana')",2,0,2
"('Gragas', 'Karthus', 'Rell', 'Tristana', 'Zeri')",2,0,2
"(""K'Sante"", ""Kai'Sa"", 'Thresh', 'Vi', 'Zoe')",0,2,2
"('Ashe', 'Hwei', 'Kennen', ""Kha'Zix"", 'Seraphine')",0,2,2
"('Jinx', 'Kled', 'Nautilus', 'Nidalee', 'Twisted Fate')",2,0,2
"('Camille', 'Kalista', 'Orianna', 'Urgot', 'Viego')",2,0,2
"('Akshan', 'Fiora', 'Jinx', 'Rell', 'Taliyah')",2,0,2
"('Aphelios', 'Renekton', 'Taliyah', 'Talon', 'Thresh')",0,2,2
"('Akshan', 'Pyke', 'Talon', 'Udyr', 'Ziggs')",0,2,2
"('Draven', 'Graves', 'Kled', 'Senna', 'Taliyah')",0,2,2
"('Ahri', ""Kai'Sa"", 'Kindred', 'Nautilus', 'Skarner')",2,0,2
"('Anivia', 'Ashe', 'Gragas', 'Rumble', 'Viego')",0,2,2
"('Ashe', 'Camille', 'Galio', ""Kha'Zix"", 'Seraphine')",2,0,2
"('Lee Sin', 'Rakan', 'Rumble', 'Twisted Fate', 'Xayah')",0,2,2
"('Camille', 'Cassiopeia', 'Kalista', ""Rek'Sai"", 'Twisted Fate')",2,0,2
"(""Kai'Sa"", 'Lillia', 'Olaf', 'Thresh', 'Tristana')",2,0,2
"('Azir', 'Gangplank', ""Kha'Zix"", 'Rell', 'Smolder')",2,0,2
"('Aatrox', 'Lillia', 'Lucian', 'Nami', 'Udyr')",2,0,2
"('Lucian', 'Nami', 'Nidalee', 'Riven', 'Viego')",2,0,2
"('Ahri', 'Camille', 'Jax', 'Jhin', 'Talon')",2,0,2
"('Alistar', 'Anivia', 'Darius', 'Graves', 'Miss Fortune')",0,2,2
"('Draven', 'Galio', 'Gragas', 'Senna', 'Talon')",2,0,2
"('Corki', 'Kalista', 'Kindred', 'Malphite', 'Renata Glasc')",0,2,2
"('Alistar', 'LeBlanc', 'Rumble', 'Talon', 'Twitch')",0,2,2
"('Jax', ""Rek'Sai"", 'Soraka', 'Sylas', 'Varus')",2,0,2
"('Camille', 'Gragas', ""Kai'Sa"", 'Lillia', 'Yasuo')",0,2,2
"('Corki', 'Lillia', 'Rumble', 'Skarner', 'Varus')",0,2,2
"('Ahri', ""Kai'Sa"", 'Nautilus', ""Rek'Sai"", 'Skarner')",2,0,2
"('Camille', 'Fiddlesticks', 'Jhin', ""K'Sante"", 'Tristana')",0,2,2
"('Ashe', 'Ezreal', 'Hwei', 'Jax', 'Jayce')",2,0,2
"('Graves', 'Jhin', 'Karma', 'Rumble', 'Skarner')",2,0,2
"(""Kai'Sa"", 'Pantheon', 'Poppy', 'Vex', 'Viego')",2,0,2
"('Annie', 'Ashe', 'Camille', 'Graves', 'Skarner')",2,0,2
"('Ezreal', ""K'Sante"", 'Rumble', 'Seraphine', 'Tristana')",0,2,2
"('Camille', 'Diana', 'Poppy', 'Varus', 'Yasuo')",0,2,2
"('Gragas', 'Jhin', 'Leona', 'Twisted Fate', 'Xin Zhao')",0,2,2
"('Ashe', 'Galio', 'Lee Sin', 'Twisted Fate', 'Varus')",2,0,2
"('Corki', 'Ivern', 'Nautilus', 'Riven', 'Ziggs')",0,2,2
"(""Kai'Sa"", 'Kennen', 'Nidalee', 'Pyke', 'Zed')",2,0,2
"('Blitzcrank', ""Kai'Sa"", 'Nidalee', 'Skarner', 'Yasuo')",2,0,2
"('Camille', 'Hwei', 'Lillia', 'Qiyana', 'Yone')",2,0,2
"('Jhin', 'Lee Sin', 'Sylas', 'Tryndamere', 'Xerath')",0,2,2
"('Akshan', 'Jinx', 'Lillia', 'Ryze', 'Tahm Kench')",2,0,2
"('Aurelion Sol', 'Draven', ""K'Sante"", 'Nami', 'Talon')",0,2,2
"('Aurelion Sol', 'Jayce', 'Jinx', 'Pantheon', 'Rakan')",2,0,2
"('Hwei', ""Kai'Sa"", 'Pyke', 'Skarner', 'Tristana')",2,0,2
"('Akali', 'Jhin', 'Nautilus', 'Udyr', 'Viego')",2,0,2
"('Brand', 'Kalista', 'Nasus', 'Rakan', 'Yasuo')",2,0,2
"(""Bel'Veth"", 'Camille', 'Corki', 'Kennen', 'Orianna')",2,0,2
"('Aurelion Sol', 'Rell', 'Renekton', 'Talon', 'Varus')",0,2,2
"(""K'Sante"", 'Kalista', 'Lillia', 'Nautilus', 'Viego')",2,0,2
"('Hwei', ""K'Sante"", 'Lee Sin', 'Malzahar', 'Varus')",0,2,2
"('Draven', 'Fiora', 'Kindred', 'Nautilus', 'Twisted Fate')",2,0,2
"(""Kai'Sa"", 'Nidalee', 'Pyke', 'Skarner', 'Talon')",2,0,2
"('Alistar', 'Galio', 'Graves', 'Jax', 'Zeri')",1,1,2
"('Irelia', 'Nautilus', ""Rek'Sai"", 'Yasuo', 'Zeri')",0,2,2
"(""Kai'Sa"", 'Master Yi', 'Nautilus', 'Nidalee', 'Vayne')",0,2,2
"('Aatrox', 'Taliyah', 'Thresh', 'Yasuo', 'Ziggs')",0,2,2
"('Graves', 'Jhin', ""K'Sante"", 'Katarina', 'Maokai')",0,2,2
"('Jinx', 'Poppy', 'Tahm Kench', 'Taliyah', 'Twisted Fate')",2,0,2
"('Ahri', 'Graves', 'Jax', 'Jhin', 'Rell')",0,2,2
"('Aurelion Sol', 'Galio', 'Rengar', 'Skarner', 'Varus')",0,2,2
"('Camille', 'Ivern', 'Jhin', 'Lucian', 'Maokai')",2,0,2
"(""Kai'Sa"", 'Kennen', 'Leona', 'Maokai', 'Yasuo')",0,2,2
"('Galio', 'Jhin', 'Maokai', 'Olaf', 'Orianna')",2,0,2
"('Ahri', 'Galio', 'Sejuani', 'Viego', 'Xayah')",0,2,2
"('Jax', ""Kai'Sa"", 'LeBlanc', 'Nautilus', 'Talon')",2,0,2
"('Akshan', 'Camille', 'Kalista', 'Nidalee', 'Zac')",0,2,2
"('Aurelion Sol', 'Galio', 'Hecarim', 'Rumble', 'Sivir')",2,0,2
"('Jax', 'Jhin', 'Sett', 'Skarner', 'Talon')",2,0,2
"(""Kai'Sa"", 'Karthus', 'Nautilus', 'Talon', 'Udyr')",0,2,2
"('Ahri', 'Kennen', ""Kog'Maw"", 'Poppy', 'Rakan')",0,2,2
"('Caitlyn', 'Gragas', 'Jax', 'Seraphine', 'Yasuo')",0,2,2
"('Galio', ""Rek'Sai"", 'Skarner', 'Twisted Fate', 'Zeri')",0,2,2
"('Caitlyn', 'Leona', 'Talon', 'Twisted Fate', 'Zoe')",2,0,2
"('Akali', ""Kai'Sa"", 'Nautilus', 'Pantheon', 'Skarner')",0,2,2
"('Ashe', 'Camille', 'Galio', 'Talon', 'Varus')",2,0,2
"('Graves', 'Heimerdinger', 'Renekton', 'Senna', 'Sylas')",0,2,2
"('Alistar', 'Mordekaiser', 'Samira', 'Talon', 'Twisted Fate')",0,2,2
"('Corki', 'Kennen', 'Olaf', 'Rakan', 'Vi')",0,2,2
"('Galio', 'Nautilus', 'Smolder', ""Vel'Koz"", 'Viego')",0,2,2
"(""Kai'Sa"", 'Poppy', 'Taric', 'Vex', 'Viego')",2,0,2
"('Aurelion Sol', 'Rell', 'Renekton', 'Samira', 'Viego')",2,0,2
"('Aatrox', 'Akshan', 'Lee Sin', 'Rumble', 'Senna')",0,2,2
"('Akali', 'Fiddlesticks', 'Graves', 'Miss Fortune', 'Riven')",2,0,2
"('Ahri', 'Lucian', 'Nidalee', 'Senna', 'Smolder')",2,0,2
"('Corki', 'Orianna', 'Smolder', 'Viego', 'Zilean')",0,2,2
"('Aurelion Sol', ""Kai'Sa"", 'Lulu', ""Rek'Sai"", 'Smolder')",2,0,2
"('Corki', 'Diana', 'Rell', 'Samira', 'Talon')",0,2,2
"('Camille', 'Gnar', ""Kai'Sa"", 'Nidalee', 'Qiyana')",2,0,2
"('LeBlanc', 'Poppy', 'Viego', 'Warwick', 'Ziggs')",2,0,2
"('Azir', 'Draven', ""Kha'Zix"", 'Leona', 'Rumble')",2,0,2
"('Akali', 'Camille', 'Nidalee', 'Tristana', 'Ziggs')",2,0,2
"('Aurelion Sol', 'Graves', 'Rakan', 'Rumble', 'Xayah')",0,2,2
"('Gnar', 'Leona', 'Nidalee', 'Pantheon', 'Varus')",2,0,2
"('Aurelion Sol', 'Gnar', 'Jhin', ""Kha'Zix"", 'Leona')",2,0,2
"('Ashe', 'Corki', 'Jax', 'Lillia', 'Poppy')",0,2,2
"('Akali', 'Blitzcrank', 'Gnar', 'Graves', 'Kalista')",2,0,2
"(""Kai'Sa"", 'Kindred', 'Maokai', 'Smolder', 'Twisted Fate')",2,0,2
"('Pantheon', 'Pyke', 'Rumble', 'Talon', 'Varus')",2,0,2
"('Dr. Mundo', 'Lillia', 'Qiyana', 'Senna', 'Vayne')",2,0,2
"('Galio', 'Skarner', 'Taliyah', 'Varus', 'Vi')",2,0,2
"('Ashe', 'Hwei', 'Rakan', 'Vayne', 'Viego')",0,2,2
"('Azir', 'Kalista', 'Nautilus', 'Rengar', 'Viego')",2,0,2
"('Alistar', 'Hwei', 'Jinx', 'Olaf', 'Twisted Fate')",0,2,2
"('Elise', ""Kai'Sa"", 'Rell', 'Renekton', 'Tristana')",0,2,2
"('Lucian', 'Master Yi', 'Ryze', 'Sett', 'Talon')",2,0,2
"('Aatrox', 'Bard', 'Elise', 'Orianna', 'Zeri')",2,0,2
"('Camille', 'Corki', 'Illaoi', 'Karthus', 'Yone')",0,2,2
"('Cassiopeia', 'Nautilus', 'Nidalee', 'Ornn', 'Tristana')",2,0,2
"('Aatrox', 'Jhin', 'Rumble', 'Sylas', 'Talon')",0,2,2
"('Ahri', 'Aphelios', 'Jarvan IV', 'Viego', 'Zyra')",0,2,2
"('Garen', 'Jinx', 'Nautilus', 'Orianna', 'Talon')",0,2,2
"('Galio', 'Kennen', 'Sylas', 'Xin Zhao', 'Zeri')",2,0,2
"('Akali', 'Ashe', 'Bard', 'Ryze', 'Viego')",0,2,2
"('Nautilus', 'Talon', 'Twisted Fate', 'Xayah', 'Zoe')",0,2,2
"('Ashe', 'Malphite', 'Pyke', 'Taliyah', 'Talon')",2,0,2
"('Akshan', 'Jhin', 'Lillia', 'Seraphine', 'Yasuo')",2,0,2
"('Ahri', 'Aphelios', ""Kha'Zix"", 'Smolder', 'Thresh')",2,0,2
"('Akali', 'Camille', 'Corki', 'Kindred', 'Nautilus')",2,0,2
"('Braum', 'Graves', 'Jhin', 'Orianna', 'Rumble')",2,0,2
"('Irelia', ""Kog'Maw"", 'Lee Sin', 'Nautilus', 'Rumble')",0,2,2
"('Brand', 'Mordekaiser', 'Rell', 'Talon', 'Tristana')",2,0,2
"('Caitlyn', 'Hwei', ""K'Sante"", 'Thresh', 'Xin Zhao')",2,0,2
"('Caitlyn', 'Camille', 'Hwei', 'Karma', 'Lee Sin')",2,0,2
"('Ahri', ""Bel'Veth"", 'Hwei', 'Sivir', 'Twisted Fate')",2,0,2
"('Ahri', ""K'Sante"", 'Poppy', 'Tristana', 'Viego')",0,2,2
"('Ashe', 'Ezreal', 'Skarner', 'Taliyah', 'Yasuo')",0,2,2
"('Lucian', 'Rumble', 'Shaco', 'Skarner', 'Tristana')",0,2,2
"('Ashe', 'Braum', 'Hwei', 'Ryze', 'Viego')",2,0,2
"('Akshan', 'Aphelios', 'Galio', 'Nidalee', 'Renekton')",2,0,2
"('Cassiopeia', 'Corki', 'Kindred', 'Nautilus', 'Twisted Fate')",2,0,2
"('Cassiopeia', 'Hwei', 'Jinx', 'Pantheon', 'Vi')",2,0,2
"(""K'Sante"", ""Kai'Sa"", 'Maokai', 'Olaf', 'Tristana')",0,2,2
"('Alistar', 'Annie', 'Jayce', 'Rumble', 'Zeri')",0,2,2
"('Kennen', 'Nocturne', 'Rell', 'Samira', 'Zed')",2,0,2
"('Ahri', 'Ashe', 'Jhin', 'Kennen', 'Viego')",2,0,2
"('Camille', 'Hwei', 'Rumble', 'Samira', 'Talon')",2,0,2
"('Hwei', ""K'Sante"", 'Kalista', 'Lillia', 'Tristana')",2,0,2
"('Hwei', ""Kai'Sa"", 'Kennen', ""Kha'Zix"", 'Skarner')",0,2,2
"('Ahri', ""Kai'Sa"", 'Rell', 'Skarner', 'Viego')",1,1,2
"('Anivia', 'Hwei', 'Jhin', ""Kha'Zix"", 'Rumble')",2,0,2
"('Camille', 'Hwei', 'Jhin', 'Karthus', 'Skarner')",2,0,2
"('Akali', 'Bard', 'Corki', 'Taliyah', 'Viego')",2,0,2
"('Akali', 'Neeko', 'Renekton', 'Varus', 'Viego')",0,2,2
"('Brand', 'Gnar', 'Master Yi', 'Twisted Fate', 'Varus')",2,0,2
"('Cassiopeia', 'Rengar', 'Soraka', 'Taliyah', 'Vayne')",2,0,2
"('Aatrox', 'Lee Sin', 'Leona', 'Tristana', 'Ziggs')",0,2,2
"('Camille', 'Rell', 'Sylas', 'Taliyah', 'Zeri')",2,0,2
"('Ashe', 'Ekko', 'Rumble', 'Tristana', 'Vayne')",0,2,2
"('Gwen', 'Hwei', 'Ornn', 'Senna', 'Skarner')",2,0,2
"('Hwei', 'Irelia', 'Jhin', 'Poppy', 'Viego')",0,2,2
"('Gnar', 'Graves', 'Hwei', 'Rell', ""Vel'Koz"")",2,0,2
"(""K'Sante"", ""Kai'Sa"", 'Karthus', 'Lucian', 'Nautilus')",2,0,2
"('Ashe', 'Gnar', 'Orianna', 'Rumble', 'Viego')",0,2,2
"('Corki', 'Gnar', 'Lux', 'Twisted Fate', 'Viego')",0,2,2
"('Ahri', 'Caitlyn', 'Gnar', 'Lux', 'Vi')",2,0,2
"('Caitlyn', ""Kha'Zix"", 'Orianna', 'Rakan', 'Volibear')",0,2,2
"('Ashe', 'Gnar', 'Hwei', 'Lulu', 'Viego')",2,0,2
"('Gnar', 'Hwei', 'Nautilus', 'Viego', 'Xayah')",0,2,2
"('Kennen', 'Nautilus', 'Varus', 'Viego', 'Zoe')",2,0,2
"('Ashe', 'Poppy', 'Skarner', ""Vel'Koz"", 'Viego')",2,0,2
"('Camille', 'Irelia', 'Neeko', 'Rumble', 'Xayah')",2,0,2
"('Alistar', 'Cassiopeia', 'Graves', 'Kennen', 'Twitch')",0,2,2
"('Bard', 'Hwei', 'Jarvan IV', 'Rengar', 'Varus')",2,0,2
"('Graves', 'Hwei', ""Kai'Sa"", 'Nautilus', 'Skarner')",0,2,2
"('Gnar', 'Jinx', 'Katarina', 'Lulu', 'Taliyah')",2,0,2
"('Camille', 'LeBlanc', 'Leona', 'Lucian', 'Taliyah')",0,2,2
"('Aatrox', 'Lee Sin', 'Lissandra', 'Nautilus', 'Zeri')",2,0,2
"('Camille', 'Galio', 'Miss Fortune', 'Pantheon', 'Rakan')",2,0,2
"('Ashe', 'Aurelion Sol', 'Braum', 'Kayle', 'Lee Sin')",2,0,2
"('Aatrox', 'Aphelios', 'Braum', 'Jayce', 'Taliyah')",0,2,2
"('Galio', 'Hwei', 'Irelia', 'Lee Sin', 'Sivir')",2,0,2
"('Cassiopeia', 'Lillia', 'Nilah', 'Renekton', 'Soraka')",2,0,2
"('Hwei', 'Janna', 'Shaco', 'Varus', 'Volibear')",2,0,2
"('Irelia', ""Kai'Sa"", 'Leona', 'Nidalee', 'Pyke')",0,2,2
"('Braum', ""Kai'Sa"", 'Nidalee', 'Tristana', 'Twisted Fate')",0,2,2
"('Jayce', 'Jinx', 'Nautilus', 'Nidalee', 'Tristana')",0,2,2
"('Aphelios', 'Diana', 'Pyke', ""Rek'Sai"", 'Yasuo')",2,0,2
"('Ashe', ""Bel'Veth"", 'Gnar', 'Seraphine', 'Syndra')",2,0,2
"('Ashe', 'Nidalee', 'Renekton', 'Rumble', 'Zed')",2,0,2
"('Azir', 'Lux', 'Master Yi', 'Skarner', 'Varus')",0,2,2
"('Gragas', 'Jinx', 'Nautilus', 'Orianna', 'Viego')",0,2,2
"('Camille', 'Kalista', 'Lillia', 'Taric', 'Tristana')",2,0,2
"('Janna', ""Kai'Sa"", 'Lillia', 'Sett', 'Twisted Fate')",2,0,2
"('LeBlanc', 'Neeko', 'Skarner', 'Varus', 'Viego')",0,2,2
"('Camille', 'Poppy', 'Taliyah', 'Tristana', 'Vayne')",2,0,2
"('Corki', 'Galio', 'Hwei', 'Skarner', 'Xin Zhao')",2,0,2
"('Aphelios', 'Rell', 'Taliyah', 'Urgot', 'Yone')",2,0,2
"('Aphelios', 'Diana', 'Lulu', 'Tryndamere', 'Urgot')",0,2,2
"('Akali', 'Aphelios', 'Kindred', 'Rumble', 'Skarner')",2,0,2
"('Aurelion Sol', 'Kindred', 'Nautilus', 'Rumble', 'Varus')",2,0,2
"('Camille', 'Corki', 'Fiddlesticks', 'Galio', 'Taric')",0,2,2
"('Camille', 'Jhin', 'Poppy', 'Qiyana', 'Zyra')",2,0,2
"('Aphelios', 'Fiora', 'Leona', 'Taliyah', 'Tristana')",2,0,2
"('Cassiopeia', 'Hwei', 'Kindred', 'Senna', 'Seraphine')",2,0,2
"('Blitzcrank', 'Camille', 'Elise', 'Kalista', 'Yasuo')",2,0,2
"('Corki', 'Graves', 'Rell', 'Shen', 'Zoe')",2,0,2
"('Hwei', 'Irelia', 'Lulu', 'Vi', 'Zeri')",2,0,2
"('Aphelios', 'Corki', 'Jax', 'Nautilus', 'Rumble')",0,2,2
"('Elise', 'Jayce', ""Kai'Sa"", 'Nautilus', 'Tristana')",2,0,2
"('Hwei', ""Kai'Sa"", 'Kindred', 'Poppy', 'Rell')",0,2,2
"('Gnar', 'Soraka', 'Varus', 'Yone', 'Zyra')",2,0,2
"('Braum', 'Lillia', 'Lucian', 'Tristana', 'Vladimir')",2,0,2
"('Lucian', 'Pantheon', 'Swain', 'Taliyah', 'Udyr')",0,2,2
"('Hwei', ""Kai'Sa"", ""Kha'Zix"", 'Nautilus', 'Riven')",0,2,2
"('Aatrox', 'Bard', 'Graves', 'LeBlanc', 'Zeri')",2,0,2
"('Camille', 'Graves', 'Nidalee', 'Rell', 'Varus')",2,0,2
"('Aphelios', 'Bard', 'Graves', 'Hwei', 'Sett')",2,0,2
"('Ashe', 'Azir', 'Fiora', 'Kalista', 'Skarner')",0,2,2
"('Jinx', 'Nidalee', 'Rengar', 'Soraka', 'Viego')",0,2,2
"('Karthus', 'Seraphine', 'Skarner', 'Twisted Fate', 'Zeri')",2,0,2
"('Caitlyn', 'Kled', 'Rakan', 'Yone', 'Zyra')",0,2,2
"('Akshan', 'Alistar', 'Karthus', 'Rengar', 'Varus')",2,0,2
"(""Kai'Sa"", 'Kindred', 'Rakan', 'Rengar', 'Zac')",2,0,2
"('Aurelion Sol', 'Heimerdinger', ""K'Sante"", 'Pantheon', 'Varus')",0,2,2
"('Jinx', 'Seraphine', 'Skarner', 'Sylas', 'Viego')",0,2,2
"('Ashe', 'Corki', 'Diana', 'Renekton', 'Thresh')",2,0,2
"('Akshan', 'Ashe', 'Kennen', 'Kindred', 'Rell')",2,0,2
"('Darius', 'Diana', 'Rakan', 'Seraphine', 'Tristana')",2,0,2
"('Jax', 'Nautilus', 'Tristana', ""Vel'Koz"", 'Viego')",2,0,2
"('Ahri', 'Fiora', 'Rell', 'Varus', 'Viego')",0,2,2
"('Fiora', 'Galio', 'Nautilus', ""Rek'Sai"", 'Smolder')",0,2,2
"(""Kha'Zix"", 'Rakan', 'Smolder', 'Twisted Fate', 'Zac')",2,0,2
"('Nidalee', 'Rakan', 'Tristana', 'Zac', 'Zeri')",2,0,2
"('Corki', 'Ezreal', 'Nidalee', 'Skarner', 'Tryndamere')",0,2,2
"('Gragas', ""Kai'Sa"", 'Kindred', 'LeBlanc', 'Rell')",0,2,2
"('Hwei', 'Jarvan IV', 'Nautilus', 'Skarner', 'Zeri')",0,2,2
"('Caitlyn', 'Lee Sin', 'Pyke', 'Vayne', 'Zoe')",0,2,2
"('Cassiopeia', 'Nautilus', 'Senna', 'Twisted Fate', 'Viego')",2,0,2
"('Katarina', 'Lucian', 'Riven', 'Skarner', 'Viego')",2,0,2
"('Jax', 'Nidalee', 'Pantheon', 'Senna', 'Smolder')",2,0,2
"('Elise', 'Gragas', 'Jayce', 'Lulu', 'Zeri')",2,0,2
"('Draven', 'Hwei', 'Irelia', 'Lee Sin', 'Nautilus')",2,0,2
"('Ashe', ""K'Sante"", 'Kindred', 'Seraphine', 'Xerath')",0,2,2
"('Nautilus', 'Smolder', 'Taliyah', 'Viego', 'Warwick')",0,2,2
"('Aphelios', 'Blitzcrank', 'Fiddlesticks', 'Taliyah', 'Vayne')",0,2,2
"('Ekko', ""Kai'Sa"", 'Nautilus', 'Nunu & Willump', 'Vayne')",2,0,2
"('Elise', 'Gragas', 'Kalista', 'Nautilus', 'Tristana')",0,2,2
"('Elise', 'Jinx', 'Qiyana', 'Taric', 'Viego')",2,0,2
"('Aatrox', 'Corki', 'Galio', 'Maokai', 'Taliyah')",2,0,2
"('Diana', ""Kai'Sa"", 'Ornn', 'Skarner', 'Zed')",0,2,2
"('Aatrox', 'Jinx', 'Syndra', 'Thresh', 'Viego')",2,0,2
"('Heimerdinger', 'Nidalee', 'Qiyana', 'Skarner', 'Varus')",0,2,2
"('Gragas', 'Graves', 'Hwei', ""Kai'Sa"", 'Pyke')",0,2,2
"('Ahri', 'Kalista', 'Nautilus', ""Rek'Sai"", 'Skarner')",2,0,2
"('Alistar', 'Corki', 'Kled', 'Lillia', 'Zed')",2,0,2
"('Aurelion Sol', 'Hecarim', 'Jinx', 'Mordekaiser', 'Thresh')",0,2,2
"('Ashe', 'Fiddlesticks', 'Lillia', 'Nautilus', 'Nocturne')",2,0,2
"('Jax', 'Jhin', 'Lissandra', 'Rell', 'Viego')",0,2,2
"('Corki', 'Karthus', 'Rell', 'Tryndamere', 'Yone')",2,0,2
"('Alistar', 'Gwen', 'Hwei', ""Kai'Sa"", 'Tryndamere')",2,0,2
"('Alistar', 'Hwei', 'Illaoi', ""Kha'Zix"", 'Zeri')",2,0,2
"('Ashe', 'Hwei', ""K'Sante"", 'Kalista', 'Kayn')",0,2,2
"('Gwen', ""Kai'Sa"", 'Malzahar', 'Talon', 'Thresh')",2,0,2
"('Annie', 'Jhin', 'Karma', ""Kha'Zix"", 'Twisted Fate')",2,0,2
"('Ashe', ""K'Sante"", 'Kindred', 'Rell', 'Taliyah')",2,0,2
"('Ahri', ""Kai'Sa"", 'Rell', 'Udyr', 'Vi')",0,2,2
"('Ashe', 'Nautilus', 'Nidalee', 'Twisted Fate', 'Warwick')",0,2,2
"('Alistar', 'Caitlyn', 'Galio', 'Jax', 'Nidalee')",0,2,2
"(""Kai'Sa"", 'Poppy', 'Rell', 'Taliyah', 'Vayne')",2,0,2
"(""Kai'Sa"", ""Kha'Zix"", 'Orianna', 'Ornn', 'Rell')",2,0,2
"('Ashe', 'Galio', 'Jax', 'Pantheon', 'Seraphine')",2,0,2
"('Ekko', 'Jayce', 'Lucian', 'Nami', 'Qiyana')",0,2,2
"('Akali', 'Draven', 'Lee Sin', 'Pyke', 'Renekton')",0,2,2
"('Corki', 'Ekko', 'Rakan', 'Zac', 'Zeri')",2,0,2
"('Ashe', 'Corki', 'Evelynn', ""K'Sante"", 'Seraphine')",2,0,2
"('Camille', 'Ekko', 'Nautilus', 'Syndra', 'Zeri')",0,2,2
"('Camille', 'Draven', 'Rell', 'Rumble', 'Tristana')",2,0,2
"('Camille', 'Corki', 'Ekko', 'Malphite', 'Varus')",0,2,2
"('Ekko', 'Gangplank', 'Pantheon', 'Tristana', 'Zeri')",2,0,2
"('Galio', 'Lucian', 'Rell', 'Taliyah', 'Twisted Fate')",0,2,2
"('Irelia', 'Lillia', 'Lucian', 'Nami', 'Renekton')",2,0,2
"('Corki', 'Jax', 'Nautilus', 'Nunu & Willump', 'Pantheon')",2,0,2
"('Ashe', 'Karma', 'LeBlanc', 'Lee Sin', 'Rell')",2,0,2
"('Gwen', 'Lillia', 'Nautilus', 'Sivir', 'Tristana')",2,0,2
"('Bard', 'Elise', 'Gnar', ""Kai'Sa"", 'Tristana')",2,0,2
"('Akshan', 'Draven', 'Elise', 'Rumble', 'Seraphine')",2,0,2
"('Diana', 'Jhin', 'Kennen', 'Kindred', 'Rakan')",0,2,2
"('Irelia', 'Jhin', 'Lillia', 'Rakan', 'Skarner')",0,2,2
"('Jax', 'Nidalee', 'Rell', 'Varus', 'Yone')",2,0,2
"('Braum', 'Irelia', ""Kog'Maw"", 'Nidalee', 'Yone')",2,0,2
"('Ashe', 'Aurelion Sol', 'Talon', 'Varus', 'Zyra')",2,0,2
"('Hwei', 'Jinx', 'Poppy', 'Viego', 'Volibear')",0,2,2
"('Irelia', 'Lee Sin', 'Lulu', 'Skarner', 'Varus')",2,0,2
"('Bard', 'Lillia', 'Udyr', 'Varus', 'Viego')",0,2,2
"('Aphelios', 'Galio', 'Gwen', 'Master Yi', 'Seraphine')",0,2,2
"('Aphelios', 'Jax', 'Nautilus', 'Nidalee', 'Tristana')",1,1,2
"('Aphelios', 'Corki', 'Gwen', 'Nautilus', 'Zac')",0,2,2
"('Gwen', 'Jinx', 'Ornn', 'Rell', 'Tristana')",0,2,2
"('Ashe', 'Braum', 'Orianna', 'Twisted Fate', 'Xin Zhao')",0,2,2
"('Alistar', 'Ashe', 'Gnar', 'Nidalee', 'Tristana')",2,0,2
"('Ahri', 'Blitzcrank', 'Jax', 'Rengar', ""Vel'Koz"")",2,0,2
"(""K'Sante"", 'Rell', 'Taliyah', 'Varus', 'Vi')",0,2,2
"('Cassiopeia', 'Jax', ""Kai'Sa"", 'Nidalee', 'Rell')",2,0,2
"('Ashe', 'Gragas', 'Katarina', 'Lee Sin', 'Maokai')",2,0,2
"('Alistar', 'Nidalee', 'Renekton', 'Swain', 'Yone')",0,2,2
"('Alistar', 'Corki', 'Jayce', 'Katarina', 'Lee Sin')",0,2,2
"('Bard', ""Bel'Veth"", 'Gwen', 'Sylas', 'Varus')",2,0,2
"('Diana', 'Lucian', 'Nami', 'Poppy', 'Talon')",2,0,2
"(""Bel'Veth"", 'Jax', 'Kalista', 'Nautilus', 'Ryze')",2,0,2
"('Jayce', 'Neeko', 'Tahm Kench', 'Taliyah', 'Zeri')",0,2,2
"('Jinx', 'Lee Sin', 'Leona', 'Taliyah', 'Zac')",2,0,2
"('Jax', 'Jhin', 'Nautilus', 'Viego', 'Zoe')",2,0,2
"('Aphelios', 'Corki', 'Ekko', 'Thresh', 'Vayne')",2,0,2
"('Ezreal', 'Graves', 'Irelia', 'LeBlanc', 'Nautilus')",0,2,2
"('Jax', 'Jinx', 'Lee Sin', 'Malphite', 'Thresh')",2,0,2
"('Camille', 'Corki', 'Jinx', 'Karthus', 'Nautilus')",0,2,2
"('Braum', 'Ezreal', 'Irelia', 'Lillia', 'Renekton')",2,0,2
"('Akali', 'Kalista', 'Lee Sin', 'Rell', 'Renekton')",0,2,2
"('Jinx', 'Kayn', 'Nautilus', 'Ornn', 'Taliyah')",2,0,2
"('Hecarim', 'Lux', ""Rek'Sai"", 'Syndra', 'Varus')",2,0,2
"('Gnar', 'Jayce', 'Kalista', 'Nautilus', 'Nidalee')",2,0,2
"('Hwei', 'Skarner', 'Taric', 'Twisted Fate', 'Varus')",2,0,2
"('Jinx', 'Kindred', 'LeBlanc', 'Nautilus', 'Renekton')",2,0,2
"('Alistar', 'Camille', 'Graves', 'Taliyah', 'Zeri')",0,2,2
"('Aatrox', 'Hwei', 'Kindred', 'Rakan', 'Xayah')",2,0,2
"(""Kha'Zix"", 'Rumble', 'Tristana', 'Yasuo', 'Zoe')",2,0,2
"('Aphelios', 'Brand', 'Hecarim', 'Orianna', 'Rumble')",0,2,2
"('Hecarim', 'Hwei', 'Jinx', 'Skarner', 'Sylas')",0,2,2
"('Akshan', 'Aphelios', 'Ornn', 'Taliyah', 'Thresh')",2,0,2
"('Brand', 'Corki', 'Nautilus', 'Samira', 'Tryndamere')",2,0,2
"('Camille', ""Kai'Sa"", 'Nidalee', 'Rakan', 'Talon')",2,0,2
"('Akshan', 'Lucian', 'Nami', 'Rengar', 'Taliyah')",2,0,2
"('Elise', 'Pyke', 'Twisted Fate', 'Yone', 'Zeri')",2,0,2
"('Ahri', 'Kennen', 'Rakan', 'Samira', 'Viego')",2,0,2
"('Nautilus', 'Nidalee', 'Senna', 'Viego', 'Warwick')",0,2,2
"('Braum', 'Fiora', 'Lee Sin', 'Neeko', 'Tristana')",2,0,2
"('Gwen', 'Irelia', 'Jinx', 'Nautilus', 'Vayne')",0,2,2
"('Gnar', 'Gragas', 'Jax', 'Jhin', 'Syndra')",2,0,2
"('Dr. Mundo', 'Jinx', 'Katarina', ""Rek'Sai"", 'Tahm Kench')",2,0,2
"('Hwei', 'Jinx', 'Rakan', ""Rek'Sai"", 'Rumble')",2,0,2
"('Hecarim', 'Jhin', 'Leona', 'Skarner', 'Twisted Fate')",0,2,2
"('Akshan', 'Aphelios', 'Braum', 'Skarner', 'Taliyah')",0,2,2
"('Blitzcrank', 'Cassiopeia', 'Jinx', 'Taliyah', 'Xin Zhao')",2,0,2
"('Camille', 'Skarner', 'Taliyah', 'Varus', 'Zed')",2,0,2
"('Akshan', 'Rell', 'Sejuani', 'Varus', 'Viego')",2,0,2
"('Anivia', 'Kennen', 'Thresh', 'Varus', 'Viego')",0,2,2
"('Alistar', 'Camille', 'Hwei', ""Rek'Sai"", 'Varus')",2,0,2
"('Cassiopeia', ""Cho'Gath"", 'Varus', 'Viego', 'Xin Zhao')",0,2,2
"('Anivia', ""K'Sante"", 'Lucian', 'Pyke', 'Taliyah')",2,0,2
"('Aatrox', 'Ahri', 'Lee Sin', 'Taric', 'Twitch')",0,2,2
"('Kennen', 'LeBlanc', 'Lucian', 'Nami', 'Xin Zhao')",0,2,2
"('Cassiopeia', 'Graves', 'Jinx', ""K'Sante"", 'Lulu')",0,2,2
"('Ashe', 'Hecarim', 'Hwei', 'Jax', 'Nautilus')",0,2,2
"('Blitzcrank', 'Hwei', 'Kalista', 'Malphite', 'Viego')",0,2,2
"(""Kai'Sa"", 'Mordekaiser', 'Rell', 'Twisted Fate', 'Viego')",2,0,2
"('Bard', 'Hwei', 'Jayce', 'Jinx', 'Xin Zhao')",2,0,2
"('Fiddlesticks', 'Jinx', ""K'Sante"", 'Neeko', 'Taric')",2,0,2
"('Ashe', 'Gwen', 'Jayce', 'Skarner', 'Varus')",2,0,2
"('Akali', 'Ashe', 'Tahm Kench', 'Varus', 'Vi')",0,2,2
"('Galio', 'Nautilus', 'Nidalee', 'Pantheon', 'Varus')",2,0,2
"('Nidalee', 'Thresh', 'Varus', 'Yasuo', 'Zac')",2,0,2
"('Nautilus', 'Pantheon', 'Taliyah', 'Udyr', 'Varus')",0,2,2
"('Ahri', 'Camille', 'Kennen', 'Kindred', 'Varus')",0,2,2
"('Ashe', 'Cassiopeia', 'Hwei', 'Rell', 'Viego')",2,0,2
"('Rengar', 'Seraphine', 'Varus', 'Vex', 'Viego')",0,2,2
"('Braum', 'Camille', 'Jinx', 'Kindred', 'LeBlanc')",0,2,2
"('Brand', ""Kai'Sa"", 'Pyke', 'Skarner', 'Twisted Fate')",2,0,2
"(""Kai'Sa"", 'Kennen', 'Master Yi', 'Nautilus', 'Orianna')",2,0,2
"('Caitlyn', 'Galio', 'Graves', 'Hwei', 'Rumble')",2,0,2
"('Fiddlesticks', 'Pantheon', 'Rumble', 'Varus', 'Zoe')",0,2,2
"('Jax', 'Rell', 'Rengar', 'Samira', 'Zoe')",2,0,2
"('Bard', 'Kindred', 'Olaf', 'Syndra', 'Varus')",2,0,2
"('Hwei', ""Kha'Zix"", 'Lulu', 'Rumble', 'Zeri')",0,2,2
"('Brand', 'Olaf', 'Rell', 'Samira', 'Zed')",2,0,2
"('Brand', ""Kai'Sa"", 'Kindred', 'Rumble', 'Yone')",2,0,2
"('Aurelion Sol', 'Lee Sin', 'Sona', 'Tryndamere', 'Zeri')",0,2,2
"('Ashe', 'Bard', 'Corki', 'Kennen', 'Nidalee')",0,2,2
"('Aurelion Sol', 'Corki', 'Nasus', 'Sona', 'Xin Zhao')",0,2,2
"('Aurelion Sol', ""Kai'Sa"", 'Rell', 'Tristana', 'Viego')",2,0,2
"('Akali', 'Aurelion Sol', 'Draven', 'Nautilus', 'Viego')",0,2,2
"('Alistar', 'Ashe', 'Aurelion Sol', 'Camille', 'Graves')",2,0,2
"('Lee Sin', 'Ryze', 'Taliyah', 'Taric', 'Varus')",2,0,2
"('Corki', 'Graves', 'Irelia', 'Rell', 'Sylas')",2,0,2
"('Aurelion Sol', 'Camille', 'Jhin', 'Master Yi', 'Yone')",2,0,2
"('Alistar', 'Draven', 'Karthus', 'Kennen', 'Tristana')",2,0,2
"('Aurelion Sol', 'Lucian', 'Nautilus', 'Nidalee', 'Viego')",0,2,2
"('Aurelion Sol', 'Brand', 'Gwen', 'Irelia', 'Twisted Fate')",0,2,2
"('Aurelion Sol', ""Bel'Veth"", 'Jhin', ""K'Sante"", 'Zyra')",0,2,2
"('Akali', 'Draven', ""Kha'Zix"", 'Renata Glasc', 'Renekton')",0,2,2
"('Ashe', 'Graves', 'Pyke', 'Shen', 'Zoe')",0,2,2
"('Karthus', 'Senna', 'Seraphine', 'Shen', 'Talon')",0,2,2
"('Gragas', 'Jax', 'Jinx', 'Skarner', 'Zed')",2,0,2
"('Azir', ""Kai'Sa"", 'Rell', 'Viego', 'Wukong')",2,0,2
"('Hwei', 'Lulu', 'Sion', 'Varus', 'Viego')",0,2,2
"('Galio', ""Kai'Sa"", ""Kha'Zix"", 'Thresh', 'Viktor')",2,0,2
"('Darius', 'Kalista', 'Taliyah', 'Taric', 'Tristana')",0,2,2
"('Jax', ""Kai'Sa"", 'Taliyah', 'Tristana', 'Zyra')",2,0,2
"('Jinx', 'Lee Sin', 'Neeko', 'Renekton', 'Thresh')",2,0,2
"('Hwei', 'Lillia', 'Miss Fortune', 'Nautilus', 'Renekton')",2,0,2
"('Amumu', 'Jhin', 'Kennen', 'Renekton', 'Taric')",2,0,2
"('Alistar', 'Ashe', 'Jayce', 'Skarner', 'Syndra')",2,0,2
"('Aphelios', 'Camille', 'Hwei', 'Lee Sin', 'Thresh')",2,0,2
"('Akshan', 'Cassiopeia', 'Ezreal', ""Rek'Sai"", 'Rell')",2,0,2
"('Akshan', 'Illaoi', 'Jhin', 'Karma', 'Nidalee')",2,0,2
"('Akshan', 'Leona', 'Rengar', 'Varus', 'Viktor')",2,0,2
"(""Kai'Sa"", 'Malphite', 'Maokai', 'Viego', 'Vladimir')",2,0,2
"('Blitzcrank', ""K'Sante"", 'Viego', 'Zeri', 'Zoe')",0,2,2
"(""Kai'Sa"", 'Lillia', 'Nautilus', 'Tristana', 'Twisted Fate')",0,2,2
"('Caitlyn', 'Renekton', 'Taliyah', 'Thresh', 'Yone')",0,2,2
"('Aurelion Sol', 'Kalista', 'Rell', 'Twisted Fate', 'Viego')",0,2,2
"('Cassiopeia', 'Kindred', 'Senna', 'Tristana', 'Zilean')",0,2,2
"('Camille', ""Kai'Sa"", 'Lissandra', 'Quinn', 'Vi')",0,2,2
"(""Kha'Zix"", 'Vex', 'Yone', 'Zeri', 'Zoe')",2,0,2
"('Ashe', 'Lee Sin', 'Skarner', 'Twisted Fate', 'Zoe')",0,2,2
"('Gragas', ""Kai'Sa"", 'Lillia', 'Nautilus', 'Yone')",2,0,2
"('Kalista', 'Renata Glasc', 'Rumble', 'Taliyah', 'Yasuo')",2,0,2
"('Jinx', 'Kennen', 'Kindred', 'Taric', 'Xerath')",0,2,2
"('Braum', 'Gwen', 'Jhin', ""K'Sante"", 'Tristana')",0,2,2
"('Kalista', 'Kindred', 'Thresh', 'Twisted Fate', 'Zoe')",2,0,2
"('Graves', 'LeBlanc', 'Nautilus', 'Rumble', 'Varus')",2,0,2
"('Akali', 'Blitzcrank', 'Draven', 'Fiora', 'Graves')",0,2,2
"('Corki', 'Diana', 'Rell', 'Skarner', 'Zed')",0,2,2
"('Corki', 'Jhin', 'Leona', 'Lillia', 'Rumble')",0,2,2
"('Corki', ""K'Sante"", 'Orianna', ""Rek'Sai"", 'Thresh')",0,2,2
"('Akali', 'Jax', 'Jinx', 'Nautilus', 'Xin Zhao')",2,0,2
"('Corki', 'Karthus', 'Pyke', 'Vayne', ""Vel'Koz"")",2,0,2
"('Blitzcrank', 'Corki', 'Darius', 'Graves', 'Twisted Fate')",0,2,2
"('Azir', 'Braum', 'Jinx', ""Rek'Sai"", 'Rumble')",0,2,2
"('Jhin', 'Nautilus', 'Sett', 'Taliyah', 'Tristana')",0,2,2
"('Katarina', 'Rell', 'Samira', 'Skarner', 'Viego')",0,2,2
"('Draven', 'Kled', 'Nidalee', 'Pantheon', 'Qiyana')",0,2,2
"('Draven', 'Kennen', 'Pantheon', 'Pyke', 'Skarner')",2,0,2
"('Jhin', 'Malphite', 'Orianna', 'Rakan', 'Viego')",2,0,2
"('Aphelios', 'Nautilus', 'Nidalee', 'Renekton', 'Yone')",0,2,2
"('Ezreal', 'Graves', 'Hwei', 'Leona', 'Skarner')",2,0,2
"('Corki', 'Lillia', 'Rakan', 'Skarner', 'Smolder')",0,2,2
"('Graves', 'LeBlanc', 'Leona', 'Samira', 'Skarner')",0,2,2
"('Corki', 'Jayce', 'Nautilus', 'Taliyah', 'Tristana')",1,1,2
"('Gangplank', 'Hwei', 'Jhin', 'Lillia', 'Nautilus')",2,0,2
"('Graves', 'Katarina', 'Rumble', 'Varus', 'Zyra')",0,2,2
"('Blitzcrank', 'Jinx', ""K'Sante"", 'Lee Sin', 'Lissandra')",2,0,2
"('Graves', 'Kalista', 'LeBlanc', 'Nautilus', 'Skarner')",0,2,2
"('Aphelios', 'Diana', 'Rakan', 'Shaco', 'Tryndamere')",0,2,2
"('Kennen', 'Kindred', 'Malzahar', 'Varus', 'Zyra')",2,0,2
"('Akshan', 'Ashe', 'Master Yi', 'Rumble', 'Thresh')",2,0,2
"('Graves', ""Kai'Sa"", 'Renekton', 'Skarner', 'Zoe')",2,0,2
"('Graves', 'Leona', 'Sylas', 'Varus', 'Zac')",2,0,2
"('Akali', 'Blitzcrank', 'Gangplank', 'Graves', 'Varus')",0,2,2
"('Jinx', 'Karthus', ""Rek'Sai"", 'Renekton', 'Thresh')",0,2,2
"('Jinx', 'Nidalee', 'Pantheon', 'Thresh', 'Urgot')",0,2,2
"('Lillia', 'Pantheon', 'Thresh', 'Twisted Fate', 'Varus')",0,2,2
"('Darius', 'Karthus', 'Thresh', 'Varus', 'Zed')",0,2,2
"('Cassiopeia', 'Corki', 'Hwei', ""K'Sante"", 'Lee Sin')",2,0,2
"('Ashe', 'Braum', 'Jayce', 'Taliyah', 'Viego')",2,0,2
"('Akshan', 'Bard', 'Caitlyn', 'Jayce', 'Taliyah')",0,2,2
"('Camille', 'Kalista', 'Katarina', 'Nautilus', 'Nidalee')",2,0,2
"('Camille', 'Jhin', 'Pantheon', 'Rell', 'Twisted Fate')",0,2,2
"('Brand', 'Jayce', 'Jinx', 'Thresh', 'Yone')",2,0,2
"('Ashe', ""Bel'Veth"", 'Skarner', 'Twisted Fate', 'Varus')",2,0,2
"('Irelia', 'Lillia', 'Lucian', 'Rell', 'Tristana')",0,2,2
"('Jax', 'Jinx', ""K'Sante"", 'Orianna', 'Rell')",2,0,2
"('Jinx', 'Lee Sin', 'Rumble', 'Thresh', 'Yasuo')",0,2,2
"('Corki', 'Darius', 'Hwei', 'Rell', 'Vi')",2,0,2
"('Akshan', 'Cassiopeia', 'Diana', 'Jhin', 'Rell')",0,2,2
"('Ashe', 'Camille', 'Katarina', 'Lee Sin', 'Varus')",0,2,2
"(""Kai'Sa"", 'Lee Sin', 'Leona', 'Lillia', 'Rumble')",0,2,2
"('Camille', 'Galio', 'Jinx', 'Orianna', 'Vi')",2,0,2
"('Corki', 'Jinx', ""K'Sante"", 'Rell', 'Taliyah')",0,2,2
"('Camille', 'Draven', 'Lissandra', 'Taliyah', 'Thresh')",2,0,2
"('Dr. Mundo', 'Gragas', 'Jinx', 'Maokai', 'Viego')",2,0,2
"(""Kai'Sa"", 'Seraphine', 'Sylas', 'Vayne', 'Vi')",2,0,2
"('Braum', 'Darius', 'Katarina', 'Nidalee', 'Zeri')",2,0,2
"('Gragas', 'Jinx', 'Katarina', 'Lee Sin', 'Thresh')",0,2,2
"('Aphelios', 'Jayce', 'Katarina', 'Pantheon', 'Shen')",0,2,2
"('Hwei', ""Kai'Sa"", 'Kindred', 'Nautilus', 'Rumble')",0,2,2
"('Gragas', 'Graves', ""Kai'Sa"", 'Katarina', 'Pyke')",2,0,2
"(""Kai'Sa"", 'Leona', 'Skarner', 'Taliyah', 'Tristana')",0,2,2
"('Akshan', 'Blitzcrank', 'Jhin', ""K'Sante"", 'Lillia')",0,2,2
"('Jayce', 'Kalista', 'Karthus', 'Nautilus', 'Skarner')",0,2,2
"('Ezreal', 'Graves', 'Gwen', 'Katarina', 'Pyke')",2,0,2
"('Katarina', 'Nautilus', 'Nidalee', 'Rengar', 'Samira')",2,0,2
"('Draven', 'Hecarim', 'Jax', 'Pyke', 'Yasuo')",2,0,2
"('Nidalee', 'Nilah', 'Qiyana', 'Renekton', 'Seraphine')",2,0,2
"('Jax', 'Jayce', 'Lux', 'Nidalee', 'Varus')",0,2,2
"('Camille', 'Jhin', 'Lillia', 'Lissandra', 'Rengar')",2,0,2
"('Brand', 'Jayce', 'Rengar', 'Seraphine', 'Thresh')",2,0,2
"('Aphelios', 'Blitzcrank', 'Lee Sin', 'Rumble', 'Zoe')",0,2,2
"('Jax', 'Neeko', 'Nilah', 'Pantheon', 'Skarner')",2,0,2
"('Fiora', 'Lillia', 'Rakan', 'Samira', 'Twisted Fate')",0,2,2
"('Hwei', 'Nautilus', ""Rek'Sai"", 'Senna', 'Viego')",0,2,2
"('Camille', 'Jinx', ""K'Sante"", 'Skarner', 'Sylas')",2,0,2
"('Aphelios', 'Camille', 'Lulu', 'Rakan', 'Xin Zhao')",0,2,2
"('Jhin', 'Neeko', 'Rengar', 'Tahm Kench', 'Viego')",2,0,2
"('Corki', 'Jax', 'Nautilus', 'Nidalee', 'Twitch')",2,0,2
"(""K'Sante"", 'Lillia', 'Nautilus', 'Senna', 'Yone')",2,0,2
"('Caitlyn', 'Jayce', 'Nidalee', 'Skarner', 'Zyra')",0,2,2
"('Jinx', 'Karthus', 'Sion', 'Thresh', 'Tristana')",2,0,2
"('Heimerdinger', 'Nidalee', 'Smolder', 'Sona', 'Viego')",0,2,2
"('Graves', 'Pantheon', 'Pyke', 'Rumble', 'Smolder')",2,0,2
"('Draven', 'Hwei', 'Kennen', 'Poppy', 'Rakan')",0,2,2
"('Braum', 'Camille', 'Smolder', 'Syndra', 'Viego')",2,0,2
"('Ashe', ""K'Sante"", 'Taliyah', 'Varus', 'Yone')",2,0,2
"('LeBlanc', 'Leona', 'Smolder', 'Viego', 'Zac')",0,2,2
"('Amumu', 'Hwei', ""K'Sante"", ""Kai'Sa"", 'Rell')",2,0,2
"('Ashe', 'Corki', 'Kindred', 'Rengar', 'Thresh')",0,2,2
"('Aurelion Sol', 'Corki', 'Rengar', 'Thresh', 'Xin Zhao')",2,0,2
"('Braum', 'Cassiopeia', 'Draven', 'Elise', 'Tristana')",2,0,2
"('Karma', 'Skarner', 'Syndra', 'Varus', 'Zac')",2,0,2
"('LeBlanc', 'Leona', 'Viego', 'Yone', 'Ziggs')",2,0,2
"('Graves', 'Jhin', 'Kennen', 'Rell', 'Yone')",2,0,2
"('Corki', 'Poppy', 'Rengar', 'Tristana', 'Vi')",2,0,2
"('Blitzcrank', 'Lillia', 'Rengar', 'Tristana', 'Zeri')",2,0,2
"('Kindred', 'Rakan', 'Rengar', 'Twisted Fate', 'Zeri')",2,0,2
"('Ashe', 'Braum', 'Taliyah', 'Tryndamere', 'Yasuo')",2,0,2
"('Hwei', 'Jayce', 'Rakan', 'Skarner', 'Varus')",2,0,2
"('Diana', 'Fiora', 'Leona', 'Lucian', 'Yasuo')",2,0,2
"('Ahri', 'Jinx', 'Kindred', 'Nautilus', 'Yone')",0,2,2
"('Jinx', 'Kindred', 'Nautilus', 'Rengar', 'Syndra')",0,2,2
"('Ezreal', 'Graves', 'Renekton', 'Seraphine', 'Syndra')",0,2,2
"('Aphelios', 'Galio', 'Kindred', 'Rengar', 'Thresh')",2,0,2
"('Irelia', 'Rengar', ""Vel'Koz"", 'Viego', 'Zilean')",2,0,2
"('Rumble', 'Seraphine', 'Varus', 'Viego', 'Yone')",0,2,2
"('Braum', 'Illaoi', ""Rek'Sai"", 'Sylas', 'Twitch')",0,2,2
"(""Kai'Sa"", 'Leona', 'Nidalee', 'Olaf', 'Tristana')",0,2,2
"('Cassiopeia', 'Lucian', 'Nami', 'Vex', 'Viego')",2,0,2
"('Kindred', 'Nautilus', 'Rengar', 'Twitch', 'Zoe')",2,0,2
"('Caitlyn', 'Hwei', 'Rakan', 'Rumble', 'Skarner')",2,0,2
"('Alistar', 'Jhin', 'Karthus', 'Ornn', 'Yasuo')",0,2,2
"('Kindred', 'Lucian', 'Malphite', 'Nami', 'Rengar')",0,2,2
"('Ashe', 'Irelia', 'Karma', 'Maokai', 'Tristana')",2,0,2
"('Blitzcrank', 'Draven', 'Hwei', 'Rengar', 'Viego')",0,2,2
"('Neeko', 'Rengar', 'Viego', 'Xayah', 'Zoe')",0,2,2
"('Gangplank', 'Katarina', 'Neeko', 'Varus', 'Xin Zhao')",0,2,2
"('Draven', 'Nidalee', 'Rell', 'Skarner', 'Tristana')",2,0,2
"('Lucian', 'Nami', 'Nidalee', 'Sion', 'Yone')",2,0,2
"('Galio', 'Kalista', 'Renekton', 'Twisted Fate', 'Viego')",0,2,2
"('Aphelios', 'Hwei', 'Jax', 'Nautilus', 'Skarner')",0,2,2
"('Graves', 'Hwei', ""Kai'Sa"", 'Nautilus', 'Ornn')",0,2,2
"('Ashe', 'Lulu', 'Skarner', 'Vex', 'Yasuo')",0,2,2
"('Brand', 'Corki', 'Kled', 'Thresh', 'Zeri')",2,0,2
"('Alistar', 'Brand', 'Pantheon', 'Skarner', 'Zeri')",2,0,2
"('Aatrox', 'Blitzcrank', 'Hwei', ""Kai'Sa"", 'Nidalee')",2,0,2
"('Hwei', 'Nautilus', 'Nidalee', 'Skarner', 'Tristana')",0,2,2
"(""Kai'Sa"", 'Nidalee', 'Poppy', 'Thresh', 'Tryndamere')",0,2,2
"('Ezreal', 'Karthus', 'Pantheon', 'Senna', 'Tristana')",0,2,2
"('Hwei', ""Rek'Sai"", 'Senna', 'Smolder', 'Xin Zhao')",0,2,2
"(""Cho'Gath"", 'Gragas', 'Lee Sin', 'Rell', 'Tristana')",2,0,2
"('Aatrox', ""Bel'Veth"", 'Braum', 'Hwei', 'Vayne')",0,2,2
"('Blitzcrank', 'Caitlyn', 'Fiora', ""Kha'Zix"", 'Syndra')",0,2,2
"('Camille', ""Kai'Sa"", 'Renekton', 'Rumble', 'Twisted Fate')",2,0,2
"('Hecarim', 'Pyke', 'Vayne', 'Vex', 'Ziggs')",0,2,2
"('Jax', ""Kai'Sa"", 'Nautilus', 'Taliyah', 'Twisted Fate')",2,0,2
"('Jhin', 'Renekton', 'Taliyah', 'Thresh', 'Viktor')",2,0,2
"('Kindred', 'Lux', 'Malphite', 'Tristana', 'Varus')",2,0,2
"('Brand', 'Corki', 'Nasus', 'Rumble', 'Twitch')",0,2,2
"(""K'Sante"", 'Nautilus', 'Taliyah', 'Varus', 'Yone')",0,2,2
"('Aurelion Sol', 'Lucian', 'Nami', 'Viego', 'Yorick')",2,0,2
"('Ahri', 'Corki', 'Graves', 'Leona', 'Vayne')",0,2,2
"('Gnar', 'Nautilus', 'Nidalee', 'Xayah', 'Zed')",2,0,2
"('Braum', 'Karthus', 'Lucian', 'Renekton', 'Tristana')",0,2,2
"('Corki', 'Morgana', 'Rell', 'Samira', 'Skarner')",0,2,2
"('Corki', 'Dr. Mundo', 'Heimerdinger', 'Kindred', 'Skarner')",2,0,2
"('Alistar', 'Nidalee', 'Olaf', 'Smolder', 'Talon')",0,2,2
"('Hwei', 'Karma', ""Kha'Zix"", 'Nasus', 'Smolder')",2,0,2
"('Gwen', 'Hwei', 'Pantheon', 'Samira', 'Skarner')",0,2,2
"('Aatrox', 'Ekko', 'Jinx', 'Nautilus', 'Twisted Fate')",2,0,2
"('Darius', 'Draven', 'Lulu', 'Taliyah', 'Zed')",2,0,2
"('Corki', 'Draven', 'Elise', 'Jax', 'Renata Glasc')",0,2,2
"('Fiora', 'Hwei', 'Rengar', 'Seraphine', 'Varus')",2,0,2
"('Akshan', 'Draven', 'Jax', 'Karthus', 'Renata Glasc')",0,2,2
"('Kennen', 'Kindred', 'Nautilus', 'Qiyana', 'Smolder')",0,2,2
"('Akshan', 'Draven', 'Gnar', 'Karthus', 'Nautilus')",2,0,2
"('Bard', 'Jhin', 'Lillia', 'Tristana', 'Yasuo')",2,0,2
"('Gwen', 'Kalista', 'Renata Glasc', 'Sylas', 'Yasuo')",2,0,2
"('Hwei', 'Janna', 'Kled', 'Lee Sin', 'Xayah')",0,2,2
"('Neeko', 'Sett', 'Sivir', 'Udyr', 'Yasuo')",0,2,2
"('Cassiopeia', 'Jhin', 'Maokai', 'Rumble', 'Tristana')",0,2,2
"('Jinx', 'Skarner', 'Thresh', 'Vex', 'Viego')",0,2,2
"('Blitzcrank', 'Irelia', 'Jinx', 'Taliyah', 'Tristana')",2,0,2
"('Aatrox', 'Akshan', 'Corki', 'Evelynn', 'Renata Glasc')",0,2,2
"('Camille', ""Kai'Sa"", 'Karthus', 'Nautilus', 'Zed')",2,0,2
"('Brand', 'Fiddlesticks', 'Rakan', 'Skarner', 'Vayne')",0,2,2
"(""Kai'Sa"", 'LeBlanc', 'Renekton', 'Skarner', 'Thresh')",0,2,2
"('LeBlanc', 'Nocturne', 'Rakan', 'Viego', 'Zeri')",2,0,2
"('Akshan', 'Brand', ""K'Sante"", 'Nautilus', 'Zeri')",2,0,2
"('Alistar', 'Camille', 'Hwei', 'Lee Sin', 'Zeri')",2,0,2
"('Ashe', 'Corki', 'Lillia', 'Swain', 'Viego')",0,2,2
"('Braum', 'Ezreal', 'Graves', 'LeBlanc', 'Skarner')",0,2,2
"('Aurelion Sol', 'Heimerdinger', ""Kha'Zix"", 'Pyke', 'Tryndamere')",2,0,2
"('Rell', 'Samira', 'Syndra', 'Xin Zhao', 'Yone')",2,0,2
"('Jayce', ""Kai'Sa"", 'Nautilus', 'Poppy', 'Twisted Fate')",2,0,2
"(""Kai'Sa"", 'LeBlanc', 'Pantheon', 'Rakan', 'Sejuani')",2,0,2
"('Jinx', 'Taliyah', 'Teemo', 'Thresh', 'Viego')",2,0,2
"('Galio', 'Kalista', 'Lee Sin', 'Nasus', 'Yone')",2,0,2
"('Karthus', 'Senna', 'Taric', 'Tristana', 'Varus')",0,2,2
"('Ashe', 'LeBlanc', 'Lee Sin', 'Varus', 'Yone')",0,2,2
"('Corki', ""Kai'Sa"", 'Karthus', 'Rell', 'Twisted Fate')",2,0,2
"('Jayce', 'Kalista', 'Karthus', 'Neeko', 'Poppy')",0,2,2
"('Ahri', 'Ashe', 'Kennen', 'Nautilus', 'Viego')",2,0,2
"('Akshan', 'Hwei', 'Kalista', 'Mordekaiser', 'Vi')",0,2,2
"('Galio', ""Kai'Sa"", 'Renekton', 'Taliyah', 'Vi')",0,2,2
"('Aatrox', 'Ashe', 'Katarina', 'Poppy', 'Viego')",2,0,2
"('Kennen', 'Neeko', 'Shaco', 'Twisted Fate', 'Varus')",2,0,2
"('Dr. Mundo', 'Hwei', 'Jhin', 'Neeko', ""Rek'Sai"")",2,0,2
"('Jax', ""Kai'Sa"", 'Lee Sin', 'Nautilus', 'Zoe')",0,2,2
"('Hwei', 'Lucian', 'Neeko', ""Rek'Sai"", 'Tristana')",2,0,2
"('Gnar', 'Nautilus', ""Rek'Sai"", 'Rumble', 'Senna')",0,2,2
"('Corki', 'Graves', 'Master Yi', 'Nautilus', 'Taliyah')",2,0,2
"('Lillia', 'Rumble', 'Skarner', 'Tristana', 'Varus')",0,2,2
"('LeBlanc', 'Malphite', 'Rengar', 'Taric', 'Varus')",2,0,2
"('Blitzcrank', 'Cassiopeia', ""Kai'Sa"", ""Rek'Sai"", 'Tryndamere')",2,0,2
"('Hwei', 'Jhin', ""Kha'Zix"", 'Skarner', 'Soraka')",0,2,2
"('Aphelios', 'Corki', 'Dr. Mundo', ""Rek'Sai"", 'Thresh')",2,0,2
"('Irelia', 'Nidalee', 'Seraphine', 'Skarner', 'Zeri')",2,0,2
"('Corki', 'Kindred', 'LeBlanc', 'Rakan', 'Skarner')",0,2,2
"('Ahri', 'Corki', 'Kindred', 'Pyke', 'Urgot')",2,0,2
"('Alistar', 'Aurelion Sol', 'Gangplank', 'Graves', 'Xayah')",2,0,2
"('Anivia', 'Braum', 'Kalista', 'Skarner', 'Viego')",0,2,2
"('Caitlyn', 'Jax', 'Kindred', 'LeBlanc', 'Seraphine')",2,0,2
"('Akali', 'Bard', 'Draven', 'Gwen', ""Rek'Sai"")",2,0,2
"('Blitzcrank', 'Corki', 'Hecarim', 'Hwei', 'Malphite')",0,2,2
"('Gragas', 'Karma', 'Rengar', 'Twisted Fate', 'Zeri')",2,0,2
"('LeBlanc', 'Rell', 'Viego', 'Xin Zhao', 'Zeri')",2,0,2
"('Aatrox', 'Akshan', 'Lillia', 'Rell', 'Samira')",2,0,2
"('Ahri', 'Irelia', 'Jinx', 'Naafiri', 'Nautilus')",0,2,2
"('Alistar', 'Jhin', ""Rek'Sai"", 'Riven', 'Taliyah')",0,2,2
"('Akali', 'Ashe', 'Graves', 'Taliyah', 'Zyra')",2,0,2
"('Aurelion Sol', 'Bard', 'Jinx', 'Nidalee', 'Renekton')",2,0,2
"('Graves', 'Lulu', 'Poppy', 'Varus', 'Vex')",2,0,2
"('Jhin', ""K'Sante"", 'Rengar', 'Volibear', 'Zyra')",0,2,2
"('Ahri', ""K'Sante"", 'Nautilus', 'Varus', 'Xin Zhao')",2,0,2
"('Aphelios', 'Irelia', 'Syndra', 'Thresh', 'Viego')",2,0,2
"('Blitzcrank', ""K'Sante"", ""Kai'Sa"", 'Nidalee', 'Tristana')",2,0,2
"('Aatrox', 'Gragas', 'Lucian', 'Nami', 'Yone')",2,0,2
"('Ashe', 'Gnar', 'Hwei', 'Rumble', 'Viego')",0,2,2
"('Janna', 'Nidalee', 'Renekton', 'Tristana', 'Varus')",2,0,2
"('Jax', 'Nautilus', 'Taliyah', 'Varus', 'Yasuo')",2,0,2
"('Camille', 'Jayce', ""Kai'Sa"", 'Karthus', 'Nautilus')",2,0,2
"('Corki', 'Kindred', 'Pyke', 'Taliyah', 'Viego')",2,0,2
"('Aatrox', 'Ahri', ""Rek'Sai"", 'Rell', 'Samira')",2,0,2
"('Aurelion Sol', 'Camille', 'Kennen', 'Nunu & Willump', ""Rek'Sai"")",2,0,2
"('Kindred', 'Nautilus', 'Tryndamere', 'Varus', 'Vex')",0,2,2
"('Alistar', 'Gragas', 'Kindred', 'Smolder', 'Syndra')",0,2,2
"('Cassiopeia', 'Hecarim', 'Kled', 'Pyke', 'Seraphine')",0,2,2
"('Akshan', 'Camille', 'Hwei', 'Jinx', 'Viego')",2,0,2
"('Azir', 'Galio', 'Jhin', ""Kha'Zix"", 'Malphite')",2,0,2
"('Ashe', 'Jax', 'Jhin', 'Twisted Fate', 'Zyra')",2,0,2
"('Hwei', 'LeBlanc', ""Rek'Sai"", 'Urgot', 'Varus')",0,2,2
"('Hwei', ""K'Sante"", 'Rengar', 'Rumble', 'Varus')",2,0,2
"('Dr. Mundo', 'Galio', 'Hecarim', 'Jinx', 'Poppy')",2,0,2
"('Cassiopeia', 'Jax', 'Jhin', 'Neeko', 'Rakan')",0,2,2
"('Ashe', 'Braum', 'Corki', 'Dr. Mundo', 'Hecarim')",2,0,2
"('Alistar', 'Corki', 'Gnar', 'Hwei', 'Udyr')",2,0,2
"('Cassiopeia', 'Ekko', 'Fiora', 'Nautilus', 'Yasuo')",0,2,2
"('Hwei', 'Jax', 'Nautilus', ""Rek'Sai"", 'Varus')",2,0,2
"('Ashe', 'Braum', 'Galio', 'Graves', 'Skarner')",2,0,2
"('Braum', 'Jax', ""Kai'Sa"", 'Master Yi', 'Twisted Fate')",0,2,2
"('Hwei', ""Rek'Sai"", 'Taliyah', 'Varus', 'Yone')",0,2,2
"('Gragas', 'Gwen', 'Jayce', 'Katarina', 'Zeri')",2,0,2
"('Ashe', 'Corki', 'Elise', 'Gnar', 'Rumble')",2,0,2
"(""K'Sante"", 'LeBlanc', 'Lee Sin', 'Smolder', 'Xerath')",0,2,2
"('Ahri', 'Jinx', 'Lee Sin', 'Poppy', 'Rumble')",2,0,2
"('Ahri', 'Jinx', 'Rumble', 'Skarner', 'Xin Zhao')",2,0,2
"('Gragas', 'Jinx', 'LeBlanc', 'Talon', 'Thresh')",0,2,2
"('Alistar', 'Camille', 'Jhin', 'Rumble', 'Tristana')",2,0,2
"('Gnar', ""Kai'Sa"", 'Lee Sin', 'Milio', 'Zoe')",2,0,2
"('Cassiopeia', 'Jhin', 'Lee Sin', 'Lissandra', 'Thresh')",2,0,2
"('Hwei', ""Kai'Sa"", ""Kha'Zix"", 'LeBlanc', 'Nasus')",0,2,2
"('Ahri', 'Cassiopeia', 'Rakan', 'Skarner', 'Vi')",0,2,2
"('Diana', 'Rakan', 'Rengar', 'Talon', 'Zeri')",0,2,2
"('Aatrox', 'Hwei', 'Nautilus', 'Senna', 'Taliyah')",2,0,2
"('Azir', 'Jax', 'Viego', 'Zac', 'Zeri')",0,2,2
"('Darius', ""Kai'Sa"", 'Nautilus', 'Nidalee', 'Tristana')",0,2,2
"('Hwei', ""Kai'Sa"", 'Rengar', 'Seraphine', 'Skarner')",0,2,2
"('Camille', ""Kog'Maw"", 'Lulu', 'Taliyah', 'Viego')",0,2,2
"('Jinx', 'Nidalee', 'Qiyana', 'Skarner', 'Thresh')",2,0,2
"('Camille', ""Kai'Sa"", 'Lillia', 'Qiyana', 'Twisted Fate')",0,2,2
"('Ezreal', 'Gragas', 'Heimerdinger', 'Nautilus', 'Tristana')",2,0,2
"('Braum', ""Cho'Gath"", ""Kai'Sa"", 'Taliyah', 'Yone')",0,2,2
"('Corki', 'Kled', 'LeBlanc', 'Lee Sin', 'Seraphine')",2,0,2
"('Gragas', 'Jhin', 'Nautilus', 'Orianna', 'Xin Zhao')",0,2,2
"('Blitzcrank', 'Caitlyn', 'Gragas', 'Taliyah', 'Viego')",2,0,2
"(""Bel'Veth"", 'Cassiopeia', 'Nautilus', 'Tristana', 'Varus')",2,0,2
"('Alistar', 'Fiddlesticks', ""Kai'Sa"", 'Lissandra', 'Renekton')",2,0,2
"('Akali', 'Hecarim', 'Rell', 'Skarner', 'Zeri')",2,0,2
"('Blitzcrank', 'Fiddlesticks', 'Varus', 'Wukong', 'Yasuo')",2,0,2
"('Camille', 'Gragas', 'Nidalee', 'Tristana', 'Zeri')",0,2,2
"('Camille', 'Jinx', 'Lee Sin', 'Orianna', 'Thresh')",2,0,2
"('Ahri', 'Corki', 'Jarvan IV', 'Maokai', 'Skarner')",2,0,2
"('Corki', 'Hwei', 'Rumble', 'Seraphine', 'Twisted Fate')",2,0,2
"('Alistar', 'Nidalee', 'Samira', 'Skarner', 'Syndra')",0,2,2
"('Ashe', 'Lissandra', ""Rek'Sai"", 'Renata Glasc', 'Skarner')",2,0,2
"(""Kai'Sa"", 'Nautilus', 'Urgot', 'Viego', 'Xerath')",2,0,2
"(""Kai'Sa"", 'Lissandra', 'Rell', 'Renekton', 'Rengar')",0,2,2
"('Camille', 'Hwei', ""Kai'Sa"", ""Rek'Sai"", 'Rell')",2,0,2
"('Alistar', 'Ashe', 'Hwei', ""K'Sante"", ""Rek'Sai"")",2,0,2
"('Corki', 'Jhin', 'Lillia', 'Rell', 'Renekton')",0,2,2
"('Aurelion Sol', 'Braum', 'Caitlyn', 'Graves', 'Mordekaiser')",0,2,2
"('Ashe', 'Caitlyn', 'Camille', 'Elise', 'Jayce')",2,0,2
"('Fiora', 'Graves', 'Sylas', 'Taric', 'Tristana')",2,0,2
"('Ashe', 'Galio', 'Hecarim', 'Jinx', 'Rumble')",2,0,2
"('Caitlyn', 'Hecarim', 'Hwei', 'Kennen', 'Yone')",0,2,2
"('Caitlyn', 'Fiddlesticks', 'Lux', 'Riven', 'Tristana')",0,2,2
"('Braum', 'Gragas', ""Kai'Sa"", 'Rengar', 'Syndra')",2,0,2
"('Ekko', 'Graves', 'Jhin', ""K'Sante"", 'Karma')",0,2,2
"('Fiora', 'Rakan', 'Rengar', 'Zeri', 'Zoe')",2,0,2
"('Camille', ""Kai'Sa"", 'Kennen', 'Ornn', 'Viego')",2,0,2
"('Gwen', 'Heimerdinger', 'Twisted Fate', 'Varus', 'Viego')",2,0,2
"('Kennen', 'Miss Fortune', 'Rell', 'Viego', 'Zoe')",2,0,2
"('Corki', 'Fiora', 'Kindred', 'LeBlanc', 'Thresh')",0,2,2
"('LeBlanc', 'Lee Sin', 'Nautilus', 'Ryze', 'Twitch')",0,2,2
"('Fiora', 'Hecarim', ""Kai'Sa"", 'LeBlanc', 'Rell')",2,0,2
"('Ashe', 'Cassiopeia', 'Gragas', 'Graves', 'Taric')",0,2,2
"('Galio', 'Graves', 'Skarner', 'Varus', 'Vayne')",0,2,2
"('Draven', 'Irelia', 'Lee Sin', 'Orianna', 'Rell')",0,2,2
"('Katarina', ""Kha'Zix"", 'Mordekaiser', 'Nautilus', 'Varus')",0,2,2
"('Hwei', 'Lee Sin', 'Nautilus', 'Seraphine', 'Vayne')",0,2,2
"('Nautilus', 'Rengar', 'Taliyah', 'Viego', 'Zeri')",0,2,2
"('Alistar', 'Ekko', 'Gwen', 'Varus', 'Viego')",2,0,2
"('Aurelion Sol', ""Kai'Sa"", 'Kindred', 'Leona', 'Skarner')",2,0,2
"('Jayce', ""Kai'Sa"", 'LeBlanc', 'Skarner', 'Viego')",2,0,2
"('Alistar', 'Gragas', 'Pyke', 'Taliyah', 'Xayah')",0,2,2
"('Cassiopeia', 'Nautilus', 'Renekton', 'Varus', 'Viego')",2,0,2
"('Draven', 'Gwen', 'Jax', 'Rell', 'Tristana')",0,2,2
"('Fiddlesticks', 'Jax', 'Jinx', 'Leona', 'Xin Zhao')",0,2,2
"('Caitlyn', 'Hecarim', 'Hwei', 'Neeko', 'Skarner')",0,2,2
"('Ashe', 'Elise', 'Hwei', 'Renekton', 'Seraphine')",2,0,2
"('Aphelios', 'Master Yi', 'Nidalee', 'Skarner', 'Zilean')",2,0,2
"('Jayce', ""Kai'Sa"", 'Lillia', 'Riven', 'Thresh')",0,2,2
"('Camille', ""Kai'Sa"", 'Lillia', 'Nautilus', 'Twisted Fate')",2,0,2
"('Corki', 'Kalista', 'Karthus', 'Rell', 'Twisted Fate')",2,0,2
"('Blitzcrank', 'Hwei', 'Master Yi', 'Skarner', 'Twitch')",0,2,2
"(""Kai'Sa"", 'Nidalee', 'Rell', 'Tristana', 'Tryndamere')",2,0,2
"('Karthus', 'Skarner', 'Sylas', 'Tristana', 'Varus')",0,2,2
"('Blitzcrank', 'Corki', 'Gnar', 'Lillia', 'Viego')",0,2,2
"('Hwei', 'Miss Fortune', 'Pyke', 'Rumble', 'Viego')",2,0,2
"('Camille', 'Corki', 'Lillia', 'Nautilus', 'Senna')",0,2,2
"('Camille', 'Jinx', 'Lee Sin', 'Urgot', 'Veigar')",0,2,2
"('Corki', 'Diana', 'Renekton', 'Sett', 'Varus')",0,2,2
"('Fiora', 'Jinx', 'Leona', 'Taliyah', 'Tristana')",2,0,2
"('Kalista', 'Karthus', 'Kennen', 'Rell', 'Tristana')",2,0,2
"('Caitlyn', 'Milio', 'Xin Zhao', 'Yasuo', 'Zoe')",2,0,2
"('Jax', 'Rakan', 'Taliyah', 'Twitch', 'Vi')",2,0,2
"('Nautilus', 'Nidalee', 'Urgot', 'Varus', 'Yone')",0,2,2
"('Jinx', 'Lillia', 'Seraphine', 'Zac', 'Zoe')",2,0,2
"('Aatrox', 'Akshan', 'Jinx', 'Lillia', 'Taric')",0,2,2
"(""Kai'Sa"", 'Kindred', 'Nautilus', 'Viktor', 'Zac')",2,0,2
"(""Kai'Sa"", 'Kindred', 'Nasus', 'Nautilus', 'Zoe')",0,2,2
"(""Kai'Sa"", 'LeBlanc', 'Lee Sin', 'Nautilus', 'Renekton')",0,2,2
"('Ahri', 'Neeko', ""Rek'Sai"", 'Smolder', 'Varus')",0,2,2
"('Caitlyn', 'Jayce', 'Kennen', 'Morgana', ""Rek'Sai"")",0,2,2
"('Camille', 'Draven', 'Graves', 'Jax', 'Taliyah')",2,0,2
"('Aatrox', 'Nidalee', 'Qiyana', 'Rell', 'Zeri')",2,0,2
"(""Kai'Sa"", 'Rumble', 'Taliyah', 'Viego', 'Zac')",0,2,2
"('Ashe', 'Braum', 'Hwei', 'Jayce', 'Nidalee')",0,2,2
"('Akshan', 'Jinx', 'Kindred', 'Rumble', 'Taric')",2,0,2
"('Hwei', ""Kha'Zix"", 'Nautilus', 'Poppy', 'Zeri')",2,0,2
"('Corki', ""Kai'Sa"", 'Nautilus', 'Renekton', 'Taliyah')",0,2,2
"('Camille', 'Lissandra', 'Rumble', 'Varus', 'Viego')",0,2,2
"('Fiddlesticks', 'Jhin', 'Leona', 'Pantheon', 'Taliyah')",2,0,2
"('Corki', 'Irelia', 'Nautilus', 'Viego', 'Vladimir')",2,0,2
"('Braum', 'Hwei', 'Lucian', ""Rek'Sai"", 'Rumble')",2,0,2
"('Ahri', 'Corki', ""Kha'Zix"", 'Rumble', 'Twisted Fate')",2,0,2
"('Cassiopeia', 'Hwei', 'Jax', 'Nautilus', 'Zeri')",2,0,2
"('Braum', 'Corki', 'Diana', 'Jayce', 'Lucian')",2,0,2
"('Corki', 'Jax', 'Katarina', 'Kennen', 'Rell')",0,2,2
"('Graves', ""Kai'Sa"", 'Lee Sin', 'Neeko', 'Thresh')",2,0,2
"('Corki', 'Rell', 'Skarner', 'Taliyah', 'Zed')",2,0,2
"('Corki', 'Gwen', 'Poppy', ""Rek'Sai"", 'Viego')",2,0,2
"('Jhin', ""Rek'Sai"", 'Senna', 'Tryndamere', 'Zoe')",2,0,2
"('Hwei', ""Kai'Sa"", 'Nautilus', ""Rek'Sai"", 'Twisted Fate')",2,0,2
"('Fiddlesticks', 'Skarner', 'Varus', 'Yasuo', 'Zyra')",2,0,2
"('Corki', 'Kalista', 'Nidalee', 'Olaf', 'Rell')",0,2,2
"('Akshan', 'Aphelios', 'Mordekaiser', 'Nautilus', 'Taliyah')",2,0,2
"('Graves', 'Gwen', 'Jinx', 'Lulu', 'Skarner')",0,2,2
"('Braum', 'Corki', 'Hwei', 'Nasus', ""Rek'Sai"")",0,2,2
"('Gnar', 'Heimerdinger', 'Hwei', 'Kindred', 'Senna')",2,0,2
"('Ahri', ""Kai'Sa"", 'Sett', 'Teemo', 'Viego')",2,0,2
"('Kayn', 'Orianna', 'Senna', 'Seraphine', 'Udyr')",0,2,2
"('Gragas', 'Jinx', 'Lulu', 'Taliyah', 'Viego')",2,0,2
"('Draven', 'Graves', 'Pyke', 'Rumble', 'Sylas')",2,0,2
"('Corki', 'Kalista', 'Neeko', 'Rumble', 'Xin Zhao')",2,0,2
"('Bard', 'Jhin', 'Renekton', 'Talon', 'Zoe')",2,0,2
"('Kalista', 'Master Yi', 'Pyke', 'Taliyah', 'Yone')",0,2,2
"('Azir', 'Gnar', 'Rakan', ""Rek'Sai"", 'Zeri')",0,2,2
"('Ashe', 'Blitzcrank', 'Poppy', 'Viego', 'Zoe')",2,0,2
"('Ezreal', 'Karma', 'Kindred', 'Pantheon', 'Rumble')",0,2,2
"('Kindred', 'Lulu', 'Renekton', 'Zeri', 'Zoe')",0,2,2
"('Camille', 'Corki', 'Diana', 'Rakan', 'Varus')",2,0,2
"(""Kai'Sa"", 'Nidalee', 'Rell', 'Skarner', 'Tristana')",2,0,2
"(""Kai'Sa"", 'Kayle', 'Skarner', 'Viego', 'Zoe')",2,0,2
"('Dr. Mundo', 'Ornn', 'Senna', 'Taliyah', 'Tristana')",0,2,2
"(""Kai'Sa"", 'Kennen', 'Nautilus', 'Qiyana', 'Taliyah')",0,2,2
"('Leona', ""Rek'Sai"", 'Rengar', 'Taliyah', 'Ziggs')",2,0,2
"('Corki', 'Ekko', 'Kalista', 'Rell', 'Skarner')",2,0,2
"('Jhin', ""Kha'Zix"", 'Rell', 'Vex', 'Volibear')",2,0,2
"('Jax', 'Jinx', 'Lillia', 'Rell', 'Tristana')",2,0,2
"('Ahri', ""Kai'Sa"", 'Rell', 'Twisted Fate', 'Xin Zhao')",0,2,2
"('Aphelios', 'Camille', 'Nidalee', 'Thresh', 'Tristana')",2,0,2
"('Bard', 'Kindred', ""Kog'Maw"", 'Syndra', 'Yone')",2,0,2
"('Kalista', 'Leona', 'Lillia', 'Renekton', 'Tristana')",2,0,2
"('Azir', 'Kalista', 'Kindred', 'Rell', 'Rumble')",0,2,2
"('Fiddlesticks', 'Fiora', ""Kai'Sa"", 'Rell', 'Yasuo')",0,2,2
"('Akali', 'Ashe', 'Hwei', 'Pyke', 'Viego')",0,2,2
"('Graves', 'Kennen', 'Shaco', 'Vayne', 'Zilean')",0,2,2
"('Aurelion Sol', 'Corki', 'Jarvan IV', 'Jayce', 'Rakan')",0,2,2
"('Camille', 'Corki', 'Graves', 'LeBlanc', 'Rell')",1,1,2
"('Akali', 'Jayce', 'Jhin', 'Karma', 'Karthus')",2,0,2
"('Blitzcrank', 'Hwei', 'Kindred', 'Renekton', 'Sivir')",0,2,2
"('Ashe', 'Ekko', 'Kalista', 'Mordekaiser', ""Rek'Sai"")",2,0,2
"('Janna', ""Rek'Sai"", 'Rumble', 'Varus', 'Vayne')",2,0,2
"('Akshan', 'Ashe', 'Gragas', 'Irelia', 'Seraphine')",0,2,2
"('Ashe', 'Fiora', 'Karthus', 'Pantheon', 'Varus')",0,2,2
"('Ahri', 'Corki', 'Darius', 'Jax', 'Poppy')",2,0,2
"('Lux', 'Nunu & Willump', 'Viktor', 'Yasuo', 'Zeri')",0,2,2
"('Jax', 'Jhin', 'Skarner', 'Taliyah', 'Tristana')",0,2,2
"('Kalista', 'Nasus', 'Nautilus', 'Orianna', 'Talon')",0,2,2
"('Alistar', 'Brand', 'Gnar', 'Skarner', 'Varus')",0,2,2
"('Caitlyn', 'Kindred', 'Pantheon', 'Sona', 'Swain')",2,0,2
"(""Kai'Sa"", 'Rell', 'Vex', 'Viego', 'Warwick')",2,0,2
"('Aatrox', 'Ahri', 'Hecarim', 'Kalista', 'Thresh')",2,0,2
"('Ashe', 'Braum', 'Camille', 'Orianna', ""Rek'Sai"")",0,2,2
"('Ahri', 'Jhin', 'Rakan', 'Renekton', 'Sylas')",0,2,2
"('Aatrox', 'Akali', 'Caitlyn', 'Master Yi', 'Pyke')",0,2,2
"('Master Yi', 'Renata Glasc', 'Sejuani', 'Varus', 'Vex')",2,0,2
"('Jhin', 'Maokai', 'Nidalee', 'Riven', ""Vel'Koz"")",0,2,2
"('Blitzcrank', 'Ezreal', 'LeBlanc', 'Lee Sin', 'Urgot')",0,2,2
"('Camille', 'Jhin', 'Leona', 'Taliyah', 'Tristana')",2,0,2
"('Gragas', 'Jinx', 'Mordekaiser', 'Pantheon', 'Vi')",0,2,2
"('Bard', 'Irelia', 'Nunu & Willump', 'Twisted Fate', 'Yone')",2,0,2
"('Ezreal', 'Hwei', 'Nidalee', 'Rakan', 'Volibear')",0,2,2
"('Corki', 'Darius', 'Jhin', 'Nidalee', 'Senna')",2,0,2
"('Ashe', 'Galio', 'Nautilus', 'Nidalee', 'Skarner')",2,0,2
"('Aatrox', 'Hwei', 'Lucian', 'Nami', ""Rek'Sai"")",2,0,2
"('Cassiopeia', 'Kalista', 'Kindred', 'Neeko', 'Twisted Fate')",2,0,2
"('Lucian', 'Nidalee', 'Ornn', 'Qiyana', 'Tryndamere')",2,0,2
"('Aurelion Sol', 'Fiora', 'Jinx', 'Nidalee', 'Thresh')",0,2,2
"('Diana', 'Jinx', 'Thresh', 'Tristana', 'Twisted Fate')",2,0,2
"('Akshan', 'Ashe', 'Lee Sin', 'Rumble', 'Zoe')",2,0,2
"('Jax', 'Jinx', 'Taliyah', 'Thresh', 'Yone')",2,0,2
"('Jinx', ""K'Sante"", 'LeBlanc', 'Milio', ""Rek'Sai"")",2,0,2
"('Akali', ""Kai'Sa"", 'Lee Sin', 'Nautilus', 'Syndra')",0,2,2
"('Irelia', 'Jinx', 'Lillia', 'Rell', 'Skarner')",0,2,2
"('Braum', 'Fiddlesticks', 'Gragas', 'Jinx', 'Tristana')",0,2,2
"('Corki', 'LeBlanc', 'Lee Sin', 'Malphite', 'Seraphine')",2,0,2
"('Ahri', 'Jayce', 'Lucian', 'Nami', 'Vi')",0,2,2
"('Blitzcrank', 'Hwei', ""Kai'Sa"", 'Kennen', 'Viego')",2,0,2
"('Kindred', 'Rell', 'Samira', 'Skarner', 'Syndra')",2,0,2
"('Aurelion Sol', 'Lee Sin', 'Rell', 'Skarner', 'Varus')",2,0,2
"('Akali', 'Galio', 'Graves', 'Seraphine', 'Zeri')",2,0,2
"('Caitlyn', 'Master Yi', 'Nunu & Willump', 'Ornn', 'Pyke')",2,0,2
"(""Kai'Sa"", 'Kennen', 'Neeko', 'Rell', 'Viego')",2,0,2
"('Ashe', 'Azir', 'Cassiopeia', 'Jhin', 'Nocturne')",0,2,2
"('Aphelios', 'Camille', 'Nautilus', 'Orianna', 'Taliyah')",0,2,2
"('Aurelion Sol', 'Dr. Mundo', 'Lucian', 'Nami', 'Viego')",0,2,2
"('Camille', 'Jayce', ""Kai'Sa"", 'Nautilus', 'Taliyah')",0,2,2
"('Ashe', 'Braum', 'Galio', 'Hecarim', 'Jax')",0,2,2
"('Camille', 'Jarvan IV', 'LeBlanc', 'Tristana', 'Viego')",2,0,2
"('Galio', 'Jinx', 'Kindred', 'Nautilus', 'Ryze')",2,0,2
"('Rumble', 'Varus', 'Viego', 'Yone', 'Zoe')",0,2,2
"(""K'Sante"", 'Nautilus', 'Nidalee', 'Qiyana', 'Samira')",2,0,2
"('Akshan', 'Corki', 'Nidalee', ""Rek'Sai"", 'Thresh')",0,2,2
"('Janna', 'Kassadin', 'Smolder', 'Taliyah', 'Twisted Fate')",2,0,2
"('Cassiopeia', 'Jax', ""Kai'Sa"", 'Nautilus', 'Shaco')",0,2,2
"('Akali', 'Lee Sin', 'Lucian', 'Nami', 'Skarner')",2,0,2
"(""K'Sante"", 'Lulu', 'Naafiri', 'Viego', 'Zeri')",0,2,2
"('Lee Sin', 'Nautilus', 'Neeko', 'Rumble', 'Samira')",2,0,2
"('Akshan', 'Nautilus', 'Shaco', 'Tryndamere', 'Varus')",2,0,2
"('Orianna', 'Rakan', 'Shaco', 'Skarner', 'Twitch')",0,2,2
"('Kalista', 'Maokai', 'Skarner', 'Sona', 'Yasuo')",0,2,2
"('Galio', 'Nautilus', 'Riven', 'Shaco', 'Tristana')",0,2,2
"('Akshan', 'Ashe', ""K'Sante"", 'Shaco', 'Sivir')",2,0,2
"('Aphelios', ""Bel'Veth"", 'Rakan', 'Rumble', 'Taliyah')",2,0,2
"('Katarina', 'Kennen', 'Sejuani', 'Skarner', 'Zeri')",2,0,2
"('Akali', 'Alistar', 'Hecarim', 'Jayce', ""Kai'Sa"")",2,0,2
"(""Bel'Veth"", ""K'Sante"", 'LeBlanc', 'Nami', 'Zeri')",2,0,2
"('Akali', 'Kalista', 'Nautilus', 'Twisted Fate', 'Viego')",2,0,2
"('Alistar', 'Jinx', ""K'Sante"", 'LeBlanc', 'Shaco')",0,2,2
"('Ahri', 'Alistar', 'Corki', 'Hecarim', ""K'Sante"")",2,0,2
"('Blitzcrank', ""Kai'Sa"", 'Nidalee', 'Ornn', 'Yone')",0,2,2
"(""Kai'Sa"", ""Kha'Zix"", 'LeBlanc', 'Leona', 'Renekton')",0,2,2
"('Hwei', ""Kai'Sa"", 'Leona', 'Viego', 'Warwick')",2,0,2
"('Akali', 'Caitlyn', 'Graves', 'Lux', 'Tristana')",0,2,2
"('Aphelios', 'Lee Sin', 'Rakan', 'Skarner', 'Zoe')",2,0,2
"('Dr. Mundo', 'Hwei', 'Taric', 'Twitch', 'Viego')",2,0,2
"('Jhin', 'Poppy', 'Rakan', ""Rek'Sai"", 'Xerath')",2,0,2
"('Annie', 'Nautilus', 'Renekton', 'Varus', 'Viego')",2,0,2
"('Irelia', 'Seraphine', 'Shaco', 'Vladimir', 'Zeri')",0,2,2
"(""Bel'Veth"", 'Braum', 'Irelia', 'Jhin', 'Taliyah')",0,2,2
"('Akali', 'Jax', 'Jhin', 'Rakan', 'Viego')",0,2,2
"('Ahri', 'Camille', ""Kai'Sa"", 'Rakan', 'Udyr')",0,2,2
"('Hwei', ""Kai'Sa"", 'Lee Sin', 'Mordekaiser', 'Nautilus')",2,0,2
"('Ashe', 'Jhin', 'Sion', 'Viego', 'Zoe')",2,0,2
"('Jinx', 'Nautilus', 'Rumble', 'Skarner', 'Yone')",2,0,2
"('Darius', 'Nautilus', 'Samira', 'Shaco', 'Xerath')",2,0,2
"('Rakan', 'Rumble', 'Skarner', 'Smolder', 'Taliyah')",0,2,2
"('Alistar', 'Jhin', 'Qiyana', 'Rumble', 'Shaco')",0,2,2
"('Jinx', 'Thresh', 'Tristana', 'Udyr', 'Zac')",0,2,2
"('Caitlyn', 'Hwei', ""K'Sante"", 'Nidalee', 'Zed')",2,0,2
"('Ashe', 'Braum', 'Gangplank', 'Gwen', 'Shaco')",2,0,2
"('Draven', ""K'Sante"", 'Lissandra', 'Master Yi', 'Pyke')",2,0,2
"('Ashe', 'Karma', 'Pantheon', 'Shaco', 'Taliyah')",0,2,2
"('Jhin', 'Nidalee', 'Pyke', 'Tristana', 'Udyr')",0,2,2
"('Gragas', 'Heimerdinger', 'Poppy', 'Rumble', 'Smolder')",0,2,2
"('Darius', 'Leona', 'Sylas', 'Viego', 'Zeri')",2,0,2
"('Corki', 'LeBlanc', 'Leona', 'Sett', 'Shaco')",2,0,2
"('Ashe', 'Lux', 'Shaco', 'Twisted Fate', 'Vex')",2,0,2
"('Cassiopeia', 'Corki', 'Lillia', 'Nautilus', 'Samira')",2,0,2
"('Ashe', 'Hwei', 'Jayce', 'Lee Sin', 'Shaco')",2,0,2
"('Aurelion Sol', 'Gnar', 'Kindred', 'Rakan', 'Zeri')",2,0,2
"('Corki', 'Galio', 'Lee Sin', 'Seraphine', 'Viego')",0,2,2
"('Jhin', 'Rell', 'Shaco', 'Skarner', 'Zoe')",2,0,2
"('Akali', 'Corki', 'Kindred', 'Nautilus', 'Skarner')",2,0,2
"('Hwei', 'Rell', 'Samira', 'Shaco', 'Vayne')",2,0,2
"('Fiddlesticks', 'Hwei', 'Jinx', 'Pyke', 'Xin Zhao')",2,0,2
"('Caitlyn', 'Gragas', 'Hecarim', 'Nami', 'Viktor')",2,0,2
"('Blitzcrank', 'Corki', ""Rek'Sai"", 'Skarner', 'Taliyah')",2,0,2
"(""Kai'Sa"", 'Skarner', 'Sona', 'Taliyah', 'Viego')",2,0,2
"('Kalista', 'LeBlanc', 'Nocturne', 'Renata Glasc', 'Twisted Fate')",0,2,2
"('Sivir', 'Taliyah', 'Thresh', 'Tristana', 'Twisted Fate')",0,2,2
"('Brand', ""K'Sante"", 'Seraphine', 'Xin Zhao', 'Zeri')",0,2,2
"('Camille', 'Graves', ""Kai'Sa"", 'Orianna', 'Rumble')",0,2,2
"('Camille', 'Jax', 'Kalista', 'Rammus', 'Taliyah')",0,2,2
"('Darius', 'Diana', 'Rell', 'Samira', 'Shaco')",0,2,2
"('Aphelios', 'Graves', 'Neeko', 'Thresh', 'Twisted Fate')",2,0,2
"('Corki', 'Karthus', 'Nautilus', ""Rek'Sai"", 'Twitch')",2,0,2
"('Hecarim', 'Jinx', 'Neeko', 'Rammus', 'Thresh')",2,0,2
"('Gwen', ""Kai'Sa"", 'Lux', 'Rell', 'Vi')",0,2,2
"('Ashe', 'Corki', 'Graves', 'Jax', 'Rumble')",0,2,2
"('Camille', 'Cassiopeia', 'Jayce', ""Kai'Sa"", 'Viego')",2,0,2
"('Gragas', ""Kai'Sa"", 'Rell', 'Skarner', 'Yasuo')",2,0,2
"('Hwei', ""Kai'Sa"", 'Kindred', 'Nautilus', 'Twisted Fate')",2,0,2
"('Gragas', 'Kindred', 'Lulu', 'Twisted Fate', 'Zeri')",2,0,2
"('Graves', ""K'Sante"", ""Kai'Sa"", 'Nautilus', 'Syndra')",0,2,2
"('Rumble', 'Senna', 'Seraphine', 'Singed', 'Skarner')",0,2,2
"('Corki', ""K'Sante"", 'Orianna', 'Rell', 'Viego')",2,0,2
"('Nidalee', 'Rakan', 'Varus', 'Xayah', 'Yasuo')",2,0,2
"('Corki', 'Hwei', 'Jax', 'Taliyah', 'Taric')",0,2,2
"('Kindred', 'Lissandra', 'Lucian', 'Nami', 'Skarner')",0,2,2
"('Camille', 'Jinx', 'Skarner', 'Sylas', 'Viego')",0,2,2
"('Ahri', 'Graves', ""Kai'Sa"", 'Nautilus', 'Yone')",0,2,2
"('Brand', ""Kai'Sa"", 'Rumble', 'Yone', 'Zed')",2,0,2
"('Aatrox', 'Alistar', ""Kai'Sa"", 'Lee Sin', 'Taliyah')",2,0,2
"('Jinx', 'Kennen', 'Rumble', 'Skarner', 'Xin Zhao')",2,0,2
"('Jayce', ""Rek'Sai"", 'Rell', 'Samira', 'Xerath')",0,2,2
"('Aphelios', 'Nautilus', 'Rengar', 'Vex', 'Viego')",2,0,2
"('Camille', ""Kai'Sa"", 'Nidalee', 'Renekton', 'Yone')",2,0,2
"('Corki', ""Kha'Zix"", 'Rell', 'Tryndamere', 'Vex')",2,0,2
"('Hwei', 'Jayce', ""Kai'Sa"", 'Skarner', 'Viego')",2,0,2
"('Aatrox', 'Ashe', 'Fiddlesticks', 'Irelia', 'Sona')",0,2,2
"('Nunu & Willump', 'Poppy', 'Rakan', 'Viego', 'Xayah')",2,0,2
"('Camille', 'Jayce', 'Jinx', 'Skarner', 'Taliyah')",0,2,2
"('Corki', ""Kai'Sa"", 'Lillia', 'Rell', 'Wukong')",0,2,2
"('Caitlyn', 'Camille', 'Twisted Fate', 'Viego', 'Zilean')",0,2,2
"('Graves', 'Poppy', 'Rell', 'Twisted Fate', 'Varus')",0,2,2
"('Kennen', 'Lee Sin', 'Nasus', 'Rakan', 'Samira')",0,2,2
"('Gragas', 'Jayce', ""Kai'Sa"", ""Kha'Zix"", 'Skarner')",2,0,2
"('Hwei', ""Kai'Sa"", 'Kled', 'Nautilus', 'Talon')",0,2,2
"('Diana', 'Graves', 'Jhin', ""K'Sante"", 'Rumble')",0,2,2
"('Aatrox', 'Ashe', 'Skarner', 'Zed', 'Zoe')",2,0,2
"('Gwen', 'Irelia', 'Jinx', 'Nautilus', 'Nidalee')",2,0,2
"('Aatrox', 'Aurelion Sol', 'Jinx', 'Rell', 'Viego')",2,0,2
"('Corki', 'Karthus', 'Lux', 'Riven', 'Twisted Fate')",2,0,2
"('Ashe', 'Kalista', 'Kennen', 'Nunu & Willump', 'Talon')",0,2,2
"('Jinx', 'Kled', 'Nocturne', 'Rell', 'Sylas')",0,2,2
"('Corki', 'Jayce', 'Nidalee', 'Rell', 'Yone')",2,0,2
"('Ekko', 'Gnar', 'Jayce', 'Rell', 'Zeri')",2,0,2
"('Braum', 'Kalista', 'Orianna', 'Vayne', 'Vi')",0,2,2
"('Ashe', 'Nidalee', 'Riven', 'Seraphine', 'Tristana')",2,0,2
"('Blitzcrank', 'Graves', ""K'Sante"", 'Samira', 'Twisted Fate')",2,0,2
"('Ashe', 'Corki', 'Jayce', 'Viego', 'Zyra')",0,2,2
"('Braum', 'Gwen', 'Skarner', 'Tristana', 'Twisted Fate')",2,0,2
"('Caitlyn', 'Neeko', 'Rumble', 'Skarner', 'Yone')",0,2,2
"('Camille', 'Draven', 'Hwei', 'Lee Sin', 'Nami')",2,0,2
"('Kindred', 'Lissandra', 'Neeko', 'Renekton', 'Varus')",2,0,2
"(""Kai'Sa"", 'Nautilus', 'Sejuani', 'Taliyah', 'Tristana')",0,2,2
"('Graves', ""K'Sante"", 'Lulu', 'Zeri', 'Zoe')",2,0,2
"('Ashe', 'Gwen', ""Kha'Zix"", 'Thresh', 'Udyr')",0,2,2
"('Alistar', 'Ezreal', 'Jayce', 'Lee Sin', 'Vex')",2,0,2
"('Corki', 'Gragas', 'Hecarim', ""Kai'Sa"", 'Rell')",2,0,2
"('Heimerdinger', ""Kai'Sa"", 'Kindred', 'Leona', 'Taliyah')",2,0,2
"('Gragas', 'Jhin', 'Nautilus', 'Nidalee', 'Yasuo')",0,2,2
"('Anivia', 'Ashe', 'Kindred', 'Kled', 'Taric')",0,2,2
"('Draven', 'Galio', 'Nidalee', 'Skarner', 'Tristana')",2,0,2
"('Caitlyn', 'Hwei', 'Rakan', 'Skarner', 'Vi')",2,0,2
"(""Kai'Sa"", 'Kindred', 'Kled', 'Taric', 'Ziggs')",0,2,2
"('Akshan', 'Elise', 'Jayce', ""Kai'Sa"", 'Nautilus')",0,2,2
"('Cassiopeia', 'Jayce', 'Kindred', 'Rumble', 'Varus')",0,2,2
"('Corki', 'Gwen', 'Nautilus', 'Qiyana', ""Rek'Sai"")",2,0,2
"('Aphelios', 'LeBlanc', 'Lee Sin', 'Nautilus', 'Skarner')",2,0,2
"('Aphelios', 'Ashe', 'Dr. Mundo', 'Jarvan IV', 'Rumble')",0,2,2
"('Ezreal', 'Jayce', 'Nautilus', 'Nidalee', 'Viego')",0,2,2
"('Corki', 'Gragas', 'Irelia', 'Nautilus', 'Vi')",2,0,2
"('Camille', 'Karthus', 'Skarner', 'Twisted Fate', 'Zeri')",2,0,2
"('Jinx', 'LeBlanc', 'Pantheon', 'Shen', 'Tryndamere')",0,2,2
"(""K'Sante"", 'Rell', 'Taliyah', 'Udyr', 'Varus')",0,2,2
"('Jinx', 'Lillia', 'Nautilus', 'Rumble', 'Tristana')",2,0,2
"(""Bel'Veth"", 'Hwei', 'LeBlanc', 'Udyr', 'Varus')",0,2,2
"('Jinx', 'Nidalee', 'Rell', 'Tristana', 'Vladimir')",2,0,2
"('Annie', 'Fiora', 'Graves', 'Jhin', 'Rell')",0,2,2
"('Blitzcrank', 'Irelia', 'Jhin', 'Rengar', 'Syndra')",2,0,2
"('Nautilus', 'Nidalee', 'Olaf', 'Yone', 'Zeri')",0,2,2
"('Aphelios', 'Hwei', 'Jax', 'Seraphine', 'Vi')",0,2,2
"('Corki', 'Fiddlesticks', 'Malzahar', 'Nautilus', 'Viego')",2,0,2
"('Camille', 'Jayce', 'Nidalee', 'Renekton', 'Varus')",0,2,2
"('Fiddlesticks', 'Gnar', 'Kalista', 'Taric', 'Viego')",2,0,2
"('Annie', ""Kai'Sa"", 'Kindred', 'Nasus', 'Taric')",2,0,2
"('Annie', 'Gragas', 'Nautilus', 'Varus', 'Viego')",0,2,2
"('Jhin', ""K'Sante"", 'Pyke', 'Taliyah', 'Tristana')",2,0,2
"('Ekko', 'Kennen', 'Lucian', 'Rengar', 'Taric')",2,0,2
"('Aatrox', 'Alistar', 'Annie', ""Kai'Sa"", 'Rengar')",0,2,2
"('Ekko', 'Jinx', 'Leona', 'Renekton', 'Yone')",0,2,2
"('Annie', 'Hecarim', 'Jhin', 'Nautilus', 'Skarner')",2,0,2
"('Annie', 'Ashe', 'Bard', 'Hecarim', 'Ornn')",0,2,2
"('Akali', 'Graves', 'Seraphine', 'Twisted Fate', 'Zeri')",2,0,2
"('Aphelios', 'Gragas', 'Lillia', 'Thresh', 'Yone')",0,2,2
"('Jax', ""Kai'Sa"", 'Nautilus', 'Rengar', 'Rumble')",2,0,2
"('Corki', 'Lillia', 'Rakan', 'Shen', 'Tristana')",2,0,2
"('Ashe', 'Blitzcrank', 'Fiddlesticks', 'Sett', 'Tristana')",2,0,2
"('Annie', 'Blitzcrank', 'Briar', 'Caitlyn', ""Rek'Sai"")",2,0,2
"('Annie', 'Bard', 'Corki', 'Renekton', 'Viego')",2,0,2
"('Annie', ""Rek'Sai"", 'Rumble', 'Varus', 'Volibear')",2,0,2
"('Corki', 'Ekko', 'Jayce', 'Nami', 'Tristana')",0,2,2
"('Darius', 'Graves', 'Nautilus', 'Tristana', 'Twisted Fate')",0,2,2
"(""Bel'Veth"", 'Janna', ""Kai'Sa"", 'Tristana', 'Udyr')",2,0,2
"('Corki', 'Jhin', 'Rumble', 'Skarner', 'Zac')",2,0,2
"('Aatrox', 'Annie', 'Kalista', ""Rek'Sai"", 'Thresh')",2,0,2
"('Alistar', 'Annie', 'Ornn', 'Tristana', 'Viego')",2,0,2
"('Aatrox', 'Karma', 'Orianna', 'Skarner', 'Tristana')",0,2,2
"(""Kai'Sa"", 'Nunu & Willump', 'Ornn', 'Rell', 'Tristana')",0,2,2
"('Hwei', 'Nautilus', 'Skarner', 'Twisted Fate', 'Vayne')",0,2,2
"('Graves', 'Pyke', 'Skarner', 'Yone', 'Ziggs')",2,0,2
"('Gnar', 'Nidalee', 'Rell', 'Samira', 'Zed')",2,0,2
"('Cassiopeia', 'LeBlanc', 'Nautilus', ""Rek'Sai"", 'Samira')",2,0,2
"('Alistar', 'Jax', 'Neeko', 'Viego', 'Zeri')",2,0,2
"('Corki', 'Jax', 'Lucian', 'Nidalee', 'Seraphine')",0,2,2
"('Blitzcrank', 'Jinx', ""K'Sante"", 'Karthus', 'Yone')",0,2,2
"('Hwei', 'Jayce', 'Lee Sin', 'Xayah', 'Zac')",2,0,2
"('Hwei', 'Skarner', 'Warwick', 'Yuumi', 'Zeri')",0,2,2
"('Jinx', 'Mordekaiser', 'Nautilus', 'Viego', 'Zoe')",2,0,2
"('Lee Sin', 'Rakan', 'Shen', 'Twitch', 'Zed')",2,0,2
"('Braum', 'Corki', 'Graves', 'Ornn', 'Taliyah')",2,0,2
"('Akali', 'LeBlanc', 'Seraphine', 'Skarner', 'Varus')",0,2,2
"('Aphelios', 'Camille', 'Nautilus', 'Taliyah', 'Xin Zhao')",0,2,2
"('Anivia', 'Corki', 'Galio', 'Nidalee', 'Riven')",0,2,2
"('Jayce', 'Lillia', 'Nautilus', 'Samira', 'Vayne')",2,0,2
"('Nautilus', 'Shaco', 'Sion', 'Syndra', 'Tristana')",0,2,2
"('Ezreal', 'Nidalee', 'Rakan', 'Twisted Fate', 'Vayne')",0,2,2
"('Aatrox', 'Akali', 'Ashe', 'Seraphine', 'Viego')",2,0,2
"('Corki', 'Hwei', 'Kindred', 'Leona', 'Riven')",2,0,2
"(""K'Sante"", 'Nidalee', 'Orianna', 'Rakan', 'Varus')",2,0,2
"(""Kai'Sa"", 'Rakan', 'Taliyah', 'Tryndamere', 'Vladimir')",2,0,2
"('Akshan', 'Irelia', 'Rakan', 'Taliyah', 'Zeri')",0,2,2
"('Caitlyn', 'Jayce', 'Nautilus', 'Udyr', 'Vayne')",2,0,2
"('Akshan', 'Cassiopeia', 'Lillia', 'Lucian', 'Nami')",2,0,2
"(""Bel'Veth"", 'Fiddlesticks', 'Jinx', 'Rakan', 'Yone')",0,2,2
"('Ahri', ""Kai'Sa"", 'Leona', 'Olaf', 'Taliyah')",2,0,2
"('Alistar', 'Cassiopeia', 'Lillia', 'Tristana', 'Ziggs')",2,0,2
"('Aatrox', 'Ashe', 'Azir', 'Braum', 'Taliyah')",2,0,2
"('Ashe', 'Corki', 'Jax', 'Vi', 'Xerath')",2,0,2
"('Akshan', ""Cho'Gath"", 'Jax', 'Nidalee', 'Pyke')",2,0,2
"('Aphelios', 'Gragas', 'Nidalee', 'Thresh', 'Tristana')",0,2,2
"('Braum', 'Hwei', 'Jinx', ""Rek'Sai"", 'Tryndamere')",2,0,2
"('Aatrox', 'Elise', 'Hwei', 'Neeko', 'Varus')",2,0,2
"('Annie', 'Mordekaiser', 'Rakan', 'Viego', 'Zeri')",2,0,2
"(""Bel'Veth"", 'Orianna', 'Pyke', 'Riven', 'Samira')",2,0,2
"('Aurelion Sol', 'Bard', 'Jhin', 'Rammus', 'Viego')",0,2,2
"('Ashe', 'Braum', 'Hecarim', 'Rumble', 'Tryndamere')",0,2,2
"('Akshan', 'Corki', 'Gragas', 'Leona', 'Taliyah')",0,2,2
"('Camille', 'Hwei', 'Jayce', ""Kai'Sa"", 'Skarner')",0,2,2
"('Aatrox', 'Ashe', 'Graves', 'Neeko', 'Zoe')",2,0,2
"('Jayce', 'Kindred', 'LeBlanc', 'Lillia', 'Zyra')",0,2,2
"('Camille', 'Gragas', 'Pantheon', 'Thresh', 'Varus')",0,2,2
"(""Kai'Sa"", 'Kindred', 'Orianna', 'Pyke', 'Skarner')",0,2,2
"('Senna', 'Skarner', 'Syndra', 'Tahm Kench', 'Talon')",2,0,2
"('Aphelios', 'Lee Sin', 'Rell', 'Syndra', 'Twisted Fate')",0,2,2
"('Akali', 'Camille', 'Kalista', 'Neeko', ""Rek'Sai"")",2,0,2
"('Lucian', 'Nidalee', 'Rell', 'Shen', 'Zed')",2,0,2
"('Braum', 'Caitlyn', 'Gangplank', 'Sett', 'Taliyah')",0,2,2
"('Aatrox', 'Ashe', 'Katarina', 'Lillia', 'Rell')",0,2,2
"('Irelia', 'Jinx', 'Taliyah', 'Thresh', 'Tryndamere')",0,2,2
"('Caitlyn', 'Fiddlesticks', 'Karthus', 'Poppy', 'Skarner')",2,0,2
"('Gragas', 'Hwei', 'Jinx', 'Pyke', 'Viego')",2,0,2
"('Gragas', 'Jinx', 'Malphite', 'Rell', 'Taliyah')",0,2,2
"('Jinx', 'Lillia', 'Lulu', 'Riven', 'Tristana')",2,0,2
"('Graves', 'Hwei', 'Skarner', 'Tristana', 'Vladimir')",0,2,2
"('Aurelion Sol', 'Blitzcrank', ""Kha'Zix"", 'Varus', 'Yone')",0,2,2
"('Hecarim', 'Malphite', 'Senna', 'Seraphine', 'Taliyah')",2,0,2
"('Corki', 'Fiora', 'Jinx', 'Lillia', 'Nautilus')",2,0,2
"('Brand', 'Jax', 'Nautilus', 'Senna', 'Tristana')",2,0,2
"('Diana', 'Jhin', 'Lillia', 'Nautilus', 'Urgot')",2,0,2
"('Darius', ""Kai'Sa"", 'Lillia', 'Pantheon', 'Yone')",2,0,2
"('Bard', 'Hwei', 'Jhin', 'Taliyah', 'Urgot')",0,2,2
"(""Kai'Sa"", 'Orianna', 'Rell', 'Rumble', 'Viego')",2,0,2
"('Heimerdinger', 'Jax', ""Kai'Sa"", 'LeBlanc', 'Rell')",2,0,2
"('Caitlyn', 'Nautilus', 'Tryndamere', 'Viego', 'Zoe')",0,2,2
"(""Kai'Sa"", 'Nautilus', 'Neeko', ""Rek'Sai"", 'Rumble')",2,0,2
"('Corki', 'Lillia', 'Neeko', 'Pyke', 'Skarner')",2,0,2
"('Bard', 'Ekko', 'Rumble', 'Varus', 'Zed')",2,0,2
"('Aphelios', 'Ekko', 'Mordekaiser', 'Thresh', 'Tristana')",0,2,2
"('Aphelios', 'Jax', 'Katarina', 'Renata Glasc', 'Shaco')",2,0,2
"('Cassiopeia', 'Hecarim', 'Hwei', 'Nautilus', 'Skarner')",2,0,2
"('Annie', 'Camille', 'Fiora', ""Rek'Sai"", 'Varus')",0,2,2
"(""Bel'Veth"", 'Nunu & Willump', 'Rumble', 'Sejuani', 'Varus')",2,0,2
"('Jax', 'Lucian', 'Nami', 'Nidalee', 'Tristana')",2,0,2
"('Corki', 'Dr. Mundo', 'Lillia', 'Nautilus', 'Sett')",0,2,2
"('Aphelios', 'Malphite', 'Nautilus', ""Rek'Sai"", 'Syndra')",0,2,2
"(""Bel'Veth"", 'Draven', 'Gnar', 'LeBlanc', 'Skarner')",2,0,2
"('Illaoi', ""Kai'Sa"", 'Nautilus', 'Sylas', 'Taliyah')",2,0,2
"('Corki', 'Jax', 'Rumble', 'Yone', 'Zac')",2,0,2
"('Fiora', 'Lucian', 'Rell', 'Vex', 'Viego')",0,2,2
"('Braum', 'Corki', 'Nidalee', 'Twisted Fate', 'Yone')",0,2,2
"('Aatrox', 'Akali', 'Blitzcrank', 'Corki', 'Graves')",0,2,2
"(""Kai'Sa"", 'Karma', 'Kayn', 'LeBlanc', 'Mordekaiser')",0,2,2
"('Camille', ""Kai'Sa"", 'Shaco', 'Vex', 'Viego')",2,0,2
"('Akali', 'Ashe', 'Graves', ""K'Sante"", 'Seraphine')",0,2,2
"('Cassiopeia', 'Ekko', 'Jayce', ""Kai'Sa"", 'Rell')",0,2,2
"('Maokai', 'Neeko', 'Qiyana', 'Taliyah', 'Varus')",0,2,2
"('Caitlyn', 'Camille', 'Graves', 'Lux', 'Sylas')",0,2,2
"('Camille', 'Ekko', 'Rakan', 'Viego', 'Zeri')",2,0,2
"('Alistar', 'Jayce', 'Jinx', 'Lillia', 'Tristana')",2,0,2
"('Ahri', 'Blitzcrank', 'Draven', 'Quinn', 'Vi')",2,0,2
"('Caitlyn', 'Lux', 'Malphite', 'Master Yi', 'Taliyah')",2,0,2
"('Azir', 'Gnar', 'Lucian', 'Nami', 'Vi')",0,2,2
"('Aphelios', 'Jayce', 'Karthus', 'Kennen', 'Nautilus')",2,0,2
"('Janna', 'Lee Sin', 'Nilah', 'Pantheon', 'Viktor')",0,2,2
"('Hwei', 'Jinx', ""K'Sante"", 'Lillia', 'Thresh')",0,2,2
"('Jayce', 'Nautilus', 'Nidalee', 'Nunu & Willump', 'Smolder')",0,2,2
"('Ashe', 'Caitlyn', 'Camille', 'Diana', 'Lee Sin')",2,0,2
"('Lee Sin', 'Rumble', 'Twisted Fate', 'Twitch', 'Volibear')",2,0,2
"('Lillia', 'Master Yi', 'Senna', 'Tristana', 'Udyr')",2,0,2
"('Jinx', 'Thresh', 'Twisted Fate', 'Viego', 'Zoe')",0,2,2
"('Jinx', 'Lux', ""Rek'Sai"", 'Rumble', 'Vex')",2,0,2
"('Gnar', 'Lillia', 'Nautilus', 'Tristana', 'Varus')",0,2,2
"('Kalista', 'Kennen', 'Lillia', 'Poppy', 'Tristana')",0,2,2
"('Alistar', 'Corki', ""Kai'Sa"", 'Sejuani', 'Viego')",0,2,2
"('Braum', 'Jinx', 'Lillia', 'Tristana', 'Zed')",2,0,2
"('Camille', 'Corki', 'Jinx', 'Nautilus', 'Taliyah')",0,2,2
"('Camille', 'Corki', 'Katarina', 'Kindred', 'Rengar')",0,2,2
"('Bard', 'Jax', 'Lee Sin', 'Smolder', 'Syndra')",0,2,2
"('Lulu', 'Skarner', 'Taliyah', 'Twisted Fate', 'Varus')",2,0,2
"('Akshan', 'Camille', 'Jinx', 'Neeko', 'Sylas')",0,2,2
"('Diana', ""Kha'Zix"", 'Leona', 'Skarner', 'Zeri')",2,0,2
"('Aatrox', 'Diana', 'Kindred', 'Rumble', 'Varus')",0,2,2
"('Graves', ""Kai'Sa"", 'Pyke', 'Rumble', 'Tristana')",2,0,2
"('Jhin', 'Maokai', 'Seraphine', 'Viego', 'Zoe')",2,0,2
"('Draven', 'Jax', 'Lillia', 'Rumble', 'Tristana')",0,2,2
"(""Bel'Veth"", 'Braum', 'Camille', 'Diana', 'Jinx')",2,0,2
"('Galio', 'Rakan', 'Sejuani', 'Viego', 'Zeri')",2,0,2
"('Akshan', ""Kai'Sa"", 'Pantheon', 'Renekton', 'Taliyah')",0,2,2
"('Alistar', 'Nidalee', 'Pantheon', 'Varus', 'Yone')",0,2,2
"('Ivern', 'Katarina', 'Rakan', 'Vayne', 'Zeri')",2,0,2
"('Corki', 'Jinx', 'Lillia', 'Shaco', 'Shen')",0,2,2
"('Kindred', 'Lissandra', 'Nilah', 'Skarner', 'Sona')",2,0,2
"('Camille', ""Kai'Sa"", ""Kha'Zix"", 'Taric', 'Zoe')",0,2,2
"('Jhin', 'Katarina', 'Lillia', 'Renekton', 'Senna')",0,2,2
"('Ahri', 'Ezreal', 'Gragas', 'Janna', ""Rek'Sai"")",0,2,2
"('Kindred', 'Malphite', 'Rell', 'Skarner', 'Tristana')",2,0,2
"('Ashe', 'Blitzcrank', 'Lillia', 'Malphite', 'Tristana')",2,0,2
"('Ashe', 'Braum', 'Jayce', ""Kha'Zix"", 'LeBlanc')",2,0,2
"('Irelia', 'Lee Sin', 'Pyke', 'Rumble', 'Varus')",0,2,2
"('Bard', 'Caitlyn', 'Camille', 'Viego', 'Zoe')",0,2,2
"('Diana', 'Fiddlesticks', 'Kalista', 'Sylas', 'Viego')",2,0,2
"('Caitlyn', 'Jax', 'Lillia', 'Nautilus', 'Tristana')",2,0,2
"('Aurelion Sol', 'Braum', 'Nidalee', 'Renekton', 'Varus')",0,2,2
"('Blitzcrank', 'Jayce', ""Kai'Sa"", 'Karthus', 'Twisted Fate')",2,0,2
"('Akali', 'Hecarim', 'Jhin', 'Nautilus', 'Udyr')",2,0,2
"('Camille', ""Kai'Sa"", 'Nautilus', 'Nidalee', 'Skarner')",0,2,2
"('Gangplank', 'Graves', 'Hwei', ""Kai'Sa"", 'Pyke')",0,2,2
"('Graves', 'Kennen', 'Rakan', 'Xayah', 'Zed')",0,2,2
"('Diana', 'Fiora', 'Lillia', 'Sion', 'Varus')",0,2,2
"('Alistar', 'Jinx', 'Lucian', 'Nunu & Willump', 'Rumble')",2,0,2
"('Camille', 'Lee Sin', 'Tristana', 'Twisted Fate', 'Xerath')",2,0,2
"('Illaoi', 'Talon', 'Taric', 'Tristana', 'Zoe')",2,0,2
"('Jax', ""Kai'Sa"", 'Lee Sin', 'Lux', 'Xerath')",2,0,2
"('Azir', 'Graves', 'Jayce', 'Jhin', 'Leona')",0,2,2
"('Ahri', 'Gragas', 'Jinx', 'Lee Sin', 'Taric')",2,0,2
"('Elise', ""Kai'Sa"", 'Mordekaiser', 'Nautilus', 'Zed')",0,2,2
"('Ahri', 'Alistar', 'Jinx', 'Nocturne', 'Viego')",2,0,2
"(""Kai'Sa"", 'Renekton', 'Taliyah', 'Taric', 'Viego')",0,2,2
"('Fiora', 'Lux', 'Nidalee', 'Rakan', 'Varus')",2,0,2
"('Ahri', 'Caitlyn', ""K'Sante"", ""Kha'Zix"", 'Xerath')",2,0,2
"('Cassiopeia', 'Senna', 'Seraphine', 'Tristana', 'Viego')",2,0,2
"('Hecarim', 'Jax', 'Orianna', 'Senna', 'Seraphine')",0,2,2
"('Akshan', 'Alistar', 'Elise', 'Jax', 'Zeri')",2,0,2
"('Camille', 'Diana', 'Jax', 'Kindred', 'Varus')",0,2,2
"('Hwei', 'Jhin', ""K'Sante"", 'Kindred', 'Neeko')",2,0,2
"(""Kai'Sa"", 'Karthus', 'Nautilus', 'Ornn', 'Tristana')",2,0,2
"('Fiddlesticks', 'Kennen', 'Kindred', 'Nilah', 'Sylas')",2,0,2
"('Karthus', 'Olaf', 'Rakan', 'Tristana', 'Twitch')",0,2,2
"('Ahri', 'Cassiopeia', 'Draven', 'Nautilus', 'Viego')",2,0,2
"('Jayce', 'Jinx', 'Kled', 'Lulu', 'Taliyah')",2,0,2
"('Cassiopeia', 'Skarner', 'Tristana', 'Viego', 'Zac')",2,0,2
"('Alistar', 'Draven', 'Graves', 'Skarner', 'Vex')",2,0,2
"('Hwei', 'Jhin', 'Lee Sin', 'Olaf', 'Zyra')",0,2,2
"('Gragas', 'Jinx', 'Riven', 'Thresh', 'Viego')",0,2,2
"('Aurelion Sol', 'Draven', ""Rek'Sai"", 'Taric', 'Twisted Fate')",2,0,2
"('Jayce', 'Karthus', 'Nautilus', 'Renekton', 'Samira')",2,0,2
"('Akali', 'Caitlyn', 'Gragas', 'Seraphine', 'Volibear')",0,2,2
"('Janna', ""K'Sante"", 'Kled', ""Rek'Sai"", 'Zeri')",0,2,2
"('Akshan', 'Jhin', ""K'Sante"", 'Viego', 'Zoe')",2,0,2
"('Fiddlesticks', 'Jinx', 'Neeko', 'Rell', 'Skarner')",2,0,2
"('Cassiopeia', 'Hecarim', 'Renata Glasc', 'Varus', 'Vex')",2,0,2
"('Darius', 'Kindred', 'LeBlanc', 'Leona', 'Swain')",2,0,2
"('Akshan', 'Ekko', ""Rek'Sai"", 'Rumble', 'Varus')",2,0,2
"('Akshan', ""Kai'Sa"", 'Nidalee', 'Rakan', 'Renekton')",2,0,2
"('Ashe', 'Maokai', 'Renekton', 'Thresh', 'Tristana')",2,0,2
"('Aurelion Sol', 'Lee Sin', 'Lucian', 'Nami', 'Yone')",0,2,2
"('Fiddlesticks', ""Kai'Sa"", 'LeBlanc', 'Tristana', 'Tryndamere')",2,0,2
"('Draven', 'Lillia', 'Pyke', 'Skarner', 'Zed')",2,0,2
"('Camille', 'Jhin', 'Nautilus', 'Vex', 'Viego')",0,2,2
"('Corki', 'Ivern', 'Nautilus', 'Qiyana', 'Skarner')",2,0,2
"('Caitlyn', 'Galio', 'Lee Sin', 'Nautilus', 'Twisted Fate')",2,0,2
"('Hecarim', 'LeBlanc', 'Malphite', 'Twitch', 'Varus')",0,2,2
"('Camille', 'Lillia', 'Pyke', 'Tristana', ""Vel'Koz"")",2,0,2
"('Ashe', 'Gragas', 'Renekton', 'Rumble', 'Yasuo')",0,2,2
"('Diana', 'Graves', 'Jhin', 'Skarner', 'Tryndamere')",2,0,2
"('Camille', 'Galio', ""Kai'Sa"", 'Kindred', 'Rakan')",0,2,2
"('Bard', 'Cassiopeia', 'Jhin', 'Kennen', 'Kindred')",0,2,2
"('Corki', 'Dr. Mundo', 'Galio', 'Ivern', 'Yone')",2,0,2
"('Draven', 'Jayce', 'Rell', 'Taliyah', 'Viego')",2,0,2
"('Akshan', 'Jhin', ""K'Sante"", 'Seraphine', 'Taliyah')",0,2,2
"('Camille', 'Galio', ""Kai'Sa"", 'Nautilus', 'Viego')",0,2,2
"('Akshan', 'Elise', 'Jax', 'Lucian', 'Nami')",0,2,2
"('Kalista', 'Nidalee', 'Pantheon', 'Rell', 'Talon')",0,2,2
"('Corki', 'Hwei', 'Nautilus', 'Warwick', 'Xin Zhao')",2,0,2
"('Draven', 'Jax', 'LeBlanc', 'Lux', 'Rengar')",2,0,2
"('Draven', 'Fiora', 'Kayn', 'Lissandra', 'Poppy')",2,0,2
"('Briar', 'Hwei', 'Jhin', 'LeBlanc', 'Tryndamere')",0,2,2
"('Diana', 'Rakan', 'Shen', 'Xin Zhao', 'Zeri')",0,2,2
"('Gwen', 'Kled', 'Nautilus', 'Varus', 'Viego')",0,2,2
"('Caitlyn', 'Camille', 'Nami', 'Nidalee', 'Renekton')",0,2,2
"('Brand', 'Neeko', 'Nocturne', 'Tristana', 'Varus')",2,0,2
"('Bard', 'Corki', 'Jhin', 'Nidalee', 'Vayne')",0,2,2
"('Aatrox', 'Bard', 'Jhin', 'Lee Sin', 'Viktor')",2,0,2
"('Braum', 'Jinx', 'Renekton', 'Sylas', 'Taliyah')",2,0,2
"('Caitlyn', 'Jayce', 'Nidalee', 'Thresh', 'Yasuo')",0,2,2
"(""Kai'Sa"", 'Rell', 'Tryndamere', 'Vex', 'Viego')",2,0,2
"('Akali', 'Jayce', ""Kai'Sa"", ""Rek'Sai"", 'Sona')",0,2,2
"('Jayce', 'Rell', 'Rumble', 'Twisted Fate', 'Varus')",2,0,2
"(""Kai'Sa"", 'Lee Sin', 'Malphite', 'Rakan', 'Zoe')",0,2,2
"('Aatrox', 'Alistar', 'Nidalee', 'Twisted Fate', 'Varus')",0,2,2
"('Ashe', 'Irelia', 'Lillia', 'Rakan', 'Xerath')",2,0,2
"('Akali', 'Lee Sin', 'Lucian', 'Nami', 'Riven')",0,2,2
"('Ashe', 'Diana', 'Jax', 'Karthus', 'Zilean')",2,0,2
"('Caitlyn', 'Camille', 'Nautilus', 'Skarner', 'Sylas')",0,2,2
"('Hecarim', 'Hwei', 'Renekton', 'Seraphine', 'Varus')",0,2,2
"('Alistar', 'Diana', 'Hecarim', 'Irelia', 'Jinx')",2,0,2
"('Alistar', 'Diana', ""Kai'Sa"", 'Kayn', 'Kennen')",2,0,2
"('Azir', ""Kai'Sa"", 'Kindred', 'Rell', 'Renekton')",0,2,2
"('Ahri', ""Kai'Sa"", 'Nautilus', 'Quinn', 'Skarner')",0,2,2
"(""Bel'Veth"", 'Hwei', 'Ornn', 'Renekton', 'Senna')",2,0,2
"('Gragas', 'Irelia', 'Jinx', 'Thresh', 'Vladimir')",2,0,2
"('Aatrox', 'Lucian', 'Nami', 'Nunu & Willump', 'Tristana')",2,0,2
"('Akali', 'Ashe', ""K'Sante"", 'Nidalee', 'Varus')",2,0,2
"('Alistar', ""Kai'Sa"", 'Renekton', 'Taliyah', 'Tristana')",2,0,2
"('Irelia', 'Rakan', 'Sett', 'Taliyah', 'Zeri')",2,0,2
"('Aatrox', 'Jax', 'LeBlanc', 'Varus', 'Viego')",2,0,2
"('Diana', 'Fiora', ""Kai'Sa"", 'Nautilus', 'Yasuo')",0,2,2
"('Aphelios', 'Camille', 'Kennen', 'Rengar', 'Tristana')",0,2,2
"('Jayce', 'Kalista', 'Taric', 'Viego', 'Zoe')",0,2,2
"('Aphelios', 'Kled', 'Master Yi', 'Pyke', 'Viktor')",0,2,2
"('Jinx', 'Kindred', 'LeBlanc', 'Sejuani', 'Thresh')",0,2,2
"('Camille', ""K'Sante"", ""Kai'Sa"", 'Lee Sin', 'Twisted Fate')",0,2,2
"('Fiddlesticks', ""Kai'Sa"", 'Lulu', 'Riven', 'Yone')",0,2,2
"('Gragas', 'LeBlanc', 'Rell', 'Xayah', 'Xin Zhao')",2,0,2
"('Caitlyn', 'Galio', 'Milio', 'Skarner', 'Viego')",2,0,2
"('Ashe', 'Gnar', 'Hwei', 'Lee Sin', 'Vex')",2,0,2
"('Cassiopeia', 'Jax', 'Kalista', 'Neeko', 'Vex')",2,0,2
"('Galio', ""K'Sante"", 'Kalista', 'Pyke', 'Viego')",0,2,2
"('Cassiopeia', 'Heimerdinger', ""Kai'Sa"", 'Pantheon', 'Rell')",2,0,2
"('Darius', 'Diana', 'Lulu', 'Talon', 'Zeri')",2,0,2
"('Jax', ""K'Sante"", 'Lucian', 'Nami', 'Syndra')",0,2,2
"(""Kha'Zix"", 'Nautilus', 'Tryndamere', 'Vladimir', 'Zeri')",0,2,2
"('Graves', 'Jinx', ""K'Sante"", 'Rell', 'Vladimir')",0,2,2
"('Kindred', 'Orianna', 'Taric', 'Twisted Fate', 'Varus')",0,2,2
"('Aphelios', 'Nidalee', 'Thresh', 'Tristana', 'Udyr')",2,0,2
"('Aphelios', 'Graves', 'Ryze', 'Thresh', 'Zac')",2,0,2
"('Diana', ""K'Sante"", 'Lucian', 'Nidalee', 'Thresh')",2,0,2
"('Aurelion Sol', 'Darius', ""Kai'Sa"", 'Leona', 'Viego')",2,0,2
"('Fiddlesticks', 'Jinx', 'Karma', 'Orianna', 'Twisted Fate')",0,2,2
"('Akali', 'Camille', ""Kai'Sa"", 'Nautilus', 'Viego')",0,2,2
"('Blitzcrank', ""Kai'Sa"", 'Nidalee', 'Rumble', 'Yone')",2,0,2
"('Ashe', 'Hecarim', 'Jax', 'Orianna', 'Soraka')",2,0,2
"('Draven', 'Jax', 'Pantheon', 'Rell', 'Taliyah')",2,0,2
"('Camille', 'Corki', 'Nautilus', 'Nidalee', 'Renekton')",2,0,2
"('Diana', 'Graves', 'Twisted Fate', 'Zeri', 'Zilean')",0,2,2
"('Corki', 'Kennen', 'Rell', 'Rumble', 'Tristana')",2,0,2
"('Ezreal', 'Lee Sin', 'Lissandra', 'Rell', 'Sett')",0,1,1
"(""Kai'Sa"", 'Lee Sin', 'Rell', 'Rumble', 'Twisted Fate')",0,1,1
"('Aurelion Sol', 'Draven', 'Nautilus', ""Rek'Sai"", 'Viego')",0,1,1
"('Rakan', 'Rumble', 'Smolder', 'Talon', 'Viego')",0,1,1
"('Akali', 'Ashe', 'Jax', 'Lee Sin', 'Thresh')",1,0,1
"('Ashe', ""Rek'Sai"", 'Rumble', 'Varus', 'Vladimir')",1,0,1
"('Aurelion Sol', 'Graves', ""Kai'Sa"", 'Rakan', 'Yasuo')",1,0,1
"('Corki', 'Evelynn', 'Leona', 'Qiyana', 'Rumble')",1,0,1
"('Akali', 'Ashe', 'Seraphine', 'Twisted Fate', 'Viego')",1,0,1
"('Lucian', 'Nami', 'Skarner', 'Taliyah', 'Yone')",0,1,1
"('Hwei', 'Kennen', 'Kindred', 'Lulu', 'Zeri')",1,0,1
"(""Kai'Sa"", 'Nautilus', 'Qiyana', 'Rumble', 'Vi')",1,0,1
"('Draven', 'Jax', 'Mordekaiser', 'Rell', ""Vel'Koz"")",0,1,1
"('Jhin', 'Nautilus', 'Nidalee', 'Renekton', 'Yasuo')",0,1,1
"('Irelia', 'Jinx', 'Nidalee', 'Rumble', 'Twitch')",0,1,1
"('Gragas', ""Kai'Sa"", 'Katarina', ""Rek'Sai"", 'Taric')",1,0,1
"('Anivia', ""Bel'Veth"", 'Corki', 'Qiyana', 'Rakan')",0,1,1
"('Amumu', 'Corki', 'Lucian', 'Pyke', 'Tryndamere')",0,1,1
"('Miss Fortune', 'Nautilus', 'Rumble', 'Taliyah', 'Viego')",0,1,1
"('Caitlyn', 'Darius', 'Maokai', 'Taliyah', 'Tristana')",1,0,1
"('Galio', 'Samira', 'Senna', 'Viego', 'Volibear')",0,1,1
"('Camille', 'Rakan', 'Twitch', 'Viego', 'Zoe')",1,0,1
"('Ezreal', 'LeBlanc', 'Lissandra', 'Soraka', 'Viego')",1,0,1
"('Alistar', 'Ezreal', 'Gangplank', 'Nidalee', 'Tristana')",1,0,1
"('Blitzcrank', ""Kai'Sa"", 'Lulu', 'Nidalee', 'Yone')",1,0,1
"('Blitzcrank', 'Graves', ""Kai'Sa"", 'Katarina', 'Olaf')",1,0,1
"('Darius', 'Jayce', 'Nidalee', 'Pyke', ""Vel'Koz"")",1,0,1
"('Anivia', 'Camille', 'Jinx', 'Nautilus', 'Viego')",1,0,1
"('Nidalee', 'Pyke', 'Seraphine', 'Tristana', 'Viego')",0,1,1
"('Corki', 'Gwen', 'Orianna', 'Pyke', 'Udyr')",1,0,1
"('Ashe', 'Galio', 'Lee Sin', 'Pyke', 'Tryndamere')",1,0,1
"('Ornn', 'Pyke', ""Rek'Sai"", 'Yone', 'Zeri')",0,1,1
"('Akali', ""Kai'Sa"", 'Katarina', 'Kindred', 'Pyke')",0,1,1
"(""Kai'Sa"", 'Poppy', 'Pyke', 'Renekton', ""Vel'Koz"")",1,0,1
"('Akshan', 'Ashe', 'Ekko', 'Ivern', 'Pyke')",1,0,1
"('Brand', 'Corki', 'Irelia', ""K'Sante"", 'Nautilus')",1,0,1
"('Aatrox', 'Azir', 'Caitlyn', 'Lux', 'Nunu & Willump')",0,1,1
"('Jayce', ""Kha'Zix"", 'Lucian', 'Nami', 'Syndra')",0,1,1
"('Rakan', 'Renekton', 'Sivir', 'Syndra', 'Taliyah')",0,1,1
"('Alistar', 'Jax', 'Kalista', 'Orianna', 'Viego')",1,0,1
"(""K'Sante"", 'Kindred', 'Malzahar', 'Nautilus', 'Taliyah')",0,1,1
"('Jinx', 'Malphite', 'Nidalee', 'Rell', 'Tristana')",1,0,1
"('Kindred', 'Rakan', 'Sion', 'Smolder', 'Twisted Fate')",0,1,1
"('Graves', 'Lucian', 'Pyke', 'Taliyah', 'Yasuo')",1,0,1
"('Pyke', 'Taliyah', 'Tristana', 'Warwick', 'Xayah')",0,1,1
"('Caitlyn', 'Nautilus', 'Taliyah', 'Vayne', 'Zed')",1,0,1
"('Aphelios', 'Taliyah', 'Thresh', 'Tryndamere', 'Viego')",0,1,1
"('Darius', 'Galio', ""Rek'Sai"", 'Yuumi', 'Zeri')",0,1,1
"('Camille', 'Rakan', 'Xin Zhao', 'Zac', 'Zeri')",0,1,1
"('Azir', 'Camille', 'Karthus', 'Nautilus', 'Twitch')",1,0,1
"('Aatrox', 'Katarina', 'Kindred', 'Lucian', 'Pyke')",1,0,1
"('Braum', 'Lee Sin', 'Lucian', 'Warwick', 'Zoe')",0,1,1
"(""Bel'Veth"", 'Jax', 'Nautilus', 'Neeko', 'Samira')",0,1,1
"('Ashe', 'Kennen', 'Rell', 'Rumble', 'Viego')",1,0,1
"('Jayce', 'Jinx', 'Kindred', 'Sylas', 'Thresh')",1,0,1
"('Gwen', 'Hwei', 'Smolder', 'Tristana', 'Warwick')",1,0,1
"('Corki', 'Nautilus', ""Rek'Sai"", 'Renekton', 'Rumble')",1,0,1
"('Camille', 'Corki', 'Gragas', ""Kog'Maw"", 'Morgana')",1,0,1
"('Anivia', 'Graves', 'LeBlanc', 'Rell', 'Varus')",1,0,1
"('Akali', 'Graves', ""Kai'Sa"", 'Nautilus', 'Tryndamere')",0,1,1
"('Jhin', ""K'Sante"", 'Rell', 'Taliyah', 'Tristana')",0,1,1
"('Fiddlesticks', 'Gnar', ""Kai'Sa"", 'Syndra', 'Viego')",1,0,1
"('Graves', 'Jinx', 'Lissandra', 'Thresh', 'Viego')",0,1,1
"('Leona', ""Rek'Sai"", 'Shen', 'Taliyah', 'Tristana')",0,1,1
"('Akali', ""K'Sante"", 'Lee Sin', 'Thresh', 'Varus')",1,0,1
"('Gragas', 'Jinx', 'Leona', 'Rumble', 'Tryndamere')",0,1,1
"('Jinx', 'Nautilus', 'Shen', 'Taliyah', 'Yone')",1,0,1
"('Annie', 'Ashe', 'Olaf', ""Rek'Sai"", 'Sona')",0,1,1
"('Corki', 'Lee Sin', 'Rumble', 'Thresh', 'Zeri')",0,1,1
"('Corki', 'Lucian', 'Nautilus', 'Tryndamere', 'Vi')",1,0,1
"('Jinx', 'LeBlanc', 'Poppy', 'Skarner', 'Taliyah')",0,1,1
"('Ekko', 'Fiddlesticks', 'Jayce', ""Kai'Sa"", 'Skarner')",1,0,1
"('Fiora', 'Lee Sin', 'Lucian', 'Nami', 'Orianna')",1,0,1
"('Akali', 'Camille', 'Corki', 'Fiora', 'Viego')",1,0,1
"('Hwei', 'Jhin', ""K'Sante"", 'Kindred', 'Zyra')",0,1,1
"('Gragas', 'LeBlanc', 'Lucian', 'Viego', 'Zyra')",1,0,1
"('Brand', 'Fiddlesticks', 'Gangplank', ""Kai'Sa"", 'Sona')",0,1,1
"('Corki', 'Miss Fortune', 'Nidalee', 'Sett', 'Xerath')",0,1,1
"('Aurelion Sol', 'Fiora', 'Jhin', 'Karthus', 'Seraphine')",0,1,1
"('Aatrox', 'Alistar', ""Kai'Sa"", 'Kassadin', 'Viego')",1,0,1
"('Jinx', 'Kennen', 'Lulu', ""Rek'Sai"", 'Tristana')",0,1,1
"('Jinx', 'Katarina', 'Rell', 'Skarner', 'Xin Zhao')",1,0,1
"('Aatrox', 'Ezreal', 'Karthus', 'Thresh', 'Yone')",1,0,1
"('Ashe', 'Graves', 'Kassadin', 'Ornn', 'Shaco')",1,0,1
"('Dr. Mundo', 'Ivern', 'Jinx', 'Sona', 'Vex')",0,1,1
"('Graves', 'Jax', ""Kai'Sa"", 'LeBlanc', 'Sona')",0,1,1
"(""Kha'Zix"", 'Senna', 'Sona', 'Tristana', 'Zac')",0,1,1
"('Brand', 'Braum', 'Jayce', 'Jinx', 'Twisted Fate')",1,0,1
"('Ashe', 'Kindred', 'LeBlanc', 'Rumble', 'Yasuo')",0,1,1
"('Ashe', 'Hwei', 'Lee Sin', 'Nautilus', 'Renekton')",0,1,1
"('Graves', ""Kog'Maw"", 'Nautilus', 'Riven', 'Tristana')",1,0,1
"('Aphelios', 'Karthus', 'Lee Sin', 'Lulu', 'Skarner')",1,0,1
"('Ashe', 'Corki', 'Pyke', 'Taliyah', 'Twisted Fate')",1,0,1
"('Aurelion Sol', 'Nidalee', 'Thresh', 'Varus', 'Warwick')",0,1,1
"('Ashe', 'Braum', 'Fiora', 'Qiyana', 'Taliyah')",0,1,1
"('Caitlyn', 'Jayce', 'Neeko', 'Nidalee', 'Skarner')",0,1,1
"('Ashe', 'Azir', 'Heimerdinger', 'Olaf', 'Viego')",0,1,1
"('Diana', 'Fiddlesticks', 'Gnar', 'Nilah', 'Talon')",0,1,1
"('Azir', 'Gragas', 'Graves', ""Kai'Sa"", 'Sona')",1,0,1
"('Akshan', 'Fiddlesticks', 'Twisted Fate', 'Viego', 'Zeri')",0,1,1
"('Kennen', 'Lucian', 'Nami', 'Nidalee', 'Tristana')",1,0,1
"('Ashe', 'Camille', 'Corki', 'Karthus', 'Milio')",0,1,1
"('Corki', 'Rell', 'Taliyah', 'Tryndamere', 'Varus')",1,0,1
"('Aphelios', 'Corki', 'Nidalee', 'Thresh', 'Twisted Fate')",1,0,1
"('Corki', 'Jax', ""Kai'Sa"", 'Ornn', 'Zilean')",0,1,1
"('Ashe', 'Camille', 'Senna', 'Taliyah', 'Tristana')",0,1,1
"('Ashe', 'Cassiopeia', 'Corki', 'Kindred', 'Taliyah')",0,1,1
"('Hwei', 'Jayce', 'Jhin', 'Viego', 'Zac')",1,0,1
"('Corki', 'Jinx', 'Lillia', 'Nautilus', 'Varus')",1,0,1
"('Draven', 'Lee Sin', 'Ornn', 'Sylas', 'Thresh')",1,0,1
"('Draven', 'Hwei', 'Lee Sin', 'Rell', 'Skarner')",1,0,1
"('Cassiopeia', 'Diana', ""Kai'Sa"", 'Shaco', 'Skarner')",1,0,1
"('Fiddlesticks', ""Kha'Zix"", 'LeBlanc', 'Malphite', 'Samira')",1,0,1
"('Graves', 'Orianna', 'Rakan', 'Skarner', 'Xayah')",1,0,1
"('Fiddlesticks', ""Kai'Sa"", 'Nidalee', 'Qiyana', 'Skarner')",1,0,1
"('Aphelios', 'Jayce', 'Kindred', ""Vel'Koz"", 'Zilean')",1,0,1
"('Camille', ""Kai'Sa"", 'Qiyana', 'Viego', 'Zyra')",0,1,1
"('Camille', 'Corki', ""K'Sante"", 'Rumble', 'Skarner')",0,1,1
"('Hwei', ""Kai'Sa"", 'Leona', 'Shen', 'Vi')",1,0,1
"('Aphelios', 'Nautilus', 'Skarner', 'Viego', 'Xerath')",0,1,1
"('Jhin', 'Orianna', 'Rengar', 'Senna', 'Zac')",0,1,1
"('Leona', 'Lillia', 'Qiyana', 'Sivir', 'Tryndamere')",0,1,1
"('Jayce', ""Kai'Sa"", 'LeBlanc', 'Lee Sin', 'Pyke')",0,1,1
"('Ashe', 'Malphite', 'Nautilus', 'Nidalee', 'Yone')",0,1,1
"('Ahri', 'Corki', 'Nautilus', 'Twisted Fate', 'Xin Zhao')",0,1,1
"('Ashe', 'Kindred', 'Nasus', 'Orianna', 'Pyke')",0,1,1
"(""Kai'Sa"", 'Katarina', 'Poppy', 'Taliyah', 'Thresh')",1,0,1
"('Jinx', 'Kennen', 'Leona', 'Nunu & Willump', 'Pantheon')",0,1,1
"(""Kai'Sa"", 'Rakan', 'Syndra', 'Volibear', 'Xin Zhao')",1,0,1
"('Camille', 'Gragas', 'Jinx', 'Taliyah', 'Thresh')",1,0,1
"('Akshan', 'Braum', 'Kindred', 'Vayne', 'Zeri')",1,0,1
"('Camille', 'Karma', 'Lucian', 'Qiyana', 'Taliyah')",1,0,1
"('Pyke', 'Taliyah', 'Tristana', 'Yone', 'Zeri')",1,0,1
"('Camille', 'Hwei', ""Kai'Sa"", 'Taric', 'Viego')",1,0,1
"('Blitzcrank', 'Nidalee', 'Vladimir', 'Yasuo', 'Zeri')",1,0,1
"('Ashe', 'Fiddlesticks', ""K'Sante"", 'Katarina', 'Seraphine')",1,0,1
"('Ezreal', 'Lee Sin', 'Poppy', 'Rumble', 'Samira')",0,1,1
"('Jax', 'Jinx', 'Nidalee', 'Thresh', 'Tristana')",1,0,1
"('Jinx', 'LeBlanc', 'Morgana', 'Rengar', 'Thresh')",1,0,1
"('Nidalee', 'Rell', 'Samira', 'Volibear', 'Yone')",1,0,1
"('Gnar', ""Kha'Zix"", 'Miss Fortune', 'Singed', 'Sona')",1,0,1
"('Braum', 'Corki', 'Hwei', 'Lee Sin', 'Tryndamere')",1,0,1
"('Akali', 'Braum', 'Jax', ""Kai'Sa"", 'Vayne')",0,1,1
"('Draven', 'Fiora', 'Rengar', 'Sona', 'Syndra')",1,0,1
"('Corki', 'Hwei', 'Kayn', 'Kennen', 'Nautilus')",1,0,1
"('Camille', 'Heimerdinger', 'Nautilus', 'Taliyah', 'Yone')",1,0,1
"('Jayce', ""Kai'Sa"", 'Lillia', 'Rell', 'Tristana')",1,0,1
"('Aatrox', 'Ashe', 'Ivern', 'Sona', 'Yasuo')",1,0,1
"('Camille', 'Graves', 'Hwei', 'Jinx', 'Maokai')",1,0,1
"('Camille', 'Corki', 'Lulu', 'Taliyah', 'Zeri')",1,0,1
"('Corki', 'Hwei', ""K'Sante"", 'Nautilus', 'Viego')",1,0,1
"('Ashe', 'Jax', 'Katarina', 'Rengar', 'Seraphine')",0,1,1
"('Ahri', 'Nidalee', 'Rakan', 'Renekton', 'Twitch')",1,0,1
"('Camille', 'Lee Sin', 'Lucian', 'Malzahar', 'Sona')",1,0,1
"('Corki', ""K'Sante"", 'Karthus', 'Lee Sin', 'Senna')",1,0,1
"('Alistar', 'Ashe', 'Hwei', 'Jax', 'Renekton')",0,1,1
"(""Bel'Veth"", 'Jayce', 'LeBlanc', 'Shaco', 'Syndra')",1,0,1
"('Darius', 'Pantheon', 'Rell', 'Sylas', 'Varus')",0,1,1
"('Annie', 'Ornn', 'Sona', 'Varus', 'Viego')",0,1,1
"('Ornn', 'Poppy', 'Rumble', 'Varus', 'Viego')",0,1,1
"('Graves', ""Kai'Sa"", 'LeBlanc', 'Nautilus', 'Ornn')",0,1,1
"('Aatrox', 'Elise', 'Fiddlesticks', ""Kai'Sa"", 'Tristana')",0,1,1
"('Braum', 'Corki', 'Ekko', 'Kennen', 'Rengar')",0,1,1
"('Braum', 'Lucian', 'Neeko', 'Pantheon', 'Twisted Fate')",1,0,1
"('Ashe', 'Gnar', 'Jarvan IV', 'Maokai', 'Viktor')",1,0,1
"('Hecarim', 'LeBlanc', 'Rell', 'Rumble', 'Samira')",1,0,1
"('Nautilus', 'Rumble', 'Sylas', 'Tristana', 'Varus')",1,0,1
"(""Kai'Sa"", 'Kennen', 'LeBlanc', 'Master Yi', 'Nautilus')",1,0,1
"('Aatrox', 'Fizz', 'Lulu', 'Viego', 'Zeri')",0,1,1
"('Jinx', 'LeBlanc', 'Lee Sin', 'Nautilus', 'Volibear')",0,1,1
"('Fizz', ""Kai'Sa"", 'Karma', 'Karthus', 'Nasus')",1,0,1
"('Ashe', 'Aurelion Sol', 'Camille', 'Corki', 'Viego')",0,1,1
"('Anivia', 'Caitlyn', 'Jarvan IV', 'Rumble', 'Taliyah')",1,0,1
"('Ashe', 'Camille', 'Garen', 'Skarner', 'Taliyah')",0,1,1
"('Camille', 'Cassiopeia', 'LeBlanc', 'Rengar', 'Urgot')",0,1,1
"('Corki', ""Kai'Sa"", 'Lee Sin', 'Nautilus', 'Skarner')",1,0,1
"('Blitzcrank', 'Dr. Mundo', ""Kai'Sa"", 'Kindred', 'Malzahar')",1,0,1
"('Dr. Mundo', 'Hwei', 'Nilah', 'Poppy', 'Rakan')",0,1,1
"('Garen', 'Graves', 'Rakan', ""Vel'Koz"", 'Zed')",1,0,1
"('Aphelios', 'LeBlanc', ""Rek'Sai"", 'Teemo', 'Thresh')",1,0,1
"('Camille', 'Rell', 'Varus', 'Yasuo', 'Zyra')",1,0,1
"('Darius', 'Jhin', 'Seraphine', 'Taliyah', 'Yone')",1,0,1
"('Darius', 'Elise', 'Jhin', 'Tristana', 'Zyra')",1,0,1
"('Corki', ""Kai'Sa"", 'Nautilus', 'Nidalee', 'Wukong')",1,0,1
"('Gragas', 'Jax', 'Orianna', 'Varus', 'Viego')",0,1,1
"('Draven', 'Graves', 'Rumble', 'Thresh', 'Viktor')",0,1,1
"('Braum', 'Corki', 'Gwen', 'Varus', 'Viego')",1,0,1
"('Fiddlesticks', 'Jayce', 'Kalista', 'Rell', 'Sylas')",1,0,1
"('Camille', 'Hwei', ""Kai'Sa"", ""Kha'Zix"", 'Leona')",0,1,1
"('Cassiopeia', 'Irelia', ""Kai'Sa"", 'Nautilus', 'Nidalee')",0,1,1
"('Dr. Mundo', 'Lucian', 'Skarner', 'Taliyah', 'Taric')",0,1,1
"('Graves', ""Kai'Sa"", 'Malphite', 'Poppy', 'Rell')",0,1,1
"('Brand', 'Gnar', 'Lucian', 'Neeko', 'Varus')",0,1,1
"('Corki', 'Kennen', 'Lee Sin', 'Nautilus', 'Tristana')",1,0,1
"('Akali', 'Poppy', 'Thresh', 'Varus', 'Yone')",1,0,1
"('Dr. Mundo', 'Gwen', 'Jinx', 'Pyke', 'Yone')",0,1,1
"('Ashe', 'Kalista', 'Nidalee', 'Qiyana', 'Renekton')",0,1,1
"('Corki', 'Renekton', 'Sivir', 'Taliyah', 'Yuumi')",0,1,1
"('Aatrox', 'Blitzcrank', 'Jhin', 'Katarina', 'Lee Sin')",1,0,1
"('Diana', 'Jax', 'Jayce', 'Rell', 'Samira')",1,0,1
"('Camille', 'Hwei', 'Rakan', 'Skarner', 'Twitch')",1,0,1
"('Kalista', 'Nidalee', 'Pyke', 'Twisted Fate', 'Zed')",1,0,1
"('Camille', 'Galio', 'Graves', ""Kai'Sa"", 'Pyke')",0,1,1
"('LeBlanc', 'Rell', 'Skarner', 'Varus', 'Viego')",0,1,1
"('Kalista', 'LeBlanc', 'Renata Glasc', 'Twisted Fate', 'Vi')",0,1,1
"('Brand', 'Irelia', ""Kai'Sa"", 'Nautilus', 'Skarner')",0,1,1
"('Alistar', 'Irelia', 'Katarina', 'Taliyah', 'Varus')",0,1,1
"('Kindred', 'Leona', 'Rumble', 'Tristana', 'Varus')",1,0,1
"('Ashe', ""Rek'Sai"", 'Sivir', 'Taliyah', 'Vi')",1,0,1
"('Gwen', 'Rell', 'Varus', 'Viego', 'Yone')",1,0,1
"('Ashe', ""Bel'Veth"", 'Gragas', 'Maokai', 'Zoe')",1,0,1
"('Lee Sin', 'Nautilus', 'Senna', 'Taliyah', 'Twisted Fate')",1,0,1
"('Hecarim', 'Irelia', ""Kai'Sa"", 'Sylas', 'Thresh')",0,1,1
"('Rakan', 'Rengar', 'Rumble', 'Xayah', 'Zeri')",0,1,1
"('Corki', 'Jax', 'Rakan', 'Shaco', 'Singed')",0,1,1
"('Jinx', ""Kha'Zix"", 'LeBlanc', 'Lulu', 'Twisted Fate')",1,0,1
"('Ashe', 'Fiora', 'Thresh', 'Tristana', 'Zyra')",1,0,1
"('Kindred', 'LeBlanc', 'Mordekaiser', 'Rakan', 'Zeri')",0,1,1
"('Aatrox', 'Jinx', 'Orianna', 'Renata Glasc', 'Viego')",0,1,1
"('Alistar', 'Jinx', 'Lee Sin', 'Pyke', 'Ryze')",1,0,1
"('Corki', 'Dr. Mundo', 'Nautilus', 'Nidalee', 'Qiyana')",1,0,1
"('Jax', 'Jinx', 'Nidalee', 'Ornn', 'Tristana')",0,1,1
"('Karthus', 'Lucian', 'Nautilus', 'Rumble', 'Viego')",1,0,1
"('Aphelios', 'Hwei', 'Renekton', 'Rumble', 'Shaco')",0,1,1
"('Aatrox', 'Fiddlesticks', 'Jhin', 'Nunu & Willump', 'Tristana')",1,0,1
"(""Kai'Sa"", ""Kha'Zix"", 'Rakan', 'Skarner', 'Tristana')",0,1,1
"('Galio', 'LeBlanc', 'Renekton', 'Samira', 'Viego')",0,1,1
"('Jayce', 'Lulu', 'Pantheon', 'Syndra', 'Varus')",1,0,1
"('Braum', 'Garen', 'Graves', 'Taliyah', 'Zeri')",1,0,1
"('Dr. Mundo', 'Draven', 'Nautilus', 'Viego', 'Xerath')",1,0,1
"('Blitzcrank', 'Corki', 'Hwei', 'Irelia', 'Viego')",0,1,1
"('Azir', ""Kai'Sa"", 'Nautilus', 'Rumble', 'Viego')",1,0,1
"('Camille', ""Kha'Zix"", 'LeBlanc', 'Thresh', 'Zeri')",0,1,1
"('Nautilus', 'Nidalee', 'Tristana', 'Twisted Fate', 'Vladimir')",1,0,1
"('Ashe', 'Diana', 'Jayce', 'Seraphine', 'Tristana')",0,1,1
"('Camille', 'Corki', 'Draven', 'Nautilus', 'Taliyah')",1,0,1
"(""Kai'Sa"", 'LeBlanc', 'Rell', 'Shen', 'Viego')",0,1,1
"('Ashe', 'Blitzcrank', 'Nidalee', 'Pantheon', 'Twisted Fate')",1,0,1
"('Camille', 'Hwei', 'Janna', 'Kalista', ""Kha'Zix"")",0,1,1
"('Lux', 'Rumble', 'Tristana', 'Varus', 'Viego')",1,0,1
"('Corki', 'Graves', 'Jax', 'Leona', ""Vel'Koz"")",1,0,1
"('LeBlanc', 'Varus', 'Vayne', 'Viego', 'Zyra')",1,0,1
"('Blitzcrank', 'Kennen', 'Lillia', 'Tristana', 'Varus')",0,1,1
"('Ashe', 'Braum', 'Hwei', 'Kindred', 'Olaf')",0,1,1
"('Draven', 'Katarina', 'Lillia', 'Skarner', 'Thresh')",0,1,1
"('Nautilus', 'Skarner', 'Tristana', ""Vel'Koz"", 'Viego')",1,0,1
"('Akali', ""Kha'Zix"", 'Lucian', 'Nautilus', 'Rumble')",0,1,1
"('Ashe', 'Gwen', 'Jayce', 'Rell', 'Sion')",1,0,1
"('Hwei', 'Jinx', 'Seraphine', 'Twisted Fate', 'Xin Zhao')",0,1,1
"('Darius', 'Graves', 'Hwei', 'Nautilus', ""Vel'Koz"")",1,0,1
"('Aurelion Sol', 'Jayce', 'Ornn', 'Senna', 'Viego')",1,0,1
"('Aatrox', 'Corki', 'Nautilus', 'Taliyah', 'Twisted Fate')",0,1,1
"('Corki', 'Fiora', ""Kai'Sa"", 'Nidalee', 'Taric')",1,0,1
"('Camille', 'Corki', 'Jinx', 'Lillia', 'Thresh')",1,0,1
"('Dr. Mundo', 'Hwei', ""Kai'Sa"", 'Viego', 'Zoe')",0,1,1
"('Akali', 'Ashe', 'Lee Sin', 'Malphite', 'Seraphine')",1,0,1
"('Aatrox', 'Alistar', 'Draven', 'LeBlanc', 'Warwick')",1,0,1
"('Aatrox', 'Corki', 'Ezreal', 'Leona', 'Nidalee')",1,0,1
"('Aurelion Sol', 'Ezreal', 'Gwen', 'Karma', 'Xin Zhao')",1,0,1
"(""Bel'Veth"", 'Corki', 'Jax', ""Kai'Sa"", 'Rell')",1,0,1
"('Ashe', 'Camille', 'Darius', 'Galio', 'Kindred')",1,0,1
"('Pantheon', 'Seraphine', 'Sylas', 'Tahm Kench', 'Varus')",0,1,1
"('Brand', 'Camille', 'Hwei', ""Kai'Sa"", 'Nautilus')",1,0,1
"('Graves', ""K'Sante"", 'Rakan', 'Sylas', 'Zeri')",0,1,1
"('Akali', 'Draven', 'Hwei', 'Lulu', 'Rengar')",0,1,1
"('Kalista', 'Nami', 'Swain', 'Syndra', 'Vi')",0,1,1
"('Dr. Mundo', 'Jhin', 'Pantheon', 'Rakan', 'Rumble')",1,0,1
"('Ashe', 'Gwen', 'LeBlanc', 'Shaco', 'Thresh')",0,1,1
"('Corki', 'Dr. Mundo', 'Ekko', 'Nautilus', 'Qiyana')",1,0,1
"('Corki', 'Leona', 'Maokai', 'Twisted Fate', 'Varus')",0,1,1
"('Dr. Mundo', 'Hwei', 'Jax', 'Kalista', 'Orianna')",1,0,1
"('Hwei', ""Kai'Sa"", 'Kennen', 'Nautilus', 'Viego')",1,0,1
"('Ashe', 'Gwen', 'Rakan', 'Taliyah', 'Xin Zhao')",0,1,1
"('Aphelios', 'Graves', 'Kennen', 'Rell', 'Tristana')",0,1,1
"('Corki', 'Jinx', 'Karthus', 'Nautilus', 'Vayne')",1,0,1
"('Dr. Mundo', 'Heimerdinger', ""Kai'Sa"", 'Nunu & Willump', 'Yone')",0,1,1
"('Corki', ""K'Sante"", 'Kalista', 'Nautilus', 'Nidalee')",0,1,1
"('Ashe', 'Braum', 'Cassiopeia', 'Corki', 'Lillia')",0,1,1
"('Akali', 'Draven', 'Lee Sin', 'Pantheon', 'Zoe')",0,1,1
"('Camille', 'Corki', 'Irelia', 'Nidalee', 'Nilah')",1,0,1
"('Aatrox', 'Ahri', ""Kai'Sa"", 'Pyke', ""Rek'Sai"")",1,0,1
"('Aphelios', 'Dr. Mundo', 'Galio', 'Graves', 'Lulu')",0,1,1
"('Dr. Mundo', 'Hwei', 'Leona', 'Nidalee', 'Tristana')",0,1,1
"('Akali', 'Camille', 'Dr. Mundo', 'Jinx', 'Kindred')",1,0,1
"('Jayce', ""Kai'Sa"", 'Nautilus', 'Nidalee', 'Tristana')",0,1,1
"('Aurelion Sol', 'Nautilus', 'Shaco', 'Skarner', 'Varus')",0,1,1
"('Ashe', 'Braum', 'Hwei', 'Taliyah', 'Vayne')",1,0,1
"('Akali', 'Caitlyn', ""K'Sante"", 'Kindred', 'Nautilus')",1,0,1
"('Dr. Mundo', 'Hwei', 'Nautilus', 'Taliyah', 'Zeri')",0,1,1
"('Ashe', 'Azir', 'Lulu', 'Nautilus', 'Xin Zhao')",0,1,1
"('Cassiopeia', 'Corki', 'Nautilus', 'Tristana', 'Zac')",1,0,1
"(""Bel'Veth"", 'Jax', 'Nautilus', 'Yasuo', 'Zeri')",1,0,1
"('Elise', 'Lucian', 'Nami', 'Olaf', 'Yone')",1,0,1
"('Akali', 'Lee Sin', 'Olaf', 'Rakan', 'Zeri')",0,1,1
"('Graves', ""Kai'Sa"", 'Nautilus', 'Renekton', 'Tristana')",1,0,1
"('Azir', 'Blitzcrank', 'Pantheon', 'Varus', 'Viego')",0,1,1
"('Aphelios', ""Bel'Veth"", 'Diana', 'Jayce', 'Singed')",0,1,1
"('Azir', 'Kennen', 'Rakan', ""Rek'Sai"", 'Xayah')",1,0,1
"(""Bel'Veth"", 'Cassiopeia', 'Sylas', 'Thresh', 'Varus')",0,1,1
"('Camille', 'Fiddlesticks', 'Jinx', 'Thresh', 'Tristana')",1,0,1
"('Braum', 'Hwei', 'Jinx', 'Lulu', 'Viego')",1,0,1
"('Kennen', 'Skarner', 'Smolder', 'Taliyah', 'Viego')",0,1,1
"('Kalista', 'Renata Glasc', 'Skarner', 'Taliyah', 'Tristana')",0,1,1
"('Bard', 'Corki', 'Dr. Mundo', 'Lee Sin', 'Veigar')",0,1,1
"('Jinx', 'Nidalee', 'Renekton', 'Rumble', 'Yone')",1,0,1
"('Ahri', 'Camille', 'Seraphine', 'Varus', 'Xin Zhao')",1,0,1
"('Hwei', ""Kai'Sa"", 'Mordekaiser', 'Nautilus', ""Rek'Sai"")",0,1,1
"('Corki', 'Kindred', 'Rakan', 'Rumble', ""Vel'Koz"")",1,0,1
"('Fiora', 'Hwei', ""Kai'Sa"", ""Kha'Zix"", 'Leona')",1,0,1
"('Draven', ""K'Sante"", 'Lissandra', 'Nautilus', ""Rek'Sai"")",1,0,1
"('Elise', 'Jax', 'Jhin', 'Katarina', 'Lux')",1,0,1
"('Jayce', 'Neeko', 'Rakan', 'Viego', 'Zeri')",0,1,1
"(""Kai'Sa"", ""Rek'Sai"", 'Taliyah', 'Thresh', 'Tryndamere')",1,0,1
"('Blitzcrank', 'Corki', 'Nidalee', 'Singed', 'Varus')",1,0,1
"('Ashe', 'LeBlanc', 'Rumble', 'Smolder', 'Viego')",1,0,1
"('Corki', 'Lux', 'Nautilus', ""Rek'Sai"", 'Tryndamere')",1,0,1
"('Graves', 'Kennen', 'LeBlanc', 'Seraphine', 'Zeri')",1,0,1
"('Akali', 'Ashe', ""K'Sante"", 'Pyke', 'Taliyah')",0,1,1
"('Corki', 'Neeko', 'Smolder', 'Taliyah', 'Tristana')",0,1,1
"('Azir', 'Draven', 'Kennen', ""Rek'Sai"", 'Rell')",0,1,1
"('Braum', 'Elise', 'Fiora', 'Tristana', 'Varus')",0,1,1
"('Blitzcrank', 'Qiyana', 'Samira', 'Skarner', 'Taliyah')",1,0,1
"('Master Yi', 'Poppy', 'Pyke', 'Sylas', 'Zeri')",1,0,1
"('Aatrox', 'Ashe', 'Hwei', 'Karma', 'Poppy')",1,0,1
"('Hwei', 'Jinx', 'Karthus', 'Renekton', 'Zed')",0,1,1
"('Akshan', 'Cassiopeia', 'Rell', 'Skarner', 'Yorick')",1,0,1
"('Lee Sin', 'Nautilus', 'Skarner', 'Syndra', 'Zeri')",1,0,1
"('Alistar', 'Ashe', 'Gwen', 'Hwei', 'Yone')",1,0,1
"('Lissandra', ""Rek'Sai"", 'Taliyah', 'Yone', 'Zeri')",0,1,1
"('Aurelion Sol', 'Skarner', 'Tristana', 'Zed', 'Zyra')",0,1,1
"('Diana', 'Graves', 'Jinx', 'Nasus', 'Nautilus')",0,1,1
"('Alistar', 'Caitlyn', ""Rek'Sai"", 'Tristana', 'Viktor')",1,0,1
"('Camille', 'Jinx', 'Syndra', 'Vi', 'Zyra')",0,1,1
"('Jayce', 'Kindred', 'Rell', 'Zeri', 'Zoe')",1,0,1
"('Ashe', ""Kai'Sa"", 'Master Yi', 'Orianna', 'Tryndamere')",1,0,1
"('Blitzcrank', ""K'Sante"", 'LeBlanc', 'Lee Sin', 'Tristana')",0,1,1
"('Ezreal', 'Kennen', 'Lillia', 'Skarner', 'Tristana')",1,0,1
"('Lulu', 'Malphite', 'Taliyah', 'Yasuo', 'Zeri')",1,0,1
"('Camille', 'Karthus', 'Lulu', 'Yone', 'Zeri')",0,1,1
"('Hwei', 'Jhin', 'Lee Sin', 'Nasus', 'Rell')",1,0,1
"('Hecarim', 'Leona', 'Mordekaiser', 'Tristana', 'Yone')",0,1,1
"('Ashe', 'Braum', 'Gnar', 'Kindred', ""Vel'Koz"")",0,1,1
"('Garen', 'Lee Sin', 'Lux', 'Seraphine', 'Zeri')",0,1,1
"('Blitzcrank', 'Galio', 'Gwen', ""Kai'Sa"", 'Kindred')",0,1,1
"('Aatrox', 'Karthus', 'Nautilus', 'Tristana', 'Zeri')",0,1,1
"('Gwen', 'Hwei', 'Lee Sin', 'Neeko', 'Zeri')",0,1,1
"('Graves', 'Jax', 'Jinx', 'LeBlanc', 'Nautilus')",1,0,1
"('Hwei', 'Rell', 'Rengar', 'Rumble', 'Varus')",0,1,1
"('Draven', 'Jax', 'Jayce', 'Lulu', 'Nidalee')",1,0,1
"('Hwei', ""K'Sante"", 'Lucian', 'Nautilus', 'Shaco')",1,0,1
"('Akshan', 'Blitzcrank', 'Lee Sin', 'Lucian', 'Skarner')",1,0,1
"('Corki', 'Fiora', 'Hwei', 'Taric', 'Viego')",0,1,1
"('Lucian', 'Nautilus', 'Sejuani', 'Taliyah', 'Tristana')",0,1,1
"('Pyke', 'Rumble', 'Ryze', 'Varus', 'Viego')",1,0,1
"(""K'Sante"", 'Nautilus', 'Rumble', 'Samira', 'Sion')",1,0,1
"('Ashe', 'Draven', 'Kayn', 'Pantheon', 'Rumble')",0,1,1
"('Aurelion Sol', 'Gragas', 'Jax', ""Kai'Sa"", 'Pyke')",0,1,1
"('Aurelion Sol', 'Draven', 'Fiora', 'Lillia', 'Pyke')",1,0,1
"('Dr. Mundo', 'Ezreal', 'Graves', 'Rumble', 'Yone')",1,0,1
"('Camille', 'Hwei', 'Jax', 'Lucian', 'Sylas')",0,1,1
"('Aatrox', 'Ashe', 'Hwei', 'Lee Sin', 'Thresh')",1,0,1
"('Jinx', ""K'Sante"", 'Rakan', 'Sylas', 'Viego')",1,0,1
"('Aphelios', 'Jax', 'LeBlanc', 'Nidalee', 'Rell')",0,1,1
"('Aphelios', 'Diana', 'Graves', 'Nautilus', 'Twisted Fate')",0,1,1
"('Graves', 'Jinx', 'Malphite', 'Taliyah', 'Thresh')",1,0,1
"('Jinx', 'Nautilus', 'Nidalee', 'Tristana', 'Varus')",0,1,1
"('Camille', 'Hecarim', 'Hwei', 'Rakan', 'Zeri')",1,0,1
"('Corki', 'Hecarim', 'Nautilus', 'Renekton', 'Sylas')",1,0,1
"('Brand', ""Kai'Sa"", 'Nautilus', 'Tristana', 'Twisted Fate')",1,0,1
"('Aurelion Sol', ""Bel'Veth"", 'Caitlyn', ""K'Sante"", 'Rumble')",0,1,1
"('Galio', 'Hwei', ""Kai'Sa"", 'Renekton', 'Viego')",0,1,1
"('Graves', 'Hwei', 'Jayce', 'Lulu', 'Varus')",0,1,1
"(""Kai'Sa"", 'Nasus', 'Nidalee', 'Thresh', 'Tristana')",1,0,1
"('Ashe', 'Hwei', 'Kindred', 'Poppy', 'Rumble')",1,0,1
"('Aphelios', 'Lee Sin', 'Mordekaiser', 'Nautilus', 'Twisted Fate')",0,1,1
"('Kindred', 'Lucian', 'Olaf', 'Orianna', 'Renata Glasc')",1,0,1
"('Camille', 'Lee Sin', 'Orianna', ""Rek'Sai"", 'Varus')",1,0,1
"('Corki', 'Gwen', ""Kai'Sa"", 'Nunu & Willump', 'Soraka')",1,0,1
"('Blitzcrank', 'Maokai', 'Tristana', 'Twisted Fate', 'Zeri')",0,1,1
"('Braum', 'Graves', 'Hwei', 'Lucian', 'Twisted Fate')",1,0,1
"(""Bel'Veth"", 'Camille', 'Kalista', 'LeBlanc', 'Nasus')",1,0,1
"('Lee Sin', 'Malphite', 'Rumble', 'Vladimir', 'Xayah')",0,1,1
"('Hwei', 'Lucian', 'Nami', 'Poppy', 'Viego')",0,1,1
"('Kalista', 'Nidalee', 'Pantheon', 'Sona', 'Taliyah')",0,1,1
"('Ahri', 'Draven', 'Jayce', 'Lillia', 'Nautilus')",1,0,1
"('Azir', 'Draven', 'Graves', 'Poppy', 'Senna')",1,0,1
"('Heimerdinger', 'LeBlanc', 'Lee Sin', 'Rakan', 'Zeri')",1,0,1
"('Nidalee', 'Rakan', 'Skarner', 'Twisted Fate', 'Zeri')",0,1,1
"('Aphelios', 'Irelia', 'Mordekaiser', 'Nautilus', 'Nidalee')",1,0,1
"('Katarina', 'Lucian', 'Quinn', 'Sylas', 'Taliyah')",1,0,1
"('Graves', 'Hwei', 'Kalista', 'Kennen', 'Renata Glasc')",0,1,1
"('Orianna', 'Rumble', 'Senna', 'Varus', 'Viego')",0,1,1
"('Azir', ""Kai'Sa"", 'Nautilus', 'Ornn', 'Rengar')",0,1,1
"('Lulu', 'Nunu & Willump', 'Syndra', 'Tryndamere', 'Xayah')",0,1,1
"('Hecarim', 'LeBlanc', 'Neeko', 'Twisted Fate', 'Varus')",0,1,1
"('Hecarim', 'Hwei', 'Lulu', 'Nautilus', 'Zeri')",0,1,1
"('Kindred', 'Pantheon', 'Rell', 'Syndra', 'Yone')",1,0,1
"('Irelia', 'Lillia', 'Lucian', 'Nami', 'Veigar')",1,0,1
"('Diana', 'Kennen', 'Lucian', 'Nami', 'Skarner')",1,0,1
"('Draven', 'Galio', 'Nautilus', 'Ryze', 'Viego')",1,0,1
"('Hecarim', 'Kennen', ""Vel'Koz"", 'Yuumi', 'Zeri')",1,0,1
"('Aurelion Sol', 'Corki', 'Jayce', 'Lee Sin', 'Leona')",0,1,1
"('Dr. Mundo', 'Rumble', 'Taliyah', 'Viego', 'Zeri')",0,1,1
"('Ahri', 'Blitzcrank', 'Kindred', 'Renekton', 'Smolder')",1,0,1
"('Lucian', 'Nami', 'Pantheon', ""Rek'Sai"", 'Tristana')",1,0,1
"('Alistar', 'Corki', 'Illaoi', 'Jayce', 'Taliyah')",1,0,1
"('Corki', 'Graves', 'Illaoi', 'Pyke', 'Twisted Fate')",0,1,1
"('Ashe', 'LeBlanc', 'Rakan', ""Rek'Sai"", 'Zyra')",1,0,1
"('Ashe', 'Graves', 'Swain', 'Tryndamere', 'Vex')",0,1,1
"('Irelia', ""Kai'Sa"", 'Rell', 'Skarner', 'Viego')",1,0,1
"('Ashe', 'Hwei', 'Master Yi', 'Seraphine', 'Skarner')",1,0,1
"('Aphelios', ""K'Sante"", 'Thresh', 'Warwick', 'Xerath')",1,0,1
"(""Kai'Sa"", 'Leona', 'Qiyana', 'Teemo', 'Viego')",0,1,1
"('Briar', 'Camille', ""Kai'Sa"", 'Leona', 'Lillia')",1,0,1
"('Elise', 'Gangplank', 'Irelia', 'Seraphine', 'Varus')",0,1,1
"('Akali', 'Hwei', 'Nocturne', 'Sion', 'Varus')",0,1,1
"('Ashe', 'Ekko', 'Kalista', 'Qiyana', 'Renekton')",1,0,1
"(""Kai'Sa"", 'Neeko', 'Rumble', 'Singed', 'Wukong')",0,1,1
"('Lee Sin', 'Master Yi', 'Pyke', 'Rumble', 'Zeri')",1,0,1
"('Fiddlesticks', 'Gangplank', 'Jhin', 'Maokai', 'Tristana')",1,0,1
"(""Kai'Sa"", 'Master Yi', 'Morgana', 'Nautilus', 'Tristana')",1,0,1
"('Ashe', 'Rakan', ""Rek'Sai"", 'Taliyah', 'Volibear')",1,0,1
"(""Kai'Sa"", 'Katarina', 'Nautilus', 'Riven', 'Viego')",1,0,1
"('Camille', 'Hwei', 'Samira', 'Skarner', 'Viego')",1,0,1
"('Ezreal', ""K'Sante"", 'Nidalee', 'Rakan', 'Twisted Fate')",1,0,1
"('Jhin', 'Kennen', 'Master Yi', 'Twisted Fate', 'Zilean')",1,0,1
"('Dr. Mundo', 'Graves', 'Hwei', 'Thresh', 'Xayah')",0,1,1
"('Camille', 'Jhin', 'Kennen', 'LeBlanc', 'Lee Sin')",1,0,1
"('Fiddlesticks', 'Jayce', 'Nautilus', 'Sejuani', 'Sivir')",1,0,1
"('Camille', 'Leona', 'Nidalee', 'Tristana', 'Varus')",1,0,1
"('Camille', ""Kai'Sa"", 'Karthus', 'Pantheon', 'Rell')",0,1,1
"('Ashe', 'Renekton', 'Seraphine', 'Taliyah', 'Zac')",1,0,1
"('Rell', 'Rumble', 'Sylas', 'Viego', 'Zeri')",1,0,1
"('Aatrox', 'Akshan', 'Galio', 'Ivern', 'Varus')",1,0,1
"('Jinx', 'Lee Sin', 'Qiyana', 'Rakan', 'Zac')",1,0,1
"('Akshan', 'Ashe', 'Camille', 'Rell', 'Zyra')",1,0,1
"('Cassiopeia', 'LeBlanc', 'Lee Sin', 'Nautilus', 'Senna')",0,1,1
"('Blitzcrank', 'Hwei', 'Jax', 'Lee Sin', 'Twitch')",0,1,1
"('Annie', 'Blitzcrank', ""Kai'Sa"", 'Master Yi', 'Skarner')",0,1,1
"('Corki', 'Jax', 'Kennen', 'Seraphine', 'Sylas')",1,0,1
"(""Kai'Sa"", 'Karthus', 'Nautilus', 'Renekton', 'Tristana')",0,1,1
"('Ashe', 'Master Yi', 'Talon', 'Urgot', ""Vel'Koz"")",1,0,1
"('Annie', 'Graves', 'Jinx', 'Olaf', 'Thresh')",0,1,1
"('Ashe', 'Lulu', 'Master Yi', 'Twisted Fate', 'Udyr')",1,0,1
"('Camille', 'Heimerdinger', 'Nidalee', 'Vex', 'Zeri')",0,1,1
"('Galio', 'Jinx', 'Karthus', 'Nautilus', 'Tryndamere')",0,1,1
"('Ashe', ""K'Sante"", 'Katarina', 'Nautilus', 'Nidalee')",0,1,1
"('Akali', 'Kalista', 'Master Yi', 'Nasus', 'Pyke')",1,0,1
"('Ashe', 'Hwei', 'Leona', 'Rumble', 'Xin Zhao')",1,0,1
"('Alistar', 'Graves', 'Hwei', 'Jhin', 'Renekton')",1,0,1
"('Akali', 'Graves', 'Neeko', 'Twisted Fate', 'Varus')",0,1,1
"('Akshan', 'Brand', 'Jhin', 'Leona', 'Rengar')",1,0,1
"(""Kai'Sa"", 'Leona', 'Nunu & Willump', 'Qiyana', 'Yorick')",1,0,1
"('Akali', 'Camille', 'Graves', 'Senna', 'Varus')",0,1,1
"('Caitlyn', 'Hwei', 'Irelia', 'Karma', 'Master Yi')",0,1,1
"('Camille', 'Irelia', 'Kalista', 'Lillia', 'Sylas')",1,0,1
"('Cassiopeia', 'Jinx', 'Shaco', 'Sylas', 'Thresh')",1,0,1
"('Annie', 'Aurelion Sol', 'Jhin', ""K'Sante"", 'Lee Sin')",1,0,1
"(""Kai'Sa"", 'Kindred', 'Rell', 'Skarner', 'Twisted Fate')",1,0,1
"('Seraphine', 'Singed', 'Tristana', 'Viego', 'Xayah')",1,0,1
"('Aatrox', 'Aphelios', 'Azir', 'Master Yi', 'Thresh')",0,1,1
"('LeBlanc', 'Nautilus', ""Rek'Sai"", 'Tristana', 'Volibear')",1,0,1
"('Aatrox', ""Kai'Sa"", 'Nautilus', 'Viego', 'Zed')",1,0,1
"('Gnar', 'Kalista', 'Katarina', 'Master Yi', 'Pyke')",0,1,1
"('Alistar', 'Ashe', 'Dr. Mundo', 'Master Yi', 'Taliyah')",1,0,1
"('Ashe', 'Camille', 'Lulu', 'Xin Zhao', 'Zoe')",1,0,1
"('Evelynn', 'Lucian', 'Qiyana', 'Sett', 'Zac')",1,0,1
"('Ashe', 'Jarvan IV', 'Kindred', 'Skarner', 'Syndra')",1,0,1
"('Ashe', 'Brand', 'Corki', 'Jax', 'Senna')",0,1,1
"('Ashe', 'Renekton', 'Seraphine', 'Taliyah', 'Tristana')",1,0,1
"('Gnar', 'Jinx', 'Rumble', 'Vi', 'Yone')",1,0,1
"('Cassiopeia', 'Nautilus', 'Sion', 'Taliyah', 'Tryndamere')",1,0,1
"('Irelia', 'Rakan', 'Taliyah', 'Tristana', 'Zeri')",0,1,1
"('Corki', 'Kayle', 'Leona', 'Taliyah', 'Yone')",1,0,1
"('Aurelion Sol', 'Heimerdinger', 'Irelia', 'Nautilus', 'Viego')",0,1,1
"('Camille', 'Jhin', 'Katarina', 'Kennen', 'Vi')",1,0,1
"('Ashe', ""K'Sante"", 'Karthus', 'Tristana', 'Varus')",1,0,1
"('Corki', ""K'Sante"", 'LeBlanc', 'Lee Sin', 'Syndra')",1,0,1
"('Aatrox', 'Corki', 'Lee Sin', 'Pyke', 'Vex')",1,0,1
"('Camille', 'Jinx', 'Kennen', 'Lee Sin', 'Nautilus')",1,0,1
"('Brand', 'Darius', 'Draven', 'Skarner', 'Thresh')",1,0,1
"('Braum', 'Jinx', 'Kindred', 'Taliyah', 'Twisted Fate')",1,0,1
"('Hwei', 'Nasus', 'Nautilus', 'Nidalee', 'Sivir')",1,0,1
"('Aurelion Sol', 'Camille', 'Thresh', 'Viego', 'Zeri')",0,1,1
"('Corki', 'Hwei', 'Nautilus', 'Skarner', 'Viego')",1,0,1
"('Irelia', 'Kalista', 'Rell', 'Sylas', 'Viego')",1,0,1
"('Diana', 'Kalista', 'Rumble', 'Soraka', 'Yasuo')",0,1,1
"('Rakan', 'Taliyah', 'Twisted Fate', 'Udyr', 'Xayah')",0,1,1
"('Anivia', 'Gangplank', 'Kalista', 'Pyke', 'Viego')",1,0,1
"('Ashe', 'Gragas', 'Quinn', 'Seraphine', 'Yasuo')",1,0,1
"('Gwen', ""Kai'Sa"", 'Nautilus', 'Nidalee', 'Singed')",0,1,1
"('Ashe', 'Elise', 'Olaf', 'Pantheon', 'Rumble')",1,0,1
"('Braum', 'Camille', 'Nidalee', 'Poppy', 'Varus')",0,1,1
"('Elise', ""K'Sante"", 'Kalista', 'Leona', 'Tristana')",0,1,1
"(""Kai'Sa"", 'Katarina', 'Rell', 'Rumble', 'Skarner')",0,1,1
"('Ashe', 'Hecarim', 'Nasus', 'Qiyana', 'Seraphine')",0,1,1
"('Corki', 'Rell', 'Riven', 'Viego', 'Vladimir')",0,1,1
"('Camille', 'Graves', 'LeBlanc', 'Maokai', 'Varus')",0,1,1
"('Alistar', 'Aurelion Sol', 'Tristana', 'Udyr', 'Zeri')",0,1,1
"('Fiddlesticks', 'Heimerdinger', 'Katarina', 'Zeri', 'Zoe')",1,0,1
"('Alistar', 'Corki', ""Kai'Sa"", 'Skarner', 'Taliyah')",0,1,1
"('Ashe', 'Blitzcrank', 'Fiora', 'Vex', 'Viego')",1,0,1
"('Cassiopeia', 'Corki', 'Nidalee', 'Rakan', 'Warwick')",1,0,1
"('Akshan', 'Ashe', ""K'Sante"", ""Kha'Zix"", 'Maokai')",0,1,1
"('Kled', 'Nidalee', 'Rakan', 'Sylas', 'Zeri')",0,1,1
"('Corki', 'Jayce', ""Kai'Sa"", 'Karthus', 'Nautilus')",0,1,1
"('Ashe', 'Rumble', 'Shaco', 'Twisted Fate', 'Zoe')",0,1,1
"('Irelia', 'Kennen', 'Nautilus', ""Rek'Sai"", 'Xayah')",0,1,1
"('Ashe', 'Hwei', 'Nidalee', 'Seraphine', 'Skarner')",0,1,1
"('Alistar', 'Hecarim', ""Kai'Sa"", 'Kennen', 'LeBlanc')",0,1,1
"('Ashe', ""Kai'Sa"", 'Master Yi', 'Ornn', 'Syndra')",0,1,1
"('Corki', 'LeBlanc', 'Rakan', 'Shaco', 'Tryndamere')",0,1,1
"('Corki', ""Kai'Sa"", 'Nidalee', 'Riven', 'Zed')",1,0,1
"('Camille', 'Taliyah', 'Tristana', 'Udyr', 'Varus')",0,1,1
"('Ashe', 'Kayn', 'Rumble', 'Shaco', 'Yone')",0,1,1
"('Jinx', 'Nautilus', 'Taliyah', 'Tristana', 'Udyr')",0,1,1
"('Ahri', 'Lulu', 'Nidalee', 'Vayne', 'Xayah')",1,0,1
"('Ahri', 'Lux', 'Skarner', 'Varus', 'Viego')",0,1,1
"('Akshan', 'Bard', 'Rumble', 'Sett', 'Varus')",0,1,1
"('Akshan', 'Gragas', 'Kalista', 'Thresh', 'Viego')",0,1,1
"('Ashe', 'Dr. Mundo', 'LeBlanc', 'Leona', 'Lillia')",1,0,1
"('Blitzcrank', 'Irelia', ""Kai'Sa"", 'Karthus', 'Qiyana')",0,1,1
"('Cassiopeia', 'Darius', 'Galio', 'Viego', 'Xin Zhao')",1,0,1
"('Gragas', 'Nidalee', 'Qiyana', 'Yuumi', 'Zeri')",1,0,1
"('Cassiopeia', 'Gnar', 'Poppy', 'Thresh', 'Zoe')",0,1,1
"('Aurelion Sol', 'Corki', 'Kindred', 'Tahm Kench', 'Warwick')",1,0,1
"('Ashe', 'Karthus', 'Nautilus', 'Singed', 'Tristana')",1,0,1
"('Ashe', 'Garen', 'Nidalee', 'Seraphine', 'Zed')",1,0,1
"('Akali', 'Blitzcrank', ""Kai'Sa"", 'Poppy', 'Shaco')",1,0,1
"('Camille', 'Gragas', 'Sejuani', 'Varus', 'Yasuo')",1,0,1
"('Aurelion Sol', 'Ezreal', 'Master Yi', 'Skarner', 'Thresh')",1,0,1
"('Ashe', 'Jax', 'Lee Sin', 'Rumble', 'Taliyah')",0,1,1
"('Gangplank', 'Jinx', 'Master Yi', 'Nunu & Willump', 'Sona')",1,0,1
"('Camille', 'Hwei', 'Kalista', 'Shaco', 'Thresh')",1,0,1
"('Irelia', 'Karthus', 'Kennen', 'Senna', 'Zeri')",1,0,1
"('Caitlyn', 'Master Yi', 'Nidalee', 'Pantheon', 'Thresh')",0,1,1
"('Graves', 'Hwei', 'Jax', 'Kalista', 'Maokai')",0,1,1
"('Irelia', 'Lee Sin', 'Lux', 'Nautilus', 'Varus')",1,0,1
"(""Kai'Sa"", 'Nautilus', 'Rengar', 'Rumble', 'Yone')",1,0,1
"('Aatrox', 'Akali', 'Draven', 'Galio', 'Nocturne')",1,0,1
"('Braum', 'Diana', ""Kai'Sa"", ""Rek'Sai"", 'Rumble')",1,0,1
"('Aatrox', 'Jhin', 'Karthus', 'Master Yi', 'Thresh')",0,1,1
"(""Kai'Sa"", 'Nautilus', ""Rek'Sai"", 'Twisted Fate', 'Udyr')",1,0,1
"(""Kai'Sa"", 'LeBlanc', 'Nautilus', ""Rek'Sai"", 'Rumble')",0,1,1
"('Akali', 'Corki', 'Master Yi', 'Rell', 'Skarner')",1,0,1
"('Ezreal', 'Hwei', 'Master Yi', 'Olaf', 'Seraphine')",1,0,1
"('Gwen', 'Nautilus', 'Samira', 'Shaco', 'Tristana')",0,1,1
"('Corki', 'Nautilus', 'Rumble', 'Tristana', 'Zac')",1,0,1
"('Aurelion Sol', 'Graves', ""Kai'Sa"", 'Milio', 'Ornn')",1,0,1
"('Aurelion Sol', 'Seraphine', 'Tryndamere', 'Varus', 'Xin Zhao')",1,0,1
"('Akali', 'Janna', 'Jax', 'Jhin', 'Warwick')",1,0,1
"('Graves', 'LeBlanc', 'Maokai', 'Skarner', 'Smolder')",0,1,1
"('Alistar', 'Caitlyn', 'Kennen', 'Viego', 'Zed')",1,0,1
"('Janna', 'Jhin', 'Karthus', 'Katarina', 'Kled')",1,0,1
"('Camille', 'Graves', 'Malphite', 'Sivir', 'Vex')",1,0,1
"('Ezreal', 'Hwei', 'Master Yi', 'Seraphine', 'Warwick')",1,0,1
"('Draven', 'Gangplank', 'Thresh', 'Vex', 'Viego')",0,1,1
"('Irelia', 'Jhin', 'Leona', 'Rumble', 'Viego')",0,1,1
"('Gangplank', 'Gragas', 'Master Yi', 'Taliyah', 'Varus')",0,1,1
"('Camille', 'Lux', 'Nautilus', 'Varus', 'Xin Zhao')",0,1,1
"('Janna', 'Jax', 'Jhin', 'Taliyah', 'Xin Zhao')",1,0,1
"('Bard', 'Master Yi', 'Nidalee', 'Skarner', 'Zeri')",1,0,1
"('Blitzcrank', 'Camille', ""Kai'Sa"", 'LeBlanc', 'Lillia')",1,0,1
"('Nasus', 'Nidalee', 'Pantheon', 'Senna', 'Smolder')",1,0,1
"('Alistar', 'Diana', 'Jinx', 'Kindred', 'Twisted Fate')",0,1,1
"('Gragas', 'Pantheon', 'Seraphine', 'Smolder', 'Sylas')",1,0,1
"('Blitzcrank', 'Elise', 'Lucian', 'Qiyana', 'Volibear')",1,0,1
"('Gragas', 'Illaoi', 'Jinx', 'Pantheon', 'Seraphine')",1,0,1
"('Galio', 'LeBlanc', 'Pantheon', 'Tahm Kench', 'Zeri')",0,1,1
"('Brand', 'Gwen', ""Kai'Sa"", 'Leona', 'Qiyana')",1,0,1
"('Galio', ""Kai'Sa"", 'Malphite', 'Taliyah', 'Yasuo')",1,0,1
"('Akali', 'Alistar', 'Ashe', 'Gwen', 'Viego')",1,0,1
"('Ashe', 'Hwei', 'Nautilus', 'Nidalee', 'Olaf')",1,0,1
"('Braum', 'Skarner', 'Varus', 'Viego', 'Zoe')",0,1,1
"('Annie', ""Bel'Veth"", ""Kai'Sa"", 'Pyke', 'Sejuani')",1,0,1
"('Ashe', 'Aurelion Sol', 'Braum', 'Skarner', 'Viego')",0,1,1
"('Aatrox', 'Akali', 'Ashe', 'Karma', 'Viego')",0,1,1
"('Karthus', 'Lucian', 'Nami', 'Skarner', 'Yone')",0,1,1
"('Aurelion Sol', ""Kai'Sa"", 'Lee Sin', 'Nautilus', 'Skarner')",0,1,1
"('Aatrox', 'Janna', 'Jhin', 'LeBlanc', ""Rek'Sai"")",1,0,1
"('Graves', 'Jinx', 'Nautilus', 'Skarner', 'Swain')",0,1,1
"('Gragas', 'Leona', 'Master Yi', 'Ornn', 'Xayah')",1,0,1
"('Brand', 'Lee Sin', 'Lucian', 'Milio', 'Ornn')",1,0,1
"('Aphelios', 'Hwei', 'Illaoi', 'Skarner', 'Thresh')",0,1,1
"('Akshan', 'Camille', 'Gragas', 'Lillia', 'Zeri')",0,1,1
"('Heimerdinger', 'Jayce', 'Nautilus', ""Rek'Sai"", 'Sylas')",1,0,1
"('Azir', 'Hecarim', ""Kai'Sa"", 'Nautilus', 'Rumble')",0,1,1
"('Aatrox', ""Bel'Veth"", 'LeBlanc', 'Senna', 'Seraphine')",1,0,1
"('Jinx', 'Lee Sin', 'Nautilus', 'Singed', 'Viktor')",1,0,1
"('Irelia', 'Lucian', 'Milio', 'Ryze', 'Taliyah')",0,1,1
"('Aatrox', 'Corki', 'Nautilus', 'Nidalee', 'Zeri')",0,1,1
"('Ashe', 'Graves', 'Jax', 'Neeko', 'Rakan')",1,0,1
"('Blitzcrank', 'Jayce', 'Jhin', 'Master Yi', 'Zoe')",0,1,1
"('Brand', 'Lucian', 'Nami', 'Sett', 'Skarner')",1,0,1
"('Malphite', 'Smolder', 'Thresh', 'Tristana', 'Xin Zhao')",1,0,1
"('Nautilus', 'Poppy', 'Samira', 'Warwick', 'Zac')",1,0,1
"('Gragas', 'Irelia', 'Jinx', 'Lulu', ""Rek'Sai"")",0,1,1
"(""Kai'Sa"", 'Lee Sin', 'Poppy', 'Renekton', 'Syndra')",1,0,1
"('Camille', 'Galio', 'Kindred', ""Kog'Maw"", 'Rakan')",0,1,1
"('LeBlanc', 'Ornn', 'Rakan', 'Rengar', 'Zeri')",0,1,1
"('Aatrox', 'Galio', 'Jinx', 'Lillia', 'Thresh')",0,1,1
"('Jhin', 'Nasus', 'Nautilus', 'Nidalee', 'Yone')",0,1,1
"('Camille', 'Galio', 'Lee Sin', 'Twitch', 'Zoe')",0,1,1
"('Draven', 'Lillia', 'Mordekaiser', 'Qiyana', 'Rakan')",0,1,1
"('Akali', 'Jayce', ""Kai'Sa"", 'Lee Sin', 'Nautilus')",0,1,1
"('Akali', 'Master Yi', 'Nasus', 'Pyke', 'Sivir')",0,1,1
"(""K'Sante"", 'Lucian', 'Milio', 'Nidalee', 'Tristana')",0,1,1
"('Ahri', ""Kai'Sa"", 'Maokai', 'Vayne', 'Viego')",0,1,1
"('Graves', 'Jax', ""Kog'Maw"", 'Milio', 'Tristana')",0,1,1
"('Heimerdinger', 'Jhin', 'LeBlanc', 'Master Yi', 'Twisted Fate')",1,0,1
"('Gnar', 'Hwei', ""Kha'Zix"", 'Nautilus', 'Zeri')",0,1,1
"('Galio', 'Jarvan IV', ""Kai'Sa"", 'Nautilus', 'Olaf')",0,1,1
"('Ahri', 'Akshan', 'Nautilus', ""Rek'Sai"", 'Zeri')",0,1,1
"(""Kai'Sa"", 'Katarina', 'Pyke', 'Renekton', 'Sejuani')",1,0,1
"('Gwen', 'Master Yi', 'Taliyah', 'Thresh', 'Zeri')",0,1,1
"('Lee Sin', 'Ornn', 'Seraphine', 'Varus', 'Zac')",0,1,1
"('Aatrox', 'Graves', 'Hwei', 'Jinx', 'Leona')",1,0,1
"(""Kai'Sa"", 'LeBlanc', 'Master Yi', 'Pyke', 'Singed')",1,0,1
"('Ahri', 'Braum', 'Jinx', 'Quinn', 'Viego')",1,0,1
"('Caitlyn', 'Camille', 'Ivern', 'Karma', 'Vex')",1,0,1
"('Aurelion Sol', 'Nautilus', ""Rek'Sai"", 'Skarner', 'Veigar')",1,0,1
"('Hwei', ""K'Sante"", ""Kai'Sa"", 'Nidalee', 'Thresh')",0,1,1
"('Graves', 'Jhin', 'Katarina', 'Maokai', 'Rumble')",0,1,1
"(""Kai'Sa"", 'Katarina', 'Nautilus', 'Renekton', 'Taliyah')",1,0,1
"('Jhin', 'Karma', 'Lillia', 'Poppy', 'Tristana')",0,1,1
"(""Bel'Veth"", 'Blitzcrank', 'Hwei', ""Kai'Sa"", 'Tryndamere')",1,0,1
"('Anivia', 'Blitzcrank', 'Graves', ""Kai'Sa"", 'Urgot')",0,1,1
"('Hwei', 'Leona', 'Miss Fortune', ""Rek'Sai"", 'Skarner')",0,1,1
"('Master Yi', 'Rumble', 'Thresh', 'Twisted Fate', 'Varus')",0,1,1
"('Janna', 'Jhin', 'Rumble', 'Twisted Fate', 'Viego')",1,0,1
"('Corki', 'Gragas', ""Kai'Sa"", 'Karthus', 'Thresh')",1,0,1
"('Ashe', 'Katarina', 'Kindred', 'Poppy', 'Seraphine')",0,1,1
"('Irelia', 'Lucian', 'Milio', 'Rumble', 'Skarner')",0,1,1
"('Jhin', 'Renekton', 'Thresh', 'Vex', 'Warwick')",1,0,1
"(""Kai'Sa"", 'Nautilus', 'Nidalee', 'Vayne', 'Ziggs')",0,1,1
"('Brand', ""K'Sante"", ""Kog'Maw"", 'Rumble', 'Tristana')",1,0,1
"('Camille', ""Kai'Sa"", 'Lillia', 'Renekton', 'Skarner')",1,0,1
"('Elise', ""Kai'Sa"", 'Skarner', 'Thresh', 'Viego')",1,0,1
"('Braum', 'Jinx', 'Kindred', 'Malphite', 'Twisted Fate')",1,0,1
"('Camille', 'Lee Sin', 'Maokai', 'Sivir', 'Zoe')",0,1,1
"('Ahri', ""Kai'Sa"", 'Kayle', 'Nautilus', ""Rek'Sai"")",1,0,1
"('Aphelios', 'Galio', 'Kindred', 'Kled', 'Milio')",0,1,1
"('Elise', 'Jhin', 'Ornn', 'Qiyana', 'Senna')",1,0,1
"('Fiddlesticks', ""K'Sante"", 'Kindred', 'Lulu', 'Zeri')",0,1,1
"('Akali', 'Jax', ""Kai'Sa"", 'Rakan', ""Rek'Sai"")",0,1,1
"(""Bel'Veth"", 'Braum', 'Ezreal', 'Jax', 'Katarina')",1,0,1
"('Akshan', 'Ashe', 'Ornn', 'Twitch', 'Viego')",0,1,1
"('Aphelios', 'Pyke', 'Qiyana', 'Skarner', 'Taliyah')",1,0,1
"('Aurelion Sol', ""Bel'Veth"", 'Braum', 'Corki', 'Nasus')",1,0,1
"('Akali', 'Fiora', 'Nami', 'Smolder', 'Viego')",1,0,1
"('Aphelios', 'Ashe', 'Aurelion Sol', 'Nidalee', 'Skarner')",1,0,1
"('Illaoi', 'Karma', 'Lissandra', 'Sivir', 'Viego')",0,1,1
"('Corki', 'Illaoi', 'Kalista', 'Nautilus', 'Taliyah')",0,1,1
"('Azir', 'Irelia', 'Jinx', 'Nautilus', 'Talon')",0,1,1
"('Fiddlesticks', 'Jinx', ""K'Sante"", 'Pantheon', 'Taliyah')",1,0,1
"('Bard', 'Illaoi', 'Jhin', 'Kindred', 'Taliyah')",1,0,1
"('Illaoi', 'Lillia', 'Rakan', 'Sylas', 'Varus')",1,0,1
"('Fiddlesticks', 'Gnar', 'Jhin', 'Lee Sin', 'Syndra')",0,1,1
"('Ashe', 'Gragas', 'Graves', 'Rakan', 'Singed')",0,1,1
"('Darius', 'Illaoi', ""Kai'Sa"", 'Pyke', 'Shyvana')",0,1,1
"('Ashe', 'Illaoi', 'Leona', 'Swain', 'Viego')",1,0,1
"('Gnar', 'Jhin', 'Nidalee', 'Qiyana', 'Zyra')",0,1,1
"('Ashe', 'Illaoi', 'Lee Sin', 'Lux', 'Rell')",1,0,1
"('Ashe', 'Braum', 'Illaoi', 'Katarina', 'Taliyah')",0,1,1
"('Cassiopeia', ""K'Sante"", 'Lee Sin', 'Leona', 'Taliyah')",1,0,1
"('Blitzcrank', 'Illaoi', 'Nidalee', 'Varus', 'Yone')",0,1,1
"(""Kai'Sa"", ""Kha'Zix"", 'Nautilus', 'Qiyana', 'Rumble')",0,1,1
"('Hecarim', 'Hwei', 'Illaoi', 'Jhin', 'Rumble')",1,0,1
"('Corki', 'Fiddlesticks', 'Renekton', 'Rumble', 'Viego')",1,0,1
"('Corki', 'Fiddlesticks', 'Illaoi', ""Kai'Sa"", 'Poppy')",1,0,1
"('Akali', 'Braum', 'Corki', 'Nilah', 'Viego')",0,1,1
"('Akali', 'Fiddlesticks', 'Jinx', 'Lee Sin', 'Quinn')",1,0,1
"('Aatrox', 'Ezreal', 'Karthus', 'Nautilus', 'Twisted Fate')",1,0,1
"('Illaoi', 'Karma', 'Lissandra', 'Nidalee', 'Sivir')",0,1,1
"('Ashe', 'Aurelion Sol', 'Fiddlesticks', 'Gragas', ""Rek'Sai"")",1,0,1
"('Azir', 'Illaoi', ""Kai'Sa"", 'Lee Sin', 'Rell')",1,0,1
"('Ashe', 'Camille', 'Corki', 'Hwei', 'Kindred')",0,1,1
"(""Kai'Sa"", 'Katarina', 'Olaf', ""Rek'Sai"", 'Rell')",1,0,1
"('Ezreal', 'Illaoi', 'Lissandra', 'Taliyah', 'Tristana')",1,0,1
"('Corki', 'Irelia', 'Pyke', 'Rumble', 'Zed')",0,1,1
"('Corki', 'Fiddlesticks', 'Fiora', 'Nidalee', 'Sivir')",1,0,1
"('Blitzcrank', 'Jayce', 'Lee Sin', 'Orianna', 'Varus')",1,0,1
"('Ashe', 'Fiora', 'Karthus', 'Syndra', 'Varus')",0,1,1
"('Jinx', 'Nautilus', 'Rumble', 'Shaco', 'Tryndamere')",0,1,1
"('Renekton', 'Skarner', 'Taliyah', 'Tristana', 'Varus')",1,0,1
"('Aurelion Sol', 'Kennen', 'Lee Sin', 'Senna', 'Sivir')",0,1,1
"('Draven', 'Fiddlesticks', 'Maokai', 'Sylas', 'Udyr')",0,1,1
"('Corki', 'Nasus', 'Olaf', 'Senna', 'Twisted Fate')",1,0,1
"('Kalista', 'Nidalee', 'Rell', 'Tristana', 'Warwick')",1,0,1
"('Ahri', 'Jhin', 'Kindred', 'Pantheon', 'Rakan')",1,0,1
"('Aphelios', 'Olaf', 'Orianna', 'Skarner', 'Sona')",0,1,1
"('Ahri', 'Fiddlesticks', 'Jayce', 'Lee Sin', 'Zeri')",1,0,1
"('Jinx', 'Nautilus', 'Nidalee', 'Shen', 'Yone')",1,0,1
"('Jinx', 'Pyke', ""Rek'Sai"", 'Rumble', 'Tristana')",1,0,1
"('Cassiopeia', 'Fiddlesticks', 'Jhin', 'Kayn', 'Sylas')",1,0,1
"('Ashe', 'Lulu', 'Rumble', 'Tristana', 'Viego')",1,0,1
"('Akali', ""Kai'Sa"", 'Nidalee', 'Thresh', 'Yone')",1,0,1
"('Ashe', 'Camille', 'Kayn', 'Rumble', 'Yone')",1,0,1
"('Ahri', 'Jinx', ""K'Sante"", 'Sona', 'Viego')",0,1,1
"('Aatrox', ""Kai'Sa"", 'Nidalee', 'Sona', 'Viktor')",0,1,1
"('Corki', 'Ivern', ""Kai'Sa"", 'Nautilus', ""Rek'Sai"")",0,1,1
"('Braum', 'Katarina', 'Lee Sin', 'Sylas', 'Zeri')",0,1,1
"('Fiddlesticks', 'Jhin', 'Master Yi', 'Pantheon', 'Taliyah')",1,0,1
"('Brand', 'Jinx', 'Nautilus', 'Skarner', 'Tristana')",1,0,1
"('Draven', 'Gragas', 'Neeko', 'Thresh', 'Viego')",1,0,1
"('Akali', 'Camille', 'Jinx', 'Olaf', 'Pyke')",1,0,1
"('Leona', ""Rek'Sai"", 'Rumble', 'Samira', 'Tristana')",1,0,1
"('Aatrox', 'Azir', 'Samira', 'Sett', 'Viego')",0,1,1
"('Elise', 'Katarina', 'Kled', 'Rakan', 'Twitch')",1,0,1
"('Lucian', 'Nami', 'Ornn', 'Taliyah', 'Twisted Fate')",1,0,1
"('Akali', 'Illaoi', 'Lucian', 'Milio', 'Viego')",1,0,1
"('Hecarim', 'Illaoi', 'Jinx', 'Orianna', 'Pyke')",0,1,1
"('Aphelios', 'Fiora', 'Leona', 'Taliyah', 'Viego')",1,0,1
"('Galio', 'Illaoi', 'Jhin', 'Nidalee', 'Tristana')",1,0,1
"('Blitzcrank', 'Caitlyn', 'Nidalee', 'Orianna', 'Quinn')",0,1,1
"('Evelynn', 'Fiddlesticks', 'Lucian', 'Malphite', 'Tryndamere')",1,0,1
"('Corki', 'Gwen', 'Karthus', 'Renekton', 'Sona')",1,0,1
"('Akali', 'Renekton', 'Sona', 'Xin Zhao', 'Zeri')",0,1,1
"('Aphelios', 'Fiora', 'Qiyana', 'Renata Glasc', 'Taliyah')",0,1,1
"('Caitlyn', 'Camille', 'Sona', 'Syndra', 'Viego')",1,0,1
"('Ashe', ""Bel'Veth"", 'Seraphine', 'Skarner', 'Twisted Fate')",0,1,1
"('Jinx', 'Nautilus', 'Rumble', 'Tristana', 'Viego')",0,1,1
"('Ashe', 'Aurelion Sol', ""Cho'Gath"", 'Fiddlesticks', 'Lee Sin')",1,0,1
"('Illaoi', 'Nautilus', 'Senna', 'Taliyah', 'Zed')",1,0,1
"('Ashe', 'Braum', 'Skarner', 'Twisted Fate', 'Viego')",1,0,1
"('Fiddlesticks', 'Graves', 'Jinx', 'Renekton', 'Taliyah')",0,1,1
"('Blitzcrank', 'Corki', 'Hwei', ""Rek'Sai"", 'Vladimir')",1,0,1
"('Fiddlesticks', 'Irelia', 'Lillia', 'Udyr', 'Zeri')",1,0,1
"('Camille', 'Fiddlesticks', 'Jhin', 'Lillia', 'Tryndamere')",0,1,1
"('Corki', 'Fiddlesticks', 'Rumble', 'Varus', 'Viego')",1,0,1
"('Gragas', ""Kai'Sa"", 'Sona', 'Twisted Fate', 'Viego')",0,1,1
"('Ahri', 'Fiddlesticks', 'Heimerdinger', 'Varus', 'Viego')",1,0,1
"('Akshan', ""Kai'Sa"", 'Pantheon', 'Rumble', 'Viego')",1,0,1
"('Illaoi', ""Kai'Sa"", 'Karthus', 'Pantheon', 'Seraphine')",1,0,1
"('Ashe', 'Dr. Mundo', 'Fiddlesticks', 'Taliyah', 'Viego')",0,1,1
"('Caitlyn', 'Diana', 'Kled', 'Sona', 'Xin Zhao')",1,0,1
"('Kalista', 'Karthus', 'Renata Glasc', 'Skarner', 'Viego')",0,1,1
"('Fiddlesticks', 'Hwei', ""Kai'Sa"", 'Malphite', ""Rek'Sai"")",1,0,1
"('Ashe', 'Graves', 'Rumble', 'Sona', 'Tristana')",0,1,1
"('Ashe', 'Aurelion Sol', 'Gnar', 'Lee Sin', 'Rell')",1,0,1
"('Aatrox', 'Katarina', 'Seraphine', 'Varus', 'Xin Zhao')",1,0,1
"('Corki', 'Illaoi', 'Taliyah', 'Thresh', 'Zed')",1,0,1
"('Ashe', 'Cassiopeia', 'Morgana', ""Rek'Sai"", 'Talon')",0,1,1
"('Illaoi', 'Rengar', 'Thresh', 'Varus', 'Vex')",0,1,1
"('Azir', ""Kai'Sa"", 'Kennen', 'Nautilus', 'Viego')",0,1,1
"('Ashe', 'Braum', 'Hwei', 'Master Yi', 'Tryndamere')",0,1,1
"('Akali', 'Camille', 'Graves', 'Pyke', 'Tristana')",1,0,1
"('Ahri', 'Akshan', 'Blitzcrank', 'Nidalee', 'Zeri')",0,1,1
"('Ahri', 'Graves', 'Lucian', 'Rumble', 'Sona')",0,1,1
"('Alistar', 'Lee Sin', 'Lucian', 'Pantheon', 'Xerath')",1,0,1
"('Ahri', 'Miss Fortune', 'Pantheon', 'Seraphine', 'Vi')",1,0,1
"('Alistar', 'Corki', 'Lillia', 'Tristana', 'Zyra')",0,1,1
"('Camille', 'Diana', ""Kai'Sa"", 'Leona', ""Rek'Sai"")",0,1,1
"('Camille', 'Fizz', ""Kai'Sa"", 'Lee Sin', 'Sona')",0,1,1
"('Hwei', 'Jhin', 'Kled', 'Viktor', 'Xin Zhao')",0,1,1
"('Elise', 'Ezreal', 'Illaoi', 'Karma', 'Viego')",0,1,1
"('Camille', 'Elise', 'Jinx', 'Nautilus', 'Zoe')",0,1,1
"('Ekko', 'Nautilus', ""Rek'Sai"", 'Tryndamere', 'Zeri')",1,0,1
"('Aurelion Sol', 'Lucian', 'Sona', 'Vayne', 'Viego')",1,0,1
"('Ashe', 'Braum', 'Diana', 'Illaoi', 'Vi')",1,0,1
"('Aurelion Sol', 'Fiddlesticks', ""K'Sante"", ""Kai'Sa"", ""Rek'Sai"")",0,1,1
"('Galio', 'Graves', 'Lucian', 'Sett', 'Zyra')",0,1,1
"('Aatrox', 'Corki', 'Jarvan IV', 'Thresh', 'Tristana')",0,1,1
"('Gwen', 'Karthus', 'Olaf', 'Seraphine', 'Sivir')",1,0,1
"('Annie', 'Illaoi', ""Kai'Sa"", 'Nautilus', 'Nidalee')",0,1,1
"('Ashe', ""Bel'Veth"", ""K'Sante"", 'Seraphine', 'Zilean')",1,0,1
"('Ashe', 'Fiddlesticks', 'Maokai', 'Taliyah', 'Yone')",0,1,1
"('Aurelion Sol', 'Fiddlesticks', 'Lucian', 'Sylas', 'Viego')",1,0,1
"(""Kai'Sa"", 'Nidalee', 'Rumble', 'Swain', 'Tristana')",1,0,1
"('Corki', 'Karthus', 'LeBlanc', 'Nautilus', 'Rumble')",0,1,1
"(""Kai'Sa"", ""Kha'Zix"", 'Lissandra', 'Tristana', 'Zac')",1,0,1
"('Darius', 'Jhin', 'Rakan', 'Taliyah', 'Yone')",1,0,1
"('Alistar', 'Fiora', 'Galio', 'Lee Sin', 'Varus')",0,1,1
"('Dr. Mundo', 'Karthus', 'Senna', 'Viego', 'Warwick')",0,1,1
"(""Bel'Veth"", 'Hwei', 'Milio', 'Vladimir', 'Zeri')",0,1,1
"('Illaoi', 'Kalista', 'Lee Sin', 'Nautilus', 'Orianna')",0,1,1
"('Corki', 'Jayce', 'Neeko', 'Vi', 'Yone')",1,0,1
"('Ashe', 'Caitlyn', 'Hwei', 'Jax', 'Viego')",0,1,1
"('Braum', 'Heimerdinger', 'Jinx', 'Orianna', 'Sejuani')",1,0,1
"('Corki', 'Nidalee', 'Rell', 'Twisted Fate', 'Vex')",1,0,1
"('Alistar', 'Gwen', 'LeBlanc', ""Rek'Sai"", 'Samira')",1,0,1
"('Camille', 'Jinx', 'Nidalee', 'Warwick', 'Yone')",0,1,1
"('Akali', 'Galio', 'Jinx', 'Rumble', 'Viego')",1,0,1
"('Corki', 'Kindred', 'Nautilus', 'Taliyah', 'Warwick')",0,1,1
"('Blitzcrank', 'Camille', 'Hwei', 'Jinx', 'Skarner')",1,0,1
"('Camille', ""K'Sante"", 'Kindred', 'LeBlanc', 'Varus')",0,1,1
"('Ashe', 'Camille', 'Galio', 'Leona', 'Nidalee')",1,0,1
"('Camille', 'Hwei', 'Pyke', 'Viego', 'Zeri')",0,1,1
"('Hwei', 'Poppy', 'Taliyah', 'Twisted Fate', 'Varus')",1,0,1
"('Corki', 'Darius', 'Nidalee', 'Rakan', 'Varus')",1,0,1
"(""Kai'Sa"", 'LeBlanc', 'Mordekaiser', 'Neeko', 'Viego')",1,0,1
"('Ezreal', 'Fiora', 'Lillia', 'Vex', 'Yone')",0,1,1
"('Gwen', ""Kog'Maw"", 'Lulu', 'Skarner', 'Yone')",0,1,1
"('Maokai', 'Miss Fortune', 'Nidalee', 'Skarner', 'Tristana')",1,0,1
"('Hecarim', 'Pantheon', 'Senna', 'Taliyah', 'Tristana')",1,0,1
"('Aurelion Sol', 'Draven', 'Jayce', 'Viego', 'Zyra')",0,1,1
"('Braum', 'Diana', 'Draven', 'Rumble', 'Yasuo')",0,1,1
"('Lee Sin', 'Leona', 'Malphite', 'Varus', 'Zoe')",1,0,1
"('Ashe', 'Aurelion Sol', 'Braum', 'Rumble', 'Viego')",0,1,1
"('Ashe', 'Pantheon', 'Rell', 'Sylas', 'Viego')",0,1,1
"('Galio', 'Jax', 'Jinx', 'Lee Sin', 'Leona')",0,1,1
"('Aurelion Sol', 'Bard', 'Ezreal', 'Volibear', 'Xin Zhao')",1,0,1
"('Ahri', 'Bard', 'Caitlyn', 'Darius', 'Jax')",0,1,1
"('Ahri', 'Lee Sin', 'Nautilus', 'Samira', 'Xin Zhao')",1,0,1
"('Katarina', 'Poppy', 'Samira', 'Skarner', 'Thresh')",0,1,1
"('Jhin', 'Nautilus', 'Rumble', 'Sylas', 'Viego')",1,0,1
"('Akali', 'Gnar', 'Graves', 'Varus', 'Zac')",0,1,1
"('Ahri', 'Jinx', 'Kindred', 'Milio', 'Renekton')",0,1,1
"(""Kai'Sa"", ""Kha'Zix"", 'Ryze', 'Talon', 'Thresh')",0,1,1
"('Aphelios', 'Corki', 'Leona', 'Taliyah', 'Viego')",1,0,1
"('Braum', 'Gangplank', 'Nidalee', 'Tristana', 'Varus')",1,0,1
"('Akali', 'Azir', 'Blitzcrank', ""Kai'Sa"", 'Xin Zhao')",0,1,1
"('Lucian', 'Seraphine', 'Vladimir', 'Xin Zhao', 'Yasuo')",0,1,1
"(""Kai'Sa"", 'Kennen', 'Lee Sin', 'Leona', 'Taliyah')",0,1,1
"('Lee Sin', 'Warwick', 'Xerath', 'Yuumi', 'Zeri')",0,1,1
"('Ashe', 'Cassiopeia', 'Jarvan IV', 'Skarner', 'Yasuo')",0,1,1
"('Ahri', 'Gragas', ""Kai'Sa"", 'Lee Sin', 'Thresh')",1,0,1
"('Aatrox', 'Corki', 'Nautilus', 'Nidalee', 'Vayne')",1,0,1
"('Ahri', 'Blitzcrank', 'Graves', 'Kalista', 'Poppy')",0,1,1
"('Nidalee', 'Samira', 'Taric', 'Viego', 'Zilean')",0,1,1
"('Ashe', 'Jax', 'Senna', 'Twisted Fate', 'Viego')",1,0,1
"('Kalista', 'Nautilus', 'Taliyah', 'Tristana', 'Volibear')",1,0,1
"('Camille', 'Gwen', ""Rek'Sai"", 'Veigar', 'Yasuo')",1,0,1
"('Blitzcrank', 'Jinx', 'Kindred', 'LeBlanc', 'Sett')",1,0,1
"(""Bel'Veth"", 'Gragas', ""Kai'Sa"", 'Katarina', 'Rumble')",1,0,1
"('Galio', 'Gwen', 'Rell', 'Samira', 'Viego')",1,0,1
"(""Kai'Sa"", 'Rakan', 'Skarner', 'Taliyah', 'Yone')",1,0,1
"('Cassiopeia', 'Shaco', 'Sivir', 'Sylas', 'Yuumi')",1,0,1
"('Corki', ""Kai'Sa"", 'Kennen', 'Lillia', 'Nautilus')",1,0,1
"('Camille', 'Draven', 'Lillia', 'Nautilus', 'Yone')",1,0,1
"('Jinx', 'Kassadin', ""Kha'Zix"", 'Lulu', 'Quinn')",0,1,1
"(""Kai'Sa"", 'LeBlanc', 'Leona', 'Viego', 'Volibear')",0,1,1
"('Ashe', 'Ekko', ""K'Sante"", 'Seraphine', 'Yone')",0,1,1
"('Irelia', ""Kai'Sa"", 'Nautilus', 'Quinn', 'Taliyah')",0,1,1
"('Fiddlesticks', 'Galio', 'Graves', 'Nilah', 'Volibear')",1,0,1
"(""Kai'Sa"", ""Rek'Sai"", 'Rell', 'Skarner', 'Taliyah')",0,1,1
"('Jinx', ""K'Sante"", 'Neeko', 'Rell', 'Xin Zhao')",0,1,1
"('Jax', 'Jinx', 'Nocturne', 'Taliyah', 'Thresh')",0,1,1
"('Lucian', 'Nami', 'Rumble', 'Taliyah', 'Yone')",1,0,1
"('Akali', 'Ashe', 'Nidalee', 'Ornn', 'Rumble')",0,1,1
"('Ahri', 'Alistar', 'Kennen', ""Rek'Sai"", 'Sivir')",1,0,1
"('Cassiopeia', 'Senna', 'Talon', 'Vi', 'Yone')",1,0,1
"('Aurelion Sol', 'Ezreal', 'Graves', 'Rell', 'Shen')",0,1,1
"('Bard', 'Ezreal', 'Jayce', 'Rumble', 'Taliyah')",1,0,1
"('Camille', 'Jinx', 'Leona', ""Rek'Sai"", 'Sylas')",0,1,1
"('Akali', 'Aphelios', 'Fiddlesticks', 'Jax', 'Rumble')",0,1,1
"('Corki', 'Fiddlesticks', 'Hwei', ""K'Sante"", 'Xin Zhao')",0,1,1
"('Akali', 'Camille', 'Jax', ""Kai'Sa"", 'Lee Sin')",0,1,1
"('Fiddlesticks', 'Jayce', 'Jinx', 'Katarina', 'Lee Sin')",1,0,1
"('Camille', 'Diana', 'Gnar', 'Samira', 'Tristana')",1,0,1
"('Bard', 'LeBlanc', ""Rek'Sai"", 'Skarner', 'Zeri')",1,0,1
"('Caitlyn', 'Heimerdinger', 'Katarina', 'Lee Sin', 'Skarner')",1,0,1
"('Aatrox', 'Aurelion Sol', 'Hecarim', 'Jhin', 'LeBlanc')",0,1,1
"('Jayce', ""Kai'Sa"", ""Kha'Zix"", 'Skarner', 'Syndra')",0,1,1
"('Heimerdinger', ""K'Sante"", ""Rek'Sai"", 'Senna', 'Singed')",0,1,1
"('Hecarim', 'Jax', ""Kai'Sa"", 'Sona', 'Taliyah')",1,0,1
"('Bard', 'Jhin', 'Karthus', 'Sion', 'Tristana')",1,0,1
"('Jinx', 'LeBlanc', ""Rek'Sai"", 'Rell', 'Skarner')",1,0,1
"('Ashe', 'Blitzcrank', 'Graves', 'Neeko', 'Tryndamere')",1,0,1
"('Fiddlesticks', 'Galio', 'Jinx', ""K'Sante"", 'Kindred')",0,1,1
"('Jinx', ""K'Sante"", 'Nidalee', 'Qiyana', 'Rakan')",1,0,1
"('Hwei', 'Nidalee', 'Tristana', 'Twisted Fate', 'Twitch')",1,0,1
"('Annie', 'Fiddlesticks', 'Jayce', 'Miss Fortune', 'Viego')",0,1,1
"('Camille', 'Kalista', 'Kindred', 'Rell', 'Singed')",0,1,1
"('Ashe', 'Gnar', 'Nasus', 'Nidalee', 'Rumble')",1,0,1
"(""Kai'Sa"", 'Lee Sin', 'Pyke', 'Twisted Fate', 'Yone')",0,1,1
"('Akali', 'Alistar', ""Kai'Sa"", 'Lee Sin', 'Shen')",0,1,1
"('Aphelios', 'Lulu', 'Renekton', 'Sylas', 'Viego')",0,1,1
"('Jax', 'Leona', 'Rumble', 'Tristana', 'Zeri')",1,0,1
"('Jhin', ""K'Sante"", 'Rumble', 'Taliyah', 'Viego')",1,0,1
"('Maokai', 'Nidalee', 'Skarner', 'Yasuo', 'Zeri')",1,0,1
"('Irelia', 'Master Yi', 'Rell', 'Sylas', 'Varus')",1,0,1
"('Ashe', 'Garen', 'Seraphine', 'Sylas', 'Viego')",1,0,1
"('Galio', 'Jayce', ""Kai'Sa"", 'Nidalee', 'Pantheon')",0,1,1
"('Irelia', 'Lulu', 'Shaco', 'Xerath', 'Zeri')",1,0,1
"('Cassiopeia', ""K'Sante"", 'Lissandra', 'Nautilus', 'Xin Zhao')",0,1,1
"('Ashe', 'Camille', 'Kennen', 'Nidalee', 'Yasuo')",0,1,1
"('Jax', ""Rek'Sai"", 'Smolder', 'Sylas', 'Thresh')",1,0,1
"('Cassiopeia', 'Kled', 'Nidalee', 'Ornn', 'Thresh')",1,0,1
"(""Bel'Veth"", 'Galio', 'Lulu', 'Rengar', 'Zeri')",1,0,1
"('Corki', 'Leona', 'Riven', 'Viego', 'Viktor')",1,0,1
"('Azir', 'Fiora', 'Nautilus', 'Xin Zhao', 'Zeri')",0,1,1
"('Corki', 'Gnar', ""Kai'Sa"", 'Rell', 'Rumble')",1,0,1
"('Jayce', 'Jhin', 'Lillia', 'Skarner', 'Zoe')",1,0,1
"('Camille', 'Ezreal', 'Fiddlesticks', 'Galio', 'Jarvan IV')",0,1,1
"('Ezreal', 'Fiddlesticks', 'Hwei', 'Malphite', 'Viego')",1,0,1
"('Aatrox', 'Draven', 'Graves', 'Katarina', 'Pyke')",0,1,1
"('Blitzcrank', 'Galio', ""Kai'Sa"", 'Nidalee', 'Skarner')",0,1,1
"('Graves', 'Katarina', 'Leona', 'Varus', 'Wukong')",1,0,1
"('Ashe', 'Nautilus', 'Pantheon', 'Rumble', 'Tristana')",1,0,1
"('Jinx', 'LeBlanc', 'Lee Sin', 'Senna', 'Udyr')",1,0,1
"('Corki', 'Fiddlesticks', 'Jinx', ""Rek'Sai"", 'Twisted Fate')",0,1,1
"('Brand', 'Camille', 'Jinx', 'Rumble', 'Yone')",0,1,1
"(""K'Sante"", ""Kai'Sa"", 'Karthus', 'Nautilus', 'Yone')",0,1,1
"('Ashe', 'Braum', 'Graves', 'Malphite', 'Zoe')",0,1,1
"('Kindred', 'Quinn', 'Rakan', 'Syndra', 'Zeri')",0,1,1
"('Ashe', 'Camille', 'Karthus', 'Master Yi', 'Seraphine')",1,0,1
"('Dr. Mundo', 'Kalista', 'Katarina', 'Nautilus', 'Skarner')",0,1,1
"(""Bel'Veth"", 'Diana', 'Gnar', 'Rell', 'Zeri')",0,1,1
"('Alistar', 'Aphelios', 'Lee Sin', 'Tristana', 'Vladimir')",0,1,1
"('Rakan', ""Rek'Sai"", 'Skarner', 'Tristana', 'Zoe')",1,0,1
"('Leona', 'Nidalee', 'Qiyana', 'Riven', 'Vayne')",0,1,1
"('Diana', ""Kha'Zix"", 'Nautilus', 'Samira', 'Urgot')",0,1,1
"('Karthus', 'Rell', 'Skarner', 'Vayne', 'Yone')",1,0,1
"('Akali', 'Kalista', 'Leona', 'Malphite', 'Viego')",1,0,1
"('Ahri', 'Kalista', 'Lee Sin', 'Nautilus', 'Rumble')",0,1,1
"(""Kai'Sa"", 'Rell', 'Renekton', 'Taliyah', 'Yone')",1,0,1
"('Ashe', 'Camille', 'Hwei', 'Leona', 'Viego')",1,0,1
"('Ahri', 'Darius', 'Draven', 'Rakan', ""Rek'Sai"")",1,0,1
"('Jinx', 'Kindred', 'LeBlanc', 'Lulu', 'Wukong')",0,1,1
"('Kennen', 'LeBlanc', ""Rek'Sai"", 'Rell', 'Zeri')",0,1,1
"('Cassiopeia', 'Jinx', 'Rell', 'Yasuo', 'Zyra')",1,0,1
"('Kennen', 'Nidalee', 'Rell', 'Renekton', 'Samira')",1,0,1
"('Corki', ""K'Sante"", 'Lillia', 'Rakan', 'Xayah')",0,1,1
"('Cassiopeia', ""Kai'Sa"", 'Lee Sin', 'Rell', 'Xerath')",0,1,1
"('Pyke', 'Skarner', 'Taliyah', 'Yone', 'Zeri')",1,0,1
"('Gragas', ""Kai'Sa"", 'Skarner', 'Tristana', 'Zac')",1,0,1
"('Fiddlesticks', 'Kalista', 'Ornn', 'Taric', 'Tristana')",0,1,1
"('Jinx', 'Lee Sin', 'Ornn', 'Sylas', 'Thresh')",0,1,1
"('Blitzcrank', 'Elise', 'Tristana', 'Varus', 'Yone')",0,1,1
"('Ashe', 'Graves', 'Jayce', 'Nautilus', 'Rumble')",0,1,1
"('Graves', 'Hwei', 'Ornn', 'Seraphine', 'Varus')",1,0,1
"('Galio', 'Gwen', 'Kindred', 'Lucian', 'Lulu')",0,1,1
"('Ashe', 'Nidalee', 'Ornn', 'Talon', 'Zeri')",1,0,1
"('Fiddlesticks', 'Fiora', ""Kai'Sa"", 'Nautilus', 'Yasuo')",1,0,1
"('Aatrox', 'Ahri', ""Kha'Zix"", 'Leona', 'Zeri')",0,1,1
"('Ashe', 'Gragas', 'Katarina', 'Lee Sin', 'Rumble')",0,1,1
"('Braum', 'Karthus', 'Kennen', 'Lucian', 'Viego')",1,0,1
"('Brand', 'Braum', 'Corki', 'Kennen', 'Lucian')",0,1,1
"('Akali', 'Milio', ""Rek'Sai"", 'Renekton', 'Zeri')",1,0,1
"(""Bel'Veth"", ""Kai'Sa"", 'Malzahar', 'Nautilus', 'Skarner')",0,1,1
"('Akali', 'Jinx', ""K'Sante"", ""Rek'Sai"", 'Seraphine')",1,0,1
"('Hwei', ""Kai'Sa"", 'Nasus', 'Nautilus', 'Viego')",1,0,1
"(""Kai'Sa"", 'LeBlanc', 'Lee Sin', 'Pyke', 'Tryndamere')",1,0,1
"('Aatrox', 'Ashe', 'Lee Sin', 'Seraphine', 'Taliyah')",0,1,1
"('Ashe', ""Rek'Sai"", 'Skarner', 'Soraka', 'Viktor')",0,1,1
"('Ekko', 'Leona', 'Qiyana', 'Urgot', 'Zeri')",1,0,1
"('Draven', 'Rell', 'Renekton', 'Rengar', 'Viktor')",0,1,1
"('Diana', 'Lee Sin', 'Seraphine', 'Skarner', 'Zeri')",1,0,1
"('Nidalee', 'Qiyana', 'Rakan', 'Samira', 'Skarner')",1,0,1
"('Corki', 'Dr. Mundo', 'Nautilus', 'Taliyah', 'Yasuo')",0,1,1
"('Ashe', 'Braum', 'Kayn', 'Kennen', 'Qiyana')",1,0,1
"('Corki', 'Lillia', 'Malphite', 'Seraphine', 'Varus')",1,0,1
"('Katarina', 'Quinn', 'Samira', 'Skarner', 'Taric')",1,0,1
"('Darius', 'Jax', ""Kai'Sa"", 'Seraphine', 'Yone')",0,1,1
"('Aatrox', ""Kai'Sa"", 'Lissandra', 'Rell', 'Viego')",0,1,1
"('Draven', 'Fiora', 'Lee Sin', 'Rell', 'Yasuo')",1,0,1
"('Irelia', 'Jax', 'Jinx', 'Rakan', 'Rumble')",1,0,1
"('Alistar', 'Kennen', 'Nidalee', 'Tristana', 'Yasuo')",1,0,1
"('Ashe', 'Brand', 'Irelia', 'Lulu', 'Skarner')",0,1,1
"('Corki', 'Elise', 'Hwei', 'Renekton', 'Seraphine')",1,0,1
"('Jinx', 'Lucian', 'Thresh', 'Viego', 'Viktor')",1,0,1
"(""Kai'Sa"", ""Kha'Zix"", 'Leona', 'Sion', 'Swain')",1,0,1
"('Aphelios', 'Cassiopeia', 'Irelia', ""Rek'Sai"", 'Rell')",1,0,1
"('Corki', 'Nidalee', 'Qiyana', 'Rell', 'Renekton')",1,0,1
"('Hwei', ""Kai'Sa"", 'Lee Sin', 'Leona', 'Ornn')",1,0,1
"('Corki', 'Jayce', 'Kalista', 'Taliyah', 'Taric')",0,1,1
"('Graves', 'Orianna', 'Rell', 'Riven', 'Varus')",0,1,1
"('Cassiopeia', 'Gwen', 'Nautilus', 'Poppy', 'Viego')",1,0,1
"('Aatrox', 'Hwei', 'Lee Sin', 'Pyke', 'Zeri')",0,1,1
"('Dr. Mundo', ""Kai'Sa"", 'Rakan', 'Shaco', 'Tristana')",0,1,1
"(""Bel'Veth"", 'Gnar', 'LeBlanc', 'Lucian', 'Pyke')",1,0,1
"('Kalista', 'Lillia', 'Ornn', 'Thresh', 'Tristana')",0,1,1
"('Cassiopeia', 'Malzahar', ""Rek'Sai"", 'Singed', 'Skarner')",0,1,1
"('Ashe', 'LeBlanc', 'Lee Sin', 'Nautilus', 'Renekton')",1,0,1
"('Amumu', 'Cassiopeia', 'Kindred', 'Ornn', 'Talon')",1,0,1
"('Brand', 'Jayce', 'Jinx', 'Rell', 'Skarner')",0,1,1
"('Akali', 'Fiddlesticks', 'Jinx', 'Maokai', 'Pantheon')",0,1,1
"('Cassiopeia', 'Graves', 'Gwen', 'Nautilus', 'Sylas')",0,1,1
"('Ashe', 'Camille', 'Elise', ""K'Sante"", 'LeBlanc')",1,0,1
"('Galio', 'Gnar', 'Hecarim', 'Hwei', 'Jinx')",0,1,1
"('Jinx', 'Lillia', 'Malphite', 'Qiyana', 'Thresh')",1,0,1
"('Kalista', 'Lillia', 'Rell', 'Renekton', 'Zed')",1,0,1
"('Hwei', ""Kai'Sa"", 'Poppy', 'Rakan', 'Skarner')",0,1,1
"(""Rek'Sai"", 'Syndra', 'Thresh', 'Viktor', 'Zeri')",1,0,1
"('Corki', 'Poppy', ""Rek'Sai"", 'Renekton', 'Taliyah')",1,0,1
"('Camille', 'Cassiopeia', 'Graves', ""Kai'Sa"", 'Karma')",1,0,1
"('Jinx', 'Nidalee', 'Thresh', 'Tristana', 'Twisted Fate')",0,1,1
"('Camille', 'Lucian', 'Rumble', 'Shyvana', 'Yasuo')",1,0,1
"('Ashe', 'Brand', 'Jax', 'Tristana', 'Zac')",1,0,1
"('Blitzcrank', 'Camille', 'Nidalee', 'Tristana', 'Varus')",0,1,1
"('Alistar', 'Brand', 'Kennen', 'Tristana', 'Zeri')",1,0,1
"('Ezreal', 'Malphite', 'Neeko', 'Pyke', 'Viego')",1,0,1
"('Galio', 'Jinx', 'Lulu', 'Renekton', 'Viego')",1,0,1
"('Jinx', 'Skarner', 'Taliyah', 'Thresh', 'Yasuo')",1,0,1
"('Blitzcrank', 'Gragas', ""Kai'Sa"", ""Kha'Zix"", 'Rumble')",0,1,1
"(""Bel'Veth"", 'Hwei', ""Kai'Sa"", 'Nautilus', 'Renekton')",0,1,1
"('Graves', 'Janna', 'Ornn', 'Sivir', 'Twisted Fate')",1,0,1
"(""Kai'Sa"", 'Kennen', 'Talon', 'Thresh', 'Viego')",0,1,1
"('Alistar', ""Kai'Sa"", 'Ornn', 'Taliyah', 'Zed')",0,1,1
"(""K'Sante"", 'Lillia', 'Nautilus', 'Varus', 'Zed')",0,1,1
"('Ezreal', 'Galio', 'Ornn', 'Rakan', 'Taliyah')",1,0,1
"('Caitlyn', 'Ornn', 'Thresh', 'Viego', 'Yone')",1,0,1
"('Akali', 'Blitzcrank', 'Nocturne', 'Ornn', 'Varus')",0,1,1
"('Corki', 'Jinx', 'Malphite', 'Taliyah', 'Thresh')",0,1,1
"('Cassiopeia', 'Jinx', 'Lissandra', 'Pyke', 'Viego')",1,0,1
"('Camille', 'Corki', ""Kha'Zix"", 'Nunu & Willump', 'Soraka')",1,0,1
"('Akshan', 'Gwen', ""Kai'Sa"", 'Ornn', 'Skarner')",1,0,1
"('Braum', 'Katarina', 'Lillia', 'Ornn', 'Twitch')",1,0,1
"('Corki', 'Hwei', 'Jinx', ""Rek'Sai"", 'Rumble')",0,1,1
"('Anivia', 'Jinx', 'Kindred', 'Ornn', 'Thresh')",0,1,1
"('Ashe', 'Jayce', 'Nasus', 'Nidalee', 'Senna')",1,0,1
"('Ekko', 'Jayce', 'Rumble', 'Tryndamere', 'Zeri')",0,1,1
"('Aphelios', 'LeBlanc', 'Lee Sin', 'Renekton', 'Seraphine')",1,0,1
"('Corki', 'Jinx', 'Rakan', 'Skarner', 'Taliyah')",1,0,1
"('Elise', 'Hwei', 'Jhin', 'Skarner', 'Thresh')",1,0,1
"('Hwei', 'Rell', 'Skarner', 'Zac', 'Zeri')",0,1,1
"('Akali', 'Brand', 'Pyke', 'Skarner', 'Varus')",0,1,1
"('Jinx', 'Karthus', 'Kennen', 'Rakan', 'Tristana')",0,1,1
"('Camille', 'Jinx', 'Lulu', 'Nocturne', 'Thresh')",1,0,1
"('Graves', 'Hwei', 'Jinx', 'Skarner', 'Taric')",1,0,1
"('Ahri', 'Alistar', ""K'Sante"", 'Lee Sin', 'Lucian')",1,0,1
"('Aphelios', 'Camille', 'Nidalee', 'Pyke', 'Qiyana')",1,0,1
"('Draven', 'Jax', ""K'Sante"", 'Lux', 'Viego')",1,0,1
"('Braum', ""Kai'Sa"", 'Katarina', 'Kennen', 'Viego')",1,0,1
"('Gnar', 'Jhin', 'Nocturne', 'Seraphine', 'Zoe')",0,1,1
"('Jax', ""Kog'Maw"", 'Lissandra', 'Lulu', 'Vi')",0,1,1
"('Jinx', 'Lillia', 'Lulu', 'Quinn', 'Yasuo')",0,1,1
"('Caitlyn', 'Kassadin', 'Lux', ""Rek'Sai"", 'Skarner')",1,0,1
"('Alistar', 'Annie', 'Gragas', ""Kai'Sa"", 'Viego')",0,1,1
"('Jinx', 'Karma', ""Kha'Zix"", 'Orianna', 'Rumble')",0,1,1
"('Hwei', 'Jinx', 'Rell', 'Shen', 'Viego')",1,0,1
"('Hwei', ""Rek'Sai"", 'Riven', 'Thresh', 'Zeri')",0,1,1
"('Ashe', 'Blitzcrank', 'Qiyana', 'Shen', 'Taliyah')",0,1,1
"('Caitlyn', 'Fiddlesticks', 'Qiyana', 'Renekton', 'Thresh')",0,1,1
"('Alistar', 'Ashe', 'Camille', 'Kindred', 'Qiyana')",1,0,1
"('Ahri', 'Ashe', 'Lulu', ""Rek'Sai"", 'Renekton')",1,0,1
"(""Kai'Sa"", 'Nidalee', 'Pyke', 'Renekton', 'Zed')",0,1,1
"('Corki', 'Gragas', ""Kai'Sa"", 'Nautilus', ""Rek'Sai"")",0,1,1
"('Aatrox', 'Aphelios', 'Taliyah', 'Thresh', 'Tristana')",0,1,1
"('Cassiopeia', ""Kai'Sa"", 'Qiyana', 'Rell', 'Taliyah')",0,1,1
"('Ivern', 'Jinx', 'Karma', 'Nautilus', ""Rek'Sai"")",0,1,1
"('Hwei', ""Kai'Sa"", 'Kennen', 'Qiyana', 'Tryndamere')",1,0,1
"('Jhin', 'Nami', 'Qiyana', 'Rumble', 'Twisted Fate')",1,0,1
"('Elise', 'Ezreal', 'Hwei', 'Irelia', 'Karma')",0,1,1
"('Aatrox', 'Graves', ""Kai'Sa"", 'Nautilus', 'Ziggs')",0,1,1
"('Jayce', 'Jinx', 'Lee Sin', 'Seraphine', 'Syndra')",1,0,1
"('Draven', 'Fiddlesticks', 'Gragas', 'Leona', 'Udyr')",1,0,1
"('Alistar', 'Irelia', 'Malphite', 'Taliyah', 'Zeri')",1,0,1
"(""Kog'Maw"", 'LeBlanc', 'Leona', 'Nasus', 'Viego')",0,1,1
"('Gwen', ""Kai'Sa"", 'Kayn', 'Leona', 'Viego')",0,1,1
"('Cassiopeia', 'Seraphine', 'Sivir', 'Viego', 'Yone')",1,0,1
"('Caitlyn', 'Corki', 'Fiora', 'Nidalee', 'Seraphine')",1,0,1
"('Cassiopeia', 'Fiora', ""Rek'Sai"", 'Yuumi', 'Zeri')",0,1,1
"('Corki', 'Karthus', 'Nilah', 'Seraphine', 'Tryndamere')",1,0,1
"('Ahri', 'Alistar', ""Rek'Sai"", 'Rumble', 'Varus')",0,1,1
"('Elise', 'Qiyana', 'Skarner', 'Yuumi', 'Zeri')",0,1,1
"('Blitzcrank', 'Ekko', ""Kog'Maw"", 'Nidalee', 'Tahm Kench')",1,0,1
"('Graves', 'Hwei', 'Jax', ""Kai'Sa"", 'Nautilus')",0,1,1
"('Corki', 'Dr. Mundo', 'Poppy', 'Taliyah', 'Tristana')",1,0,1
"('Azir', 'Fiora', ""Kai'Sa"", 'Nautilus', 'Skarner')",1,0,1
"('Corki', ""Kai'Sa"", 'Neeko', 'Sett', 'Zac')",1,0,1
"('Ashe', 'Lillia', 'Olaf', 'Qiyana', 'Varus')",0,1,1
"('Ezreal', 'Rumble', 'Talon', 'Taric', 'Viego')",1,0,1
"('Corki', 'Rell', 'Skarner', 'Taliyah', 'Tristana')",1,0,1
"('Ashe', 'Leona', 'Nidalee', 'Skarner', 'Tristana')",1,0,1
"('Gragas', 'Senna', 'Twisted Fate', 'Varus', 'Viego')",1,0,1
"('Blitzcrank', ""Kai'Sa"", 'Lee Sin', 'Orianna', 'Vladimir')",0,1,1
"('Dr. Mundo', 'Nautilus', 'Nidalee', 'Varus', 'Xerath')",1,0,1
"('Hwei', 'Maokai', 'Qiyana', 'Taliyah', 'Varus')",1,0,1
"('Akshan', 'Draven', 'Nidalee', 'Pantheon', 'Skarner')",0,1,1
"('Corki', 'Nidalee', 'Qiyana', 'Seraphine', 'Shen')",0,1,1
"('Fiddlesticks', 'Jinx', 'Renekton', 'Thresh', 'Zoe')",0,1,1
"('Akshan', 'Ashe', 'Gnar', 'Nidalee', 'Thresh')",1,0,1
"('Cassiopeia', 'Jinx', 'LeBlanc', 'Thresh', 'Viego')",1,0,1
"('Azir', 'Fiora', 'Renata Glasc', 'Varus', 'Viego')",1,0,1
"('Caitlyn', 'Lee Sin', 'Neeko', 'Poppy', 'Viego')",1,0,1
"('Ashe', 'Aurelion Sol', 'Graves', 'Jax', 'Seraphine')",0,1,1
"('Darius', 'Graves', 'Katarina', 'Lucian', 'Seraphine')",1,0,1
"('Braum', 'Graves', ""Kai'Sa"", 'Mordekaiser', 'Zoe')",0,1,1
"('Jinx', 'Olaf', 'Orianna', ""Rek'Sai"", 'Thresh')",1,0,1
"('Corki', 'Gragas', 'Master Yi', 'Nautilus', 'Qiyana')",1,0,1
"('Darius', 'Pantheon', 'Qiyana', 'Taliyah', 'Varus')",1,0,1
"('Aurelion Sol', 'Camille', ""Kai'Sa"", 'Kled', 'Viego')",1,0,1
"('Kled', 'Lillia', 'Qiyana', 'Rakan', 'Zeri')",1,0,1
"('Gnar', 'Lillia', 'Seraphine', 'Talon', 'Varus')",1,0,1
"('Gragas', 'Jayce', 'Jinx', 'Pyke', 'Xin Zhao')",1,0,1
"('Corki', 'Draven', 'Nautilus', 'Nidalee', 'Singed')",1,0,1
"('Aphelios', 'Brand', 'Gragas', 'Lulu', 'Qiyana')",1,0,1
"('Aatrox', 'Ezreal', 'Kayn', 'Seraphine', 'Twisted Fate')",1,0,1
"('Corki', 'Galio', 'Graves', 'Katarina', 'Maokai')",1,0,1
"('Garen', 'Kayn', 'Kennen', 'Lucian', 'Nami')",0,1,1
"('Aatrox', 'Brand', 'Qiyana', 'Rakan', 'Zeri')",1,0,1
"('Akshan', 'Bard', 'Skarner', 'Varus', 'Vladimir')",1,0,1
"(""Bel'Veth"", 'LeBlanc', 'Skarner', 'Taliyah', 'Varus')",0,1,1
"('Hwei', 'Jinx', ""Kha'Zix"", 'Tryndamere', 'Zyra')",1,0,1
"('Azir', 'Jayce', 'Poppy', 'Varus', 'Xin Zhao')",1,0,1
"('Alistar', 'Ashe', ""Bel'Veth"", 'Hwei', 'Udyr')",1,0,1
"('Ashe', 'Lee Sin', 'Mordekaiser', 'Nautilus', 'Zed')",0,1,1
"('Ashe', 'Braum', 'Jayce', 'Rammus', 'Taliyah')",0,1,1
"('Ahri', 'Rakan', 'Rumble', 'Samira', 'Urgot')",1,0,1
"('Ahri', 'Caitlyn', 'Jayce', 'Nocturne', 'Seraphine')",0,1,1
"('Ahri', 'Ezreal', 'Gnar', 'Lux', 'Viego')",1,0,1
"(""Kha'Zix"", 'Pantheon', 'Seraphine', 'Taliyah', 'Varus')",1,0,1
"('Aphelios', 'Aurelion Sol', 'Darius', 'Seraphine', 'Viego')",0,1,1
"('Ashe', 'Galio', ""K'Sante"", 'Rumble', 'Varus')",1,0,1
"('Fiora', 'Ivern', ""Kai'Sa"", 'Lee Sin', 'Nautilus')",1,0,1
"('Bard', ""Rek'Sai"", 'Skarner', 'Syndra', 'Varus')",0,1,1
"('Braum', 'Jinx', ""Rek'Sai"", 'Rumble', 'Zed')",1,0,1
"('Diana', 'Jayce', 'Jhin', 'Lillia', 'Seraphine')",1,0,1
"('Aatrox', ""Kai'Sa"", 'Lillia', 'Seraphine', 'Tristana')",1,0,1
"('Ashe', 'Hwei', 'Kayn', 'Seraphine', 'Teemo')",1,0,1
"('Blitzcrank', 'Elise', 'Ezreal', 'Fiora', 'Neeko')",0,1,1
"('Alistar', 'Hecarim', ""K'Sante"", 'Lissandra', 'Varus')",0,1,1
"('Ezreal', 'Hwei', 'Lee Sin', 'Skarner', 'Zyra')",1,0,1
"('Aatrox', 'Cassiopeia', 'Rakan', 'Viego', 'Xayah')",0,1,1
"('Ashe', 'Braum', 'Camille', 'Lillia', 'Qiyana')",1,0,1
"('Ashe', 'Karthus', 'Seraphine', 'Sion', 'Yone')",1,0,1
"('Aphelios', 'Brand', 'Irelia', 'Leona', ""Rek'Sai"")",1,0,1
"('Braum', 'Fiora', 'LeBlanc', ""Rek'Sai"", 'Tristana')",1,0,1
"(""Bel'Veth"", 'LeBlanc', 'Lucian', 'Nami', 'Skarner')",1,0,1
"('Diana', 'Senna', 'Skarner', 'Varus', 'Viego')",1,0,1
"('Camille', 'Sejuani', 'Thresh', 'Varus', 'Zed')",1,0,1
"('Ashe', ""Bel'Veth"", 'Ezreal', 'Heimerdinger', 'Zoe')",1,0,1
"('Kindred', 'Maokai', 'Qiyana', 'Ryze', 'Xayah')",1,0,1
"('Nautilus', 'Nidalee', 'Qiyana', 'Twitch', 'Volibear')",0,1,1
"('Ashe', 'Caitlyn', 'Lissandra', 'Qiyana', 'Skarner')",0,1,1
"('Braum', 'Camille', 'Galio', 'Lee Sin', 'Varus')",1,0,1
"('Akali', 'Lucian', 'Nami', 'Viego', 'Warwick')",0,1,1
"('Camille', 'Kalista', 'Nami', 'Sylas', 'Vi')",0,1,1
"('Gragas', 'Jax', 'Nautilus', 'Qiyana', 'Zeri')",1,0,1
"('Hwei', 'Nautilus', 'Nidalee', 'Tryndamere', 'Varus')",1,0,1
"('Corki', 'Elise', 'Katarina', 'Rakan', 'Twisted Fate')",1,0,1
"(""Kai'Sa"", 'Leona', 'Talon', 'Varus', 'Xerath')",1,0,1
"('Akali', 'Alistar', 'Corki', 'Lee Sin', 'Warwick')",0,1,1
"('Aatrox', 'Caitlyn', 'Katarina', 'Lux', 'Rengar')",0,1,1
"('Aatrox', 'Hwei', 'Kindred', 'Nautilus', 'Senna')",0,1,1
"('Aatrox', 'Braum', 'Corki', 'Taliyah', 'Tryndamere')",1,0,1
"('Nidalee', 'Qiyana', 'Renekton', 'Senna', 'Varus')",1,0,1
"('Ahri', 'Braum', 'Gwen', 'Viego', 'Zeri')",1,0,1
"('Irelia', 'Jayce', ""Kai'Sa"", 'Lee Sin', 'Swain')",0,1,1
"('Ashe', 'Blitzcrank', 'Katarina', 'Kennen', 'Rengar')",0,1,1
"('Ashe', 'Mordekaiser', 'Pantheon', 'Seraphine', 'Taliyah')",1,0,1
"('Ahri', ""Bel'Veth"", 'Dr. Mundo', 'Lulu', 'Zeri')",1,0,1
"('Elise', 'Jhin', 'Poppy', 'Teemo', 'Tristana')",1,0,1
"('Brand', 'Cassiopeia', 'Rell', 'Skarner', 'Tristana')",1,0,1
"('Orianna', 'Pyke', ""Rek'Sai"", 'Renekton', 'Smolder')",0,1,1
"('Galio', 'Jax', 'Nautilus', 'Nidalee', 'Zeri')",1,0,1
"('Lee Sin', 'Rakan', 'Shen', ""Vel'Koz"", 'Zeri')",0,1,1
"('Hwei', 'Jayce', 'Jhin', 'Skarner', 'Sylas')",1,0,1
"('Bard', 'Jax', 'Smolder', 'Twisted Fate', 'Warwick')",1,0,1
"('Ashe', 'Jax', 'Nasus', 'Nautilus', 'Taliyah')",1,0,1
"('Alistar', 'Sylas', 'Talon', 'Viego', 'Xayah')",1,0,1
"('Aphelios', 'Gnar', 'Lillia', 'Seraphine', 'Taliyah')",1,0,1
"('Briar', 'Graves', 'Jhin', 'Nasus', 'Seraphine')",0,1,1
"('Camille', 'Corki', ""K'Sante"", ""Kai'Sa"", 'Nidalee')",0,1,1
"('Aurelion Sol', 'Jax', 'Lulu', 'Sivir', 'Xin Zhao')",1,0,1
"('LeBlanc', 'Lee Sin', 'Lucian', 'Shen', 'Thresh')",0,1,1
"('Cassiopeia', 'Graves', ""Kai'Sa"", 'Nautilus', 'Tryndamere')",1,0,1
"('Azir', 'Camille', 'Jinx', 'Kindred', 'Lulu')",1,0,1
"('Camille', 'Corki', 'Pantheon', 'Sylas', 'Xerath')",0,1,1
"('Ashe', 'Nasus', 'Taliyah', 'Yasuo', 'Zoe')",1,0,1
"('Alistar', 'Ashe', 'Elise', 'Gragas', 'Tristana')",1,0,1
"('Alistar', 'Ashe', 'Graves', 'Rammus', 'Sylas')",0,1,1
"('Kalista', 'Mordekaiser', 'Shaco', 'Thresh', 'Twisted Fate')",1,0,1
"('Ashe', 'LeBlanc', 'Rumble', 'Tryndamere', 'Viego')",1,0,1
"('Ashe', 'Caitlyn', 'Gragas', 'Nunu & Willump', ""Rek'Sai"")",0,1,1
"('Ashe', 'Hwei', 'Kennen', 'Talon', 'Viego')",1,0,1
"('Neeko', 'Renekton', 'Rumble', 'Twisted Fate', 'Viego')",0,1,1
"('Draven', 'Fiora', 'Galio', 'Kindred', 'Thresh')",1,0,1
"('Azir', 'Master Yi', 'Renekton', 'Seraphine', 'Varus')",0,1,1
"('Akali', 'Lee Sin', 'Twisted Fate', 'Yuumi', 'Zeri')",1,0,1
"(""Bel'Veth"", 'Camille', 'Jinx', 'Sylas', 'Thresh')",0,1,1
"('Camille', ""K'Sante"", 'Kalista', 'Kennen', 'Kindred')",1,0,1
"('Corki', 'Elise', 'Rell', 'Talon', 'Vayne')",1,0,1
"('Graves', 'Jax', ""Kai'Sa"", 'Leona', 'Neeko')",1,0,1
"('Jax', ""Kai'Sa"", 'Rakan', 'Sylas', 'Yone')",0,1,1
"('Camille', ""Kai'Sa"", ""Rek'Sai"", 'Teemo', 'Twisted Fate')",1,0,1
"('Mordekaiser', 'Nidalee', 'Thresh', 'Tristana', 'Varus')",1,0,1
"('Lillia', 'Nautilus', 'Twisted Fate', 'Varus', 'Yasuo')",1,0,1
"('Nautilus', ""Rek'Sai"", 'Seraphine', 'Sylas', 'Twisted Fate')",0,1,1
"('Orianna', 'Rakan', 'Skarner', 'Sylas', 'Varus')",0,1,1
"('Jinx', 'Nautilus', 'Renekton', 'Ryze', 'Sylas')",1,0,1
"('Corki', 'Jayce', 'Rumble', 'Sylas', 'Vayne')",1,0,1
"('Corki', 'Hwei', 'Maokai', ""Rek'Sai"", 'Yone')",0,1,1
"('Caitlyn', 'Gangplank', 'Sona', 'Sylas', 'Taliyah')",0,1,1
"(""Kai'Sa"", 'Rakan', 'Viktor', 'Warwick', 'Xin Zhao')",1,0,1
"('Aurelion Sol', ""Kai'Sa"", 'Nautilus', ""Rek'Sai"", 'Rumble')",1,0,1
"('Ashe', 'Taliyah', 'Taric', 'Tristana', 'Tryndamere')",1,0,1
"('Ashe', 'Jax', 'Lissandra', 'Twitch', 'Viego')",0,1,1
"('Draven', 'Jax', 'Sylas', 'Syndra', 'Thresh')",1,0,1
"('Jinx', 'Seraphine', 'Viego', 'Volibear', 'Zoe')",0,1,1
"('Lucian', 'Maokai', 'Nami', 'Sylas', 'Vayne')",0,1,1
"('Camille', 'LeBlanc', 'Lucian', 'Nasus', ""Rek'Sai"")",0,1,1
"('Cassiopeia', 'Corki', 'Fiora', 'Seraphine', 'Skarner')",1,0,1
"('Corki', 'Kennen', 'Lee Sin', 'Rell', 'Tryndamere')",1,0,1
"('Braum', 'Lee Sin', 'Skarner', 'Smolder', 'Twisted Fate')",1,0,1
"('Galio', 'Graves', 'Ryze', 'Sylas', 'Varus')",0,1,1
"('Jayce', ""Kai'Sa"", 'Poppy', 'Sylas', 'Tristana')",0,1,1
"('Ashe', 'Ekko', 'Irelia', 'Lux', 'Tryndamere')",1,0,1
"('Malphite', 'Rakan', 'Ryze', 'Viego', 'Zeri')",1,0,1
"('Gragas', 'Graves', 'Janna', 'Jhin', 'Riven')",1,0,1
"('Jinx', ""Rek'Sai"", 'Rumble', 'Thresh', 'Twisted Fate')",1,0,1
"('Akshan', 'Aphelios', 'Camille', 'Skarner', 'Taliyah')",1,0,1
"('Akshan', 'Draven', 'Nautilus', 'Nidalee', 'Rumble')",1,0,1
"('Ashe', 'Jax', 'LeBlanc', 'Nautilus', 'Twisted Fate')",0,1,1
"('Braum', ""Kai'Sa"", 'Kennen', 'Pantheon', 'Rengar')",0,1,1
"('Camille', 'Ivern', 'Lucian', 'Nami', 'Viego')",0,1,1
"('Akali', 'Camille', 'Corki', 'Karthus', 'Nautilus')",1,0,1
"('Hwei', 'Janna', 'Jinx', 'Ryze', 'Viego')",0,1,1
"('Ashe', 'Jax', ""Kha'Zix"", 'Rumble', 'Twisted Fate')",1,0,1
"('Aatrox', 'Corki', 'Galio', 'Graves', 'Rakan')",0,1,1
"('Camille', 'Galio', 'Jinx', 'Soraka', 'Taliyah')",1,0,1
"('Bard', 'Corki', 'Ivern', 'Jax', 'Malzahar')",1,0,1
"('Aphelios', 'Kennen', 'Lee Sin', 'Lucian', 'Thresh')",1,0,1
"('Alistar', ""Kai'Sa"", 'Tryndamere', 'Twisted Fate', 'Viego')",0,1,1
"('Irelia', 'Jinx', 'Nautilus', 'Tryndamere', 'Viego')",1,0,1
"('Jinx', ""Kha'Zix"", 'Rumble', 'Ryze', 'Thresh')",1,0,1
"('Caitlyn', 'Jayce', 'Mordekaiser', 'Orianna', 'Seraphine')",0,1,1
"('Ashe', ""K'Sante"", 'Seraphine', 'Taliyah', 'Viego')",1,0,1
"('Akali', ""Kai'Sa"", 'Kindred', 'LeBlanc', 'Lulu')",0,1,1
"('Lulu', 'Pantheon', 'Quinn', 'Shaco', 'Zeri')",1,0,1
"('Corki', 'Hwei', 'Jax', 'Lee Sin', 'Leona')",1,0,1
"('Ashe', 'Ekko', 'Nautilus', ""Rek'Sai"", 'Tryndamere')",1,0,1
"('LeBlanc', 'Lee Sin', 'Leona', 'Rumble', 'Xayah')",1,0,1
"('Ahri', 'Karthus', 'Lucian', 'Renekton', 'Skarner')",1,0,1
"('Fiddlesticks', 'Katarina', 'Maokai', 'Renekton', 'Zeri')",1,0,1
"('Hwei', 'Jinx', ""Kha'Zix"", 'Poppy', 'Twisted Fate')",1,0,1
"('Bard', 'Jax', ""Kai'Sa"", 'Nidalee', 'Syndra')",1,0,1
"('Ashe', 'Brand', ""K'Sante"", 'Rell', 'Rumble')",1,0,1
"('Azir', 'Janna', 'Jhin', ""Rek'Sai"", 'Rumble')",0,1,1
"('Hwei', ""Kog'Maw"", 'Nidalee', 'Qiyana', 'Renekton')",1,0,1
"('Gragas', 'Hwei', ""Kai'Sa"", 'Rakan', ""Rek'Sai"")",1,0,1
"('Corki', 'Lillia', 'Pyke', 'Rumble', 'Viego')",0,1,1
"('Aphelios', 'Shaco', 'Skarner', 'Tristana', 'Tryndamere')",1,0,1
"('Aatrox', 'Draven', 'Nidalee', 'Rell', 'Tryndamere')",0,1,1
"('Cassiopeia', 'Nautilus', ""Rek'Sai"", 'Tahm Kench', 'Zeri')",1,0,1
"('Ashe', 'LeBlanc', 'Lee Sin', 'Leona', 'Tryndamere')",1,0,1
"('Blitzcrank', ""Kai'Sa"", ""Rek'Sai"", 'Tryndamere', 'Viktor')",0,1,1
"('Akshan', ""Kai'Sa"", 'Pyke', 'Rumble', 'Zac')",0,1,1
"(""K'Sante"", 'Nidalee', 'Seraphine', 'Smolder', 'Varus')",1,0,1
"('Ezreal', 'Garen', 'Nidalee', 'Seraphine', 'Warwick')",0,1,1
"('Jax', 'Lulu', 'Rumble', 'Seraphine', 'Varus')",1,0,1
"('Camille', 'Ekko', ""Kai'Sa"", 'Lulu', 'Yasuo')",1,0,1
"('Aphelios', 'Hwei', 'Jax', 'Lillia', 'Morgana')",0,1,1
"('Ashe', 'Hwei', 'Irelia', ""Kha'Zix"", 'Riven')",1,0,1
"('Galio', 'Graves', 'Thresh', 'Twisted Fate', 'Zeri')",1,0,1
"('Alistar', 'Graves', ""Kai'Sa"", 'Katarina', 'Skarner')",1,0,1
"(""Kai'Sa"", 'Katarina', 'Kindred', 'Nautilus', 'Olaf')",1,0,1
"('Alistar', 'Ashe', 'Galio', 'Twisted Fate', 'Viego')",1,0,1
"('Blitzcrank', 'Corki', 'Graves', 'Irelia', 'LeBlanc')",0,1,1
"('Ashe', 'Cassiopeia', 'Lulu', 'Skarner', 'Xin Zhao')",1,0,1
"('Ahri', 'Hecarim', 'Nami', 'Skarner', 'Smolder')",1,0,1
"('Ashe', 'Lee Sin', 'Nidalee', 'Volibear', 'Zilean')",0,1,1
"('Hwei', 'Jinx', 'Lee Sin', 'Nautilus', 'Quinn')",0,1,1
"('Ahri', ""Kai'Sa"", 'Rakan', 'Skarner', 'Taliyah')",1,0,1
"('Graves', ""Kog'Maw"", 'Skarner', 'Taliyah', 'Yuumi')",1,0,1
"('Ashe', 'Lillia', 'Pantheon', 'Rakan', 'Sett')",0,1,1
"('Gwen', 'Jayce', ""Kai'Sa"", 'Sion', 'Thresh')",0,1,1
"(""Kai'Sa"", 'Karthus', 'Lissandra', 'Nautilus', 'Twisted Fate')",0,1,1
"('Ashe', 'Braum', 'Cassiopeia', 'Taliyah', 'Talon')",1,0,1
"('Alistar', 'Brand', 'Corki', 'Smolder', 'Tryndamere')",0,1,1
"('Anivia', 'Aphelios', 'Corki', 'Nidalee', 'Thresh')",1,0,1
"('Draven', 'Graves', 'Orianna', 'Thresh', 'Tryndamere')",1,0,1
"('Hwei', ""K'Sante"", ""Rek'Sai"", 'Taric', 'Zeri')",0,1,1
"('Aphelios', 'Garen', 'Graves', 'Hwei', 'Lulu')",0,1,1
"('Braum', 'Ivern', ""K'Sante"", 'Xayah', 'Xin Zhao')",1,0,1
"('Draven', 'Nautilus', 'Taliyah', 'Twisted Fate', 'Zed')",1,0,1
"('Ahri', ""Bel'Veth"", 'Braum', 'Jinx', 'Sion')",0,1,1
"(""Kai'Sa"", 'Kalista', 'Syndra', 'Thresh', 'Xin Zhao')",0,1,1
"('Ashe', 'Lee Sin', 'Taliyah', 'Thresh', 'Tryndamere')",1,0,1
"('Ashe', 'Fiora', 'Lux', 'Rengar', 'Sylas')",1,0,1
"('Ashe', ""Kha'Zix"", 'Milio', 'Riven', 'Zac')",1,0,1
"('Blitzcrank', 'Jinx', 'Nidalee', 'Talon', 'Udyr')",0,1,1
"('Galio', 'Hecarim', 'Jinx', 'Neeko', 'Shen')",1,0,1
"('Kindred', 'LeBlanc', 'Rakan', 'Ryze', 'Zeri')",1,0,1
"('Ashe', 'Master Yi', 'Nautilus', 'Taliyah', 'Tristana')",0,1,1
"('Ahri', 'Graves', 'Jinx', 'Olaf', 'Poppy')",1,0,1
"('Aatrox', 'Cassiopeia', 'Corki', 'Fiddlesticks', 'Nautilus')",0,1,1
"('Brand', 'Corki', 'Fiddlesticks', 'Jayce', 'Skarner')",1,0,1
"('Alistar', 'Jinx', 'Lillia', 'Viego', 'Vladimir')",0,1,1
"('Corki', 'Fiora', 'Lucian', 'Nami', 'Viego')",1,0,1
"('Ashe', 'Taliyah', 'Thresh', 'Tryndamere', 'Vayne')",0,1,1
"('Gnar', 'Jarvan IV', 'LeBlanc', 'Seraphine', 'Zeri')",1,0,1
"('Ahri', 'Corki', 'Irelia', 'Lee Sin', 'Nautilus')",0,1,1
"('Graves', ""Kai'Sa"", 'Seraphine', 'Tryndamere', 'Twisted Fate')",1,0,1
"('Akshan', 'Ashe', 'Taliyah', 'Taric', 'Tryndamere')",1,0,1
"('Anivia', 'Kindred', 'Mordekaiser', 'Neeko', 'Varus')",1,0,1
"('Jayce', 'Kalista', 'Nautilus', 'Taliyah', 'Twisted Fate')",0,1,1
"('Draven', 'Lillia', 'Nautilus', 'Poppy', 'Tristana')",1,0,1
"('Braum', 'Corki', 'Lucian', 'Nasus', 'Rumble')",1,0,1
"('Kennen', 'Pantheon', 'Seraphine', 'Varus', 'Viego')",0,1,1
"('Gragas', 'Nautilus', 'Nidalee', 'Yasuo', 'Zeri')",0,1,1
"('Alistar', 'Irelia', 'Jax', 'Jinx', 'Karthus')",1,0,1
"('Aatrox', 'Akali', 'Alistar', 'Karthus', 'Varus')",0,1,1
"('Corki', 'Gnar', ""Kai'Sa"", 'Karthus', 'Rell')",0,1,1
"('Gwen', 'Jhin', 'LeBlanc', 'Lee Sin', 'Pyke')",1,0,1
"('Ashe', 'Fiddlesticks', 'Leona', 'Tryndamere', 'Yasuo')",0,1,1
"('Camille', 'Jax', ""Kai'Sa"", 'Taliyah', 'Viego')",0,1,1
"('Akali', 'Bard', 'Gragas', 'Viego', 'Zeri')",1,0,1
"(""Kai'Sa"", 'Kennen', 'Pyke', 'Taliyah', 'Yasuo')",0,1,1
"('Cassiopeia', 'Lulu', ""Rek'Sai"", 'Tristana', 'Zeri')",1,0,1
"('Ahri', 'Camille', 'Nilah', 'Seraphine', 'Viego')",0,1,1
"('Lillia', 'Pyke', 'Skarner', 'Tristana', 'Twitch')",0,1,1
"('Galio', 'Seraphine', 'Sett', 'Shaco', 'Varus')",1,0,1
"('Alistar', 'Briar', 'Irelia', 'LeBlanc', 'Zeri')",1,0,1
"('Cassiopeia', 'Jarvan IV', 'Nautilus', 'Seraphine', 'Yasuo')",0,1,1
"('Ornn', 'Rakan', 'Taliyah', 'Twitch', 'Yasuo')",1,0,1
"('Corki', 'Fiora', 'Leona', 'Master Yi', 'Viktor')",1,0,1
"('Kalista', 'Pyke', 'Sejuani', 'Skarner', 'Yone')",1,0,1
"('Ashe', 'Lee Sin', 'Pantheon', 'Pyke', 'Zoe')",1,0,1
"('Fiddlesticks', 'Nocturne', 'Rakan', 'Twisted Fate', 'Varus')",1,0,1
"('Aatrox', 'Ekko', 'Kindred', 'Rell', 'Samira')",0,1,1
"('Corki', 'Kalista', 'Rell', 'Rumble', 'Warwick')",0,1,1
"('Aurelion Sol', 'Hecarim', 'Jayce', ""Kai'Sa"", 'Poppy')",0,1,1
"('Jax', 'Kalista', 'Vayne', 'Zac', 'Zoe')",1,0,1
"(""Kai'Sa"", 'Rakan', 'Tryndamere', 'Vi', 'Zoe')",1,0,1
"('Galio', 'Jayce', 'Jinx', 'Kindred', 'Rakan')",1,0,1
"('Darius', 'Kalista', 'Sylas', 'Taric', 'Zed')",1,0,1
"('Camille', 'Jinx', 'Nautilus', 'Viego', 'Zoe')",1,0,1
"('Ahri', 'Hwei', 'Tryndamere', 'Varus', 'Viego')",0,1,1
"('Ashe', 'Hwei', ""Kha'Zix"", 'Nautilus', 'Skarner')",0,1,1
"('Aurelion Sol', 'Garen', 'Nautilus', 'Samira', 'Viego')",0,1,1
"('Aurelion Sol', 'Braum', 'Caitlyn', ""Rek'Sai"", 'Riven')",0,1,1
"('Annie', 'Illaoi', 'Rell', 'Samira', 'Viego')",1,0,1
"('Akshan', 'Corki', 'Maokai', 'Nidalee', 'Skarner')",1,0,1
"('Draven', 'Graves', 'Kennen', 'Neeko', 'Syndra')",0,1,1
"('Katarina', 'Skarner', 'Taliyah', 'Yuumi', 'Zeri')",1,0,1
"('Corki', 'Hwei', 'Rell', 'Tryndamere', 'Viego')",1,0,1
"('Janna', 'Sivir', 'Skarner', 'Taliyah', 'Yone')",0,1,1
"('Corki', 'Jayce', 'Seraphine', 'Skarner', 'Warwick')",1,0,1
"('Braum', 'Jayce', 'Jinx', 'Taliyah', 'Twisted Fate')",0,1,1
"('Camille', 'Corki', 'Kennen', 'Nasus', 'Vi')",1,0,1
"('Corki', 'Diana', 'Jinx', 'Renekton', 'Seraphine')",0,1,1
"('Aatrox', 'Ezreal', 'LeBlanc', 'Seraphine', 'Viego')",0,1,1
"('Camille', 'Galio', ""Kha'Zix"", 'Thresh', 'Varus')",0,1,1
"('Caitlyn', 'Gangplank', 'Lee Sin', 'Naafiri', 'Seraphine')",0,1,1
"('Bard', 'Diana', 'Fiora', 'Jarvan IV', ""Kai'Sa"")",1,0,1
"('Braum', 'Camille', 'Lucian', 'Poppy', 'Taliyah')",1,0,1
"(""Bel'Veth"", 'Camille', 'Rakan', 'Zeri', 'Zoe')",0,1,1
"('Alistar', 'Jhin', 'Nidalee', 'Tryndamere', 'Yone')",1,0,1
"('Lee Sin', 'Lucian', 'Nami', 'Renekton', 'Viktor')",0,1,1
"('Lee Sin', 'Lulu', 'Skarner', 'Xerath', 'Zeri')",1,0,1
"('Ashe', 'Kindred', 'Nasus', 'Rumble', 'Tryndamere')",1,0,1
"('Fizz', 'Jayce', 'Lulu', 'Viego', 'Zeri')",0,1,1
"('Hwei', 'Jax', 'Jinx', 'Seraphine', 'Shaco')",0,1,1
"('Aurelion Sol', 'Braum', 'Jinx', 'Kled', 'Rengar')",1,0,1
"('Kalista', 'Karthus', 'Qiyana', 'Skarner', 'Thresh')",0,1,1
"('Galio', ""Kai'Sa"", 'Nautilus', 'Nidalee', 'Tryndamere')",0,1,1
"('Aurelion Sol', 'Darius', ""Kai'Sa"", 'Rakan', ""Rek'Sai"")",1,0,1
"('Ashe', 'LeBlanc', 'Nautilus', 'Tryndamere', 'Viego')",0,1,1
"('Jinx', 'Mordekaiser', 'Orianna', 'Seraphine', 'Vi')",1,0,1
"('Aphelios', 'Ekko', 'Kennen', 'Milio', ""Rek'Sai"")",0,1,1
"('Anivia', 'Jinx', ""K'Sante"", 'Lee Sin', 'Seraphine')",1,0,1
"('Braum', 'Jinx', 'Mordekaiser', 'Tryndamere', 'Warwick')",1,0,1
"('Corki', 'Draven', 'Elise', 'Fiora', 'Pantheon')",1,0,1
"(""Kai'Sa"", ""Rek'Sai"", 'Rell', 'Skarner', 'Syndra')",1,0,1
"('Ashe', 'Galio', 'Pyke', ""Rek'Sai"", 'Rumble')",1,0,1
"('Galio', 'Gragas', 'Taric', 'Tryndamere', 'Twitch')",1,0,1
"('Graves', 'Katarina', 'Maokai', 'Tryndamere', 'Varus')",1,0,1
"('Ashe', 'Cassiopeia', 'Jinx', 'Katarina', 'Vi')",1,0,1
"('Kalista', 'LeBlanc', 'Lucian', 'Pyke', 'Viego')",0,1,1
"('Aatrox', 'Caitlyn', 'Hwei', 'Nautilus', 'Zac')",0,1,1
"('Ashe', 'Braum', 'Jarvan IV', 'Renekton', 'Zoe')",0,1,1
"('Aphelios', 'Nautilus', 'Nunu & Willump', 'Renekton', 'Yone')",0,1,1
"('Galio', 'Gnar', 'Jarvan IV', ""Kai'Sa"", 'Nautilus')",0,1,1
"('Fiora', 'Lee Sin', 'Seraphine', 'Shen', 'Varus')",1,0,1
"('Aurelion Sol', 'Caitlyn', 'Karma', 'Nidalee', 'Twisted Fate')",0,1,1
"('Pyke', 'Rumble', 'Twisted Fate', 'Varus', 'Xin Zhao')",1,0,1
"('Ekko', 'Jax', 'Jinx', 'Thresh', 'Tristana')",0,1,1
"('Caitlyn', 'Lillia', 'Lux', 'Malphite', 'Yasuo')",0,1,1
"('Hwei', 'Jinx', 'Kindred', 'Rakan', 'Renekton')",0,1,1
"('Camille', 'Gwen', ""Kai'Sa"", 'Lee Sin', 'Talon')",0,1,1
"('Hwei', 'Jinx', 'Lee Sin', 'Malphite', 'Seraphine')",1,0,1
"('Gwen', 'Jax', ""Kai'Sa"", 'Nautilus', 'Yasuo')",0,1,1
"('Akshan', 'Jax', ""Kai'Sa"", 'Karthus', 'Shaco')",1,0,1
"(""Kha'Zix"", 'LeBlanc', 'Varus', 'Vayne', 'Zilean')",1,0,1
"('Aatrox', 'Ashe', 'Jarvan IV', 'Thresh', 'Zilean')",0,1,1
"('Hwei', ""Kai'Sa"", 'Pyke', 'Renekton', 'Taliyah')",1,0,1
"('Aatrox', 'Azir', 'Corki', 'Seraphine', 'Skarner')",1,0,1
"('Ashe', 'Blitzcrank', 'Hwei', 'Master Yi', 'Ornn')",0,1,1
"('Fiora', 'LeBlanc', 'Maokai', 'Nidalee', 'Varus')",1,0,1
"('Braum', 'Camille', 'Jinx', 'Lillia', 'Ornn')",0,1,1
"('Akali', 'Caitlyn', 'Nocturne', ""Rek'Sai"", 'Rell')",0,1,1
"('Heimerdinger', 'Irelia', 'LeBlanc', 'Miss Fortune', 'Talon')",0,1,1
"('Corki', 'Elise', 'Skarner', 'Thresh', 'Varus')",1,0,1
"('Akali', 'Ashe', 'Gragas', 'Rakan', 'Yasuo')",0,1,1
"('Aatrox', 'Draven', 'Galio', 'Pyke', 'Taliyah')",0,1,1
"('Draven', 'Nautilus', 'Shen', 'Taliyah', 'Tristana')",0,1,1
"('Draven', ""K'Sante"", ""Rek'Sai"", 'Taliyah', 'Viego')",0,1,1
"('Alistar', 'Gragas', 'Jinx', ""Kha'Zix"", 'Vex')",0,1,1
"('Gragas', 'Graves', 'Rakan', 'Shen', 'Zeri')",1,0,1
"('Alistar', ""Kai'Sa"", 'Kayn', 'Orianna', 'Skarner')",0,1,1
"('Diana', 'Jinx', 'Renekton', 'Skarner', 'Thresh')",1,0,1
"(""Kai'Sa"", 'Rell', 'Taliyah', 'Vi', 'Vladimir')",1,0,1
"('Akshan', 'Gangplank', 'Graves', 'Orianna', 'Varus')",1,0,1
"('Akali', 'Gwen', 'Janna', 'Kalista', 'Viego')",1,0,1
"('Corki', 'Fiddlesticks', 'Jayce', 'Rengar', 'Seraphine')",0,1,1
"(""Kai'Sa"", 'Nunu & Willump', 'Taliyah', 'Talon', 'Twisted Fate')",0,1,1
"('Ashe', 'Hecarim', 'Morgana', 'Shen', 'Sylas')",1,0,1
"('Camille', 'LeBlanc', 'Taliyah', 'Varus', 'Viego')",1,0,1
"('Gnar', 'Graves', 'Lucian', 'Nami', 'Rumble')",0,1,1
"(""Kai'Sa"", 'Nautilus', 'Nidalee', 'Renekton', 'Zed')",1,0,1
"('Camille', ""Kai'Sa"", 'Olaf', 'Ryze', 'Viego')",0,1,1
"('Ashe', 'Camille', 'Hwei', 'Tristana', 'Viego')",0,1,1
"('Ashe', 'Dr. Mundo', 'Ivern', 'Renekton', 'Rumble')",0,1,1
"('Aphelios', ""Rek'Sai"", 'Taliyah', 'Thresh', 'Trundle')",1,0,1
"('Alistar', 'Diana', 'Dr. Mundo', ""Kai'Sa"", 'Zac')",0,1,1
"('Blitzcrank', 'Corki', 'Dr. Mundo', 'Taliyah', 'Tristana')",1,0,1
"('Caitlyn', 'Dr. Mundo', 'Elise', 'Kayn', 'Taliyah')",0,1,1
"('Corki', 'Hecarim', ""Kai'Sa"", 'Rakan', 'Rumble')",0,1,1
"('Karthus', 'Lucian', 'Nami', 'Rumble', 'Tristana')",1,0,1
"('Rakan', 'Skarner', 'Vex', 'Viego', 'Zeri')",0,1,1
"('Aatrox', 'Corki', 'Lillia', ""Vel'Koz"", 'Zyra')",0,1,1
"('Corki', 'Dr. Mundo', 'Elise', 'Jinx', 'Nocturne')",0,1,1
"('Hwei', 'Jax', 'Jinx', ""K'Sante"", 'Lulu')",1,0,1
"('Hwei', ""Kai'Sa"", 'Lulu', 'Nautilus', 'Pantheon')",0,1,1
"('Ashe', 'Hecarim', 'Hwei', 'Nautilus', 'Tryndamere')",0,1,1
"('Azir', 'Dr. Mundo', 'Graves', 'Jhin', 'Nautilus')",0,1,1
"('Gnar', ""Kog'Maw"", 'Lulu', 'Sylas', 'Taliyah')",0,1,1
"('Aphelios', 'Braum', 'Graves', 'Jax', 'Qiyana')",1,0,1
"('Aatrox', 'Corki', 'Lillia', 'Qiyana', 'Seraphine')",0,1,1
"('Corki', 'Nautilus', 'Nidalee', 'Qiyana', 'Sejuani')",0,1,1
"('Fiddlesticks', 'Qiyana', 'Rumble', 'Sivir', 'Sylas')",0,1,1
"('Aatrox', 'Corki', 'Karthus', 'Qiyana', 'Seraphine')",1,0,1
"('Blitzcrank', 'Dr. Mundo', ""Kai'Sa"", 'Sejuani', 'Viego')",1,0,1
"('Ashe', 'Jayce', 'Maokai', 'Nidalee', 'Rumble')",1,0,1
"('Bard', 'Ivern', 'Jhin', 'Mordekaiser', 'Qiyana')",0,1,1
"('Akali', 'Jinx', 'Qiyana', 'Sona', 'Volibear')",1,0,1
"('LeBlanc', 'Lucian', 'Pyke', 'Tryndamere', 'Wukong')",1,0,1
"('Kindred', 'Qiyana', 'Rumble', 'Taric', 'Xayah')",0,1,1
"('Aurelion Sol', 'Graves', 'Qiyana', 'Senna', 'Twisted Fate')",1,0,1
"('Ashe', 'Azir', 'Briar', 'Corki', ""K'Sante"")",0,1,1
"('Elise', ""Kai'Sa"", 'LeBlanc', 'Qiyana', 'Riven')",0,1,1
"('Aphelios', 'Ekko', 'Rakan', 'Skarner', 'Viego')",1,0,1
"('Corki', 'Nautilus', 'Shen', 'Taliyah', 'Tristana')",0,1,1
"('Blitzcrank', 'Elise', 'Hwei', 'Jinx', 'Riven')",1,0,1
"('Aatrox', 'Ahri', 'Lee Sin', 'Nautilus', 'Zeri')",0,1,1
"('Blitzcrank', 'Camille', ""Kai'Sa"", 'Lillia', 'Qiyana')",1,0,1
"('Braum', 'Fiddlesticks', 'Malzahar', 'Shen', 'Zeri')",1,0,1
"('Alistar', 'Gragas', ""Kai'Sa"", 'Qiyana', 'Viego')",0,1,1
"('Ashe', 'Hwei', 'Leona', 'Rengar', 'Riven')",1,0,1
"('Jayce', 'Jinx', 'Nautilus', 'Nidalee', 'Sett')",0,1,1
"('Blitzcrank', ""Kai'Sa"", 'Kindred', 'Rumble', 'Urgot')",0,1,1
"('Nautilus', 'Nidalee', 'Samira', 'Tristana', 'Tryndamere')",0,1,1
"(""K'Sante"", ""Kha'Zix"", 'LeBlanc', 'Lulu', 'Varus')",0,1,1
"('Corki', 'Gwen', 'Lillia', 'Pyke', 'Qiyana')",0,1,1
"('Aphelios', 'Aurelion Sol', 'Braum', 'Pantheon', 'Skarner')",0,1,1
"('Ahri', 'Corki', 'Dr. Mundo', 'Rakan', 'Xin Zhao')",1,0,1
"('Caitlyn', 'Cassiopeia', 'Rell', 'Rumble', 'Viego')",0,1,1
"('Corki', ""K'Sante"", 'Karthus', 'Nautilus', 'Zeri')",1,0,1
"('Ashe', 'Fiddlesticks', 'Janna', ""K'Sante"", 'Twisted Fate')",1,0,1
"('Briar', 'Jinx', 'Leona', 'Skarner', 'Sylas')",1,0,1
"('Bard', 'Cassiopeia', ""K'Sante"", 'Taliyah', 'Tristana')",1,0,1
"('Akshan', 'Cassiopeia', 'Mordekaiser', 'Thresh', 'Xin Zhao')",1,0,1
"('Dr. Mundo', 'Lucian', 'Nidalee', 'Tristana', 'Yuumi')",0,1,1
"('Diana', 'Dr. Mundo', ""Kai'Sa"", 'Rell', 'Talon')",0,1,1
"('Ashe', 'Caitlyn', ""K'Sante"", 'Lillia', 'Twisted Fate')",1,0,1
"('Ashe', 'Hecarim', 'Thresh', 'Twisted Fate', 'Varus')",1,0,1
"('Aatrox', 'Lee Sin', 'Lucian', 'Sylas', 'Twisted Fate')",1,0,1
"('Brand', 'Dr. Mundo', 'Draven', 'Rakan', 'Tristana')",0,1,1
"('Cassiopeia', 'Draven', 'Renata Glasc', 'Skarner', 'Viego')",0,1,1
"('Corki', ""K'Sante"", 'Katarina', 'Rell', 'Viego')",0,1,1
"(""Bel'Veth"", 'Caitlyn', 'Nautilus', 'Shaco', 'Sylas')",0,1,1
"('Cassiopeia', 'Graves', 'Pantheon', 'Poppy', 'Tristana')",1,0,1
"('Graves', 'Lucian', 'Ornn', 'Rell', 'Singed')",1,0,1
"('Akali', ""Kai'Sa"", 'Karthus', 'Riven', 'Thresh')",0,1,1
"('Dr. Mundo', 'Jinx', 'Orianna', ""Rek'Sai"", 'Sona')",1,0,1
"(""K'Sante"", 'Malzahar', 'Rakan', 'Varus', 'Viego')",1,0,1
"('Corki', 'Darius', 'Diana', 'Talon', 'Thresh')",0,1,1
"('Galio', ""Kai'Sa"", 'Nautilus', 'Nidalee', 'Skarner')",0,1,1
"('Ashe', 'Graves', 'Hwei', 'Skarner', 'Varus')",0,1,1
"('Aatrox', 'Lee Sin', 'Nautilus', 'Sylas', 'Xayah')",0,1,1
"('Dr. Mundo', ""Kai'Sa"", 'Karthus', 'Katarina', 'Nautilus')",1,0,1
"('Ashe', 'Dr. Mundo', 'Seraphine', 'Taliyah', 'Zac')",1,0,1
"('Ashe', 'Dr. Mundo', 'Jax', 'LeBlanc', 'Miss Fortune')",0,1,1
"('Akshan', 'Camille', 'Dr. Mundo', 'Lucian', 'Taliyah')",1,0,1
"('Lillia', 'Pyke', 'Tristana', 'Udyr', 'Zeri')",0,1,1
"('Ahri', 'Lee Sin', 'Nautilus', 'Renekton', 'Zeri')",0,1,1
"('Akshan', 'Cassiopeia', 'Leona', 'Vayne', 'Xin Zhao')",1,0,1
"('Corki', 'Nautilus', 'Nidalee', 'Riven', 'Varus')",1,0,1
"('Aatrox', 'Camille', 'Cassiopeia', 'Katarina', 'Viego')",1,0,1
"('Ekko', 'Jinx', 'Shaco', 'Thresh', 'Volibear')",0,1,1
"('Dr. Mundo', 'Ekko', 'Poppy', 'Samira', 'Yasuo')",0,1,1
"('Graves', 'Hwei', 'Rell', 'Rumble', 'Twisted Fate')",1,0,1
"('Aurelion Sol', 'Dr. Mundo', 'Nautilus', 'Samira', 'Vi')",1,0,1
"('Corki', 'Lillia', 'Rell', 'Samira', 'Skarner')",0,1,1
"('Aphelios', 'Rell', 'Skarner', 'Twisted Fate', 'Xin Zhao')",1,0,1
"('Bard', 'Caitlyn', 'Jax', 'Karthus', 'Kled')",0,1,1
"('Corki', 'Dr. Mundo', 'Lissandra', 'Pyke', 'Viego')",0,1,1
"('Cassiopeia', 'Jayce', 'Pyke', 'Twisted Fate', 'Viego')",1,0,1
"('Fizz', 'Jayce', 'Kalista', 'Lillia', 'Taric')",0,1,1
"(""Kai'Sa"", 'Katarina', 'Lee Sin', 'Skarner', 'Taric')",0,1,1
"('Akshan', 'Aphelios', 'Jarvan IV', 'Jax', 'Thresh')",1,0,1
"('Cassiopeia', 'Fiora', 'Karthus', 'Seraphine', 'Talon')",1,0,1
"('Jax', 'Lillia', 'Nautilus', 'Tristana', 'Zeri')",1,0,1
"('Ahri', 'Cassiopeia', 'Jax', 'Nautilus', 'Viego')",0,1,1
"('Alistar', 'Camille', ""Kai'Sa"", 'LeBlanc', ""Rek'Sai"")",1,0,1
"('Akshan', 'Lillia', 'Lux', 'Varus', 'Viego')",0,1,1
"('Camille', 'Jayce', ""Kai'Sa"", 'Karthus', 'Skarner')",0,1,1
"('Bard', 'Cassiopeia', 'Jax', 'Lee Sin', 'Zoe')",1,0,1
"('Corki', 'Dr. Mundo', 'Fiddlesticks', 'Hwei', 'Lulu')",0,1,1
"('Ashe', 'Braum', 'Cassiopeia', 'Gnar', 'Graves')",0,1,1
"('Corki', 'Fiddlesticks', 'Poppy', 'Shen', 'Smolder')",1,0,1
"('Alistar', 'Cassiopeia', 'Galio', 'Graves', 'Urgot')",1,0,1
"('Hecarim', 'Rakan', 'Rumble', 'Viego', 'Xayah')",0,1,1
"('Cassiopeia', 'Hecarim', 'Rumble', 'Viego', 'Zeri')",0,1,1
"('Akali', 'Graves', 'Hwei', 'Jinx', 'Lulu')",0,1,1
"('Bard', 'Jhin', 'Nasus', 'Qiyana', 'Rengar')",0,1,1
"('Qiyana', 'Rell', 'Rumble', 'Taliyah', 'Varus')",1,0,1
"('Aatrox', 'Ahri', 'Lee Sin', 'Lucian', 'Nami')",1,0,1
"('Alistar', 'Cassiopeia', 'Lucian', 'Sett', 'Xin Zhao')",1,0,1
"('Akali', 'Amumu', 'Gnar', ""Kai'Sa"", 'Zilean')",1,0,1
"('Ashe', 'Hecarim', 'Mordekaiser', 'Rakan', 'Viego')",1,0,1
"('Ashe', ""Bel'Veth"", 'Jax', 'Orianna', 'Rumble')",1,0,1
"('Ahri', 'Bard', 'Irelia', 'Xin Zhao', 'Ziggs')",1,0,1
"('Draven', 'Jayce', 'Taliyah', 'Thresh', 'Zac')",0,1,1
"('Cassiopeia', ""Kha'Zix"", 'Rell', 'Skarner', 'Twisted Fate')",1,0,1
"('Akali', 'Cassiopeia', 'Irelia', 'Master Yi', 'Zyra')",0,1,1
"('Amumu', 'Gangplank', ""Kai'Sa"", 'Lucian', 'Rell')",0,1,1
"('Akali', 'Graves', 'Kennen', 'Lucian', 'Nautilus')",0,1,1
"('Aatrox', 'Corki', 'Nautilus', 'Skarner', 'Syndra')",0,1,1
"('Ashe', 'Jayce', 'Kindred', 'Nautilus', 'Orianna')",0,1,1
"('Corki', 'Nautilus', 'Nidalee', 'Ornn', 'Senna')",1,0,1
"('Akali', 'Ashe', 'Galio', 'Lee Sin', 'Renekton')",1,0,1
"('Blitzcrank', ""Kai'Sa"", 'Pantheon', 'Poppy', 'Zoe')",1,0,1
"(""Kai'Sa"", 'Kennen', 'Nautilus', 'Nidalee', 'Yone')",0,1,1
"('Aphelios', 'Nidalee', 'Rell', 'Tristana', 'Twisted Fate')",1,0,1
"(""Kai'Sa"", 'Leona', 'Rumble', 'Singed', 'Yone')",1,0,1
"('Ashe', ""Bel'Veth"", 'Lulu', 'Skarner', 'Syndra')",1,0,1
"('Ashe', 'Corki', 'Hwei', 'Lee Sin', 'Yasuo')",1,0,1
"('Rakan', 'Renekton', 'Shaco', 'Varus', 'Xerath')",1,0,1
"('Ezreal', ""K'Sante"", 'Lillia', 'Nautilus', 'Tristana')",0,1,1
"('Ashe', 'Blitzcrank', 'Ivern', 'Twisted Fate', 'Yone')",1,0,1
"('Alistar', 'Graves', 'Hwei', 'Jayce', ""Kai'Sa"")",1,0,1
"('Akali', 'Kalista', 'Nautilus', 'Taliyah', 'Yone')",0,1,1
"('Braum', 'Jax', ""Kai'Sa"", 'Skarner', 'Zoe')",1,0,1
"('Jhin', ""K'Sante"", 'Lee Sin', 'Taliyah', 'Thresh')",0,1,1
"('Draven', 'Hecarim', 'Shen', 'Thresh', 'Zoe')",1,0,1
"(""Bel'Veth"", 'Hwei', 'Leona', 'Renekton', 'Varus')",0,1,1
"('Ashe', 'Aurelion Sol', ""Kha'Zix"", 'Rakan', 'Ryze')",0,1,1
"('Alistar', 'Karthus', 'Nocturne', 'Samira', 'Tristana')",1,0,1
"('Ahri', ""Kai'Sa"", 'Ornn', 'Poppy', 'Wukong')",0,1,1
"('Annie', 'Jinx', 'Skarner', 'Tahm Kench', 'Viego')",1,0,1
"('Ezreal', 'Hecarim', 'Irelia', 'LeBlanc', 'Lulu')",1,0,1
"('Bard', 'Fiddlesticks', 'Jhin', 'Skarner', 'Yone')",0,1,1
"('Bard', 'Gragas', 'Hwei', 'Jhin', 'Lee Sin')",1,0,1
"('Aphelios', 'Camille', ""Kha'Zix"", 'LeBlanc', 'Thresh')",1,0,1
"('Corki', 'Fiora', ""Kai'Sa"", 'Lillia', 'Nautilus')",1,0,1
"('Alistar', 'Aurelion Sol', ""Kai'Sa"", 'Nidalee', 'Renekton')",1,0,1
"('Hwei', ""Kai'Sa"", 'Nocturne', 'Sett', 'Shen')",1,0,1
"('Darius', 'Syndra', 'Twitch', 'Vi', 'Yuumi')",1,0,1
"('Akali', 'Blitzcrank', 'Kindred', 'Samira', 'Zyra')",0,1,1
"('Blitzcrank', ""Kai'Sa"", 'LeBlanc', 'Riven', 'Viego')",0,1,1
"('Darius', 'Graves', 'Nautilus', 'Neeko', ""Vel'Koz"")",1,0,1
"('Blitzcrank', 'Corki', 'Hwei', 'Ornn', 'Viego')",0,1,1
"('Ahri', 'Jax', 'Jinx', 'Lulu', 'Rengar')",0,1,1
"('Jhin', 'LeBlanc', 'Lee Sin', 'Rakan', 'Skarner')",1,0,1
"('Aphelios', 'Jayce', 'Nautilus', 'Nidalee', 'Sylas')",1,0,1
"('Irelia', 'Jax', 'Jinx', 'Nidalee', 'Rell')",0,1,1
"('Gragas', 'Naafiri', 'Seraphine', 'Tahm Kench', 'Tristana')",1,0,1
"('Corki', 'Elise', 'Jinx', 'Skarner', 'Tahm Kench')",1,0,1
"('Ashe', 'LeBlanc', 'Rumble', 'Seraphine', 'Talon')",0,1,1
"('Akshan', 'Aphelios', 'Lee Sin', 'Nautilus', 'Sett')",0,1,1
"('Ashe', 'Heimerdinger', 'LeBlanc', 'Senna', 'Viego')",0,1,1
"('Alistar', 'Jayce', 'Jinx', 'Lillia', 'Renekton')",1,0,1
"('Aatrox', 'Camille', 'Evelynn', 'Maokai', 'Senna')",1,0,1
"('Ashe', 'Hwei', 'Lee Sin', 'Lulu', 'Tryndamere')",0,1,1
"('Ashe', 'Camille', 'Hecarim', 'Hwei', 'Jhin')",0,1,1
"('Alistar', 'Gragas', ""Kai'Sa"", 'Qiyana', 'Tristana')",1,0,1
"('Blitzcrank', 'Graves', ""Kai'Sa"", 'Rumble', 'Swain')",0,1,1
"('Camille', 'Jayce', 'Miss Fortune', 'Riven', 'Taliyah')",1,0,1
"('Cassiopeia', 'Jayce', 'Leona', 'Taliyah', 'Tristana')",1,0,1
"(""Bel'Veth"", 'Cassiopeia', ""K'Sante"", 'Rell', 'Taliyah')",0,1,1
"(""Bel'Veth"", 'Gragas', 'Hwei', 'Neeko', 'Yasuo')",0,1,1
"('Akali', 'Lee Sin', 'Pyke', 'Sion', 'Varus')",1,0,1
"('Ashe', 'Aurelion Sol', 'Hecarim', 'Lulu', 'Renekton')",0,1,1
"('Aphelios', 'Neeko', 'Nunu & Willump', 'Orianna', 'Renekton')",0,1,1
"('Camille', 'Draven', 'Nidalee', 'Renekton', 'Tristana')",1,0,1
"(""Bel'Veth"", 'Cassiopeia', 'Dr. Mundo', 'Nautilus', 'Taliyah')",0,1,1
"('Braum', 'Camille', ""Kai'Sa"", 'Lee Sin', 'Viktor')",1,0,1
"('Camille', ""Kai'Sa"", 'Rumble', 'Tristana', 'Viego')",1,0,1
"('Ahri', 'Ashe', 'Hecarim', 'Lux', 'Malphite')",1,0,1
"('Mordekaiser', 'Nautilus', 'Nidalee', 'Renekton', 'Varus')",1,0,1
"('Akali', 'Kayn', 'Nautilus', 'Rumble', 'Varus')",0,1,1
"('Ashe', 'Galio', 'Graves', 'Jayce', 'Rumble')",1,0,1
"('Corki', 'Lillia', 'Nautilus', 'Ornn', 'Zeri')",0,1,1
"('Heimerdinger', 'Jhin', 'Skarner', 'Twisted Fate', 'Varus')",1,0,1
"('Akshan', 'Aphelios', 'Blitzcrank', 'Jayce', 'Nidalee')",1,0,1
"('Alistar', 'Jarvan IV', 'Jinx', 'Orianna', 'Zac')",0,1,1
"('Caitlyn', 'Heimerdinger', ""K'Sante"", 'Sylas', 'Viego')",0,1,1
"('Jarvan IV', ""Kai'Sa"", 'Rell', 'Shen', 'Sylas')",1,0,1
"('Ashe', ""Rek'Sai"", 'Renata Glasc', 'Rumble', 'Yasuo')",1,0,1
"('Akali', 'Braum', 'Renekton', 'Vi', 'Xayah')",1,0,1
"('Caitlyn', 'Fiddlesticks', 'Hwei', 'Irelia', 'Singed')",1,0,1
"('Hwei', 'Jax', 'Jinx', 'Lulu', 'Skarner')",0,1,1
"('Bard', ""Bel'Veth"", 'Camille', 'Qiyana', 'Smolder')",1,0,1
"('Jinx', 'Lillia', 'Pyke', 'Qiyana', 'Teemo')",1,0,1
"('Jayce', 'Karthus', 'Nautilus', 'Riven', 'Senna')",1,0,1
"(""Kha'Zix"", 'Nautilus', 'Twisted Fate', 'Viego', 'Ziggs')",0,1,1
"('Irelia', 'Karma', 'Lee Sin', 'Varus', 'Vladimir')",1,0,1
"('Akali', 'Blitzcrank', 'Darius', 'Kindred', 'Zeri')",1,0,1
"('Aatrox', 'Jhin', 'Neeko', 'Seraphine', 'Taliyah')",0,1,1
"('Akali', 'Hwei', ""Rek'Sai"", 'Seraphine', 'Zeri')",1,0,1
"('Akali', 'Ashe', 'Graves', 'Nautilus', 'Warwick')",1,0,1
"('Azir', 'Jhin', 'Taliyah', 'Xerath', 'Zed')",1,0,1
"('Corki', 'Hwei', 'Lux', 'Sett', 'Wukong')",1,0,1
"('Corki', 'Lee Sin', 'Nautilus', 'Sylas', 'Twisted Fate')",1,0,1
"('Jax', 'Jhin', 'Nidalee', 'Soraka', 'Zed')",0,1,1
"('Corki', 'Graves', 'Gwen', 'Rell', 'Syndra')",0,1,1
"('Camille', 'Corki', 'Diana', 'Ekko', 'Karma')",1,0,1
"('Ashe', ""Bel'Veth"", 'Camille', 'Corki', 'Karthus')",1,0,1
"('Akshan', 'Corki', 'Fiddlesticks', 'Rakan', ""Rek'Sai"")",1,0,1
"('Azir', ""Kai'Sa"", 'Pyke', 'Skarner', 'Xin Zhao')",1,0,1
"('Ahri', 'Gwen', ""Kai'Sa"", 'Lee Sin', 'Pyke')",1,0,1
"('Aurelion Sol', 'Graves', 'Lux', 'Urgot', 'Varus')",1,0,1
"('Akali', 'Jax', 'Jhin', ""Kha'Zix"", 'Singed')",0,1,1
"('Akali', 'Bard', 'Jhin', 'Lee Sin', ""Rek'Sai"")",1,0,1
"('Ashe', 'Camille', 'Hecarim', 'Renata Glasc', 'Tryndamere')",0,1,1
"('Aphelios', 'Gragas', 'Jayce', 'Sylas', 'Talon')",1,0,1
"('Jinx', 'Nidalee', 'Pantheon', 'Skarner', 'Soraka')",1,0,1
"('Darius', 'Neeko', 'Senna', ""Vel'Koz"", 'Viego')",0,1,1
"('Corki', 'Jax', 'Shaco', 'Sona', 'Viego')",1,0,1
"('Jax', 'Katarina', 'Rell', 'Taliyah', 'Varus')",0,1,1
"('Corki', 'Galio', 'Nidalee', 'Udyr', 'Viego')",1,0,1
"('Jhin', ""K'Sante"", 'Kindred', 'Sylas', 'Zyra')",1,0,1
"('Gangplank', 'Graves', 'Nautilus', 'Sylas', 'Tristana')",1,0,1
"('Jhin', 'Kennen', 'Leona', 'Tryndamere', 'Viego')",1,0,1
"('Dr. Mundo', ""Kai'Sa"", 'Nautilus', 'Nidalee', 'Twisted Fate')",1,0,1
"('Ahri', 'Jinx', 'Lulu', 'Nidalee', 'Viego')",1,0,1
"('Akshan', 'Karthus', 'Pantheon', 'Rakan', 'Zeri')",1,0,1
"('Ashe', 'Irelia', 'Milio', 'Taliyah', 'Zed')",0,1,1
"('Diana', 'Kennen', 'Lucian', 'Thresh', 'Viego')",1,0,1
"('Nidalee', 'Rell', 'Samira', 'Xerath', 'Yasuo')",1,0,1
"('Cassiopeia', 'LeBlanc', 'Lee Sin', 'Rakan', 'Zeri')",1,0,1
"('Brand', ""Kha'Zix"", 'Neeko', 'Smolder', 'Varus')",0,1,1
"('Kindred', 'LeBlanc', 'Rakan', 'Rumble', 'Twitch')",0,1,1
"('Ezreal', 'Karma', 'LeBlanc', ""Rek'Sai"", 'Warwick')",1,0,1
"('Aurelion Sol', 'Blitzcrank', ""Kai'Sa"", 'Talon', 'Yone')",1,0,1
"('Kalista', 'Nautilus', 'Taliyah', 'Tristana', 'Tryndamere')",1,0,1
"('Jarvan IV', 'Kennen', 'LeBlanc', 'Rell', 'Varus')",0,1,1
"('Gragas', 'Irelia', ""Kai'Sa"", 'Nautilus', 'Nidalee')",0,1,1
"('Braum', 'Jinx', ""Rek'Sai"", 'Renekton', 'Vex')",0,1,1
"('Aurelion Sol', 'Blitzcrank', 'Graves', 'Lucian', 'Rumble')",1,0,1
"('Corki', 'Galio', ""Rek'Sai"", 'Shen', 'Thresh')",0,1,1
"('Corki', 'Jayce', 'Leona', 'Sylas', 'Yone')",1,0,1
"('Elise', 'LeBlanc', 'Pantheon', 'Rakan', 'Zeri')",0,1,1
"('Jhin', 'Karma', ""Kha'Zix"", 'Taliyah', 'Urgot')",0,1,1
"('Jayce', 'Jinx', 'Milio', 'Nidalee', 'Twisted Fate')",1,0,1
"('Graves', 'Hwei', 'Jinx', 'Renekton', 'Seraphine')",1,0,1
"('Jinx', 'LeBlanc', 'Skarner', 'Thresh', 'Viego')",1,0,1
"('Akali', 'Ashe', ""Bel'Veth"", 'Lulu', 'Rumble')",1,0,1
"('Jinx', 'Shen', 'Taliyah', 'Thresh', 'Yone')",1,0,1
"('Graves', 'Orianna', 'Rakan', 'Tristana', 'Tryndamere')",1,0,1
"('Draven', 'Jax', 'LeBlanc', 'Lee Sin', 'Renata Glasc')",0,1,1
"('Ahri', 'Braum', ""Kha'Zix"", 'LeBlanc', 'Zeri')",1,0,1
"('Aatrox', 'LeBlanc', 'Lee Sin', 'Rakan', 'Zeri')",1,0,1
"('Kindred', 'Sylas', 'Tristana', 'Varus', 'Zoe')",0,1,1
"(""Kai'Sa"", 'Nidalee', 'Thresh', 'Udyr', 'Zed')",1,0,1
"('Ashe', 'Renekton', 'Twisted Fate', 'Twitch', 'Viego')",1,0,1
"('Ahri', 'Ashe', 'Braum', 'Nidalee', 'Urgot')",0,1,1
"('Ahri', 'Ashe', 'Blitzcrank', 'Darius', ""Rek'Sai"")",1,0,1
"('Azir', 'Blitzcrank', 'Brand', 'Draven', 'Lee Sin')",0,1,1
"('Ahri', 'Camille', 'Ezreal', 'Hecarim', 'Karma')",1,0,1
"('Ashe', 'Ekko', 'Jax', ""Kai'Sa"", 'Tristana')",1,0,1
"('Camille', 'Quinn', 'Viego', 'Zed', 'Ziggs')",0,1,1
"('Jax', 'Nidalee', 'Qiyana', 'Seraphine', 'Sivir')",1,0,1
"('Azir', 'Ezreal', ""Kha'Zix"", 'Poppy', 'Skarner')",0,1,1
"('Jayce', 'Jhin', 'Leona', 'Nunu & Willump', 'Tristana')",1,0,1
"('Akali', 'Braum', 'Lucian', 'Rengar', 'Viego')",1,0,1
"('Gnar', 'Jinx', 'Nautilus', 'Orianna', 'Skarner')",0,1,1
"('Akali', 'Draven', 'Graves', 'Jayce', 'Rell')",0,1,1
"('Fiddlesticks', 'Jayce', 'Lee Sin', 'Rakan', 'Varus')",1,0,1
"('Ahri', 'Neeko', ""Rek'Sai"", 'Varus', 'Xin Zhao')",1,0,1
"('Alistar', 'Sylas', 'Vayne', 'Viego', 'Zeri')",0,1,1
"('Ahri', 'Alistar', 'Jayce', 'Rengar', 'Varus')",1,0,1
"('Bard', 'Galio', 'Graves', 'Jax', 'Tristana')",1,0,1
"('Camille', 'Jayce', 'Lulu', 'Smolder', 'Taliyah')",1,0,1
"('Jax', ""Kai'Sa"", ""Kha'Zix"", 'LeBlanc', 'Nautilus')",1,0,1
"('Aphelios', 'Cassiopeia', 'Elise', 'Rell', 'Renekton')",0,1,1
"(""Kai'Sa"", 'Skarner', 'Taliyah', 'Viego', 'Yone')",1,0,1
"('Heimerdinger', 'Jayce', 'Tristana', 'Xin Zhao', 'Zyra')",0,1,1
"('Corki', 'Fiddlesticks', 'Jhin', 'Skarner', 'Zoe')",1,0,1
"('Ahri', 'Graves', 'Jhin', 'Malphite', 'Zoe')",0,1,1
"('Karma', 'Nidalee', 'Shen', 'Tristana', 'Zeri')",1,0,1
"('Camille', 'Dr. Mundo', 'Ekko', 'Graves', 'Tristana')",1,0,1
"('Akali', 'Ashe', 'Graves', 'Nautilus', 'Pantheon')",1,0,1
"('Corki', 'Draven', 'Elise', 'Garen', 'Nautilus')",0,1,1
"('Galio', 'Graves', 'Renekton', 'Swain', 'Zeri')",1,0,1
"('Ashe', 'Kalista', 'Kennen', 'Shaco', 'Viktor')",1,0,1
"('Cassiopeia', 'Hwei', ""Kai'Sa"", 'Nautilus', 'Talon')",1,0,1
"('Corki', 'Gnar', 'Rakan', 'Singed', 'Viego')",1,0,1
"('Jhin', 'Nautilus', 'Nidalee', 'Pantheon', 'Qiyana')",1,0,1
"('Aatrox', 'Akali', 'Ezreal', 'Graves', 'Shaco')",1,0,1
"('Dr. Mundo', 'Rell', 'Twisted Fate', 'Viego', 'Zeri')",1,0,1
"('Camille', 'Nidalee', 'Orianna', 'Rakan', 'Zeri')",0,1,1
"('Galio', 'Jarvan IV', 'Rumble', 'Varus', 'Zyra')",0,1,1
"('Alistar', 'Nidalee', 'Renekton', 'Seraphine', 'Zed')",1,0,1
"('Azir', 'Gwen', ""Kai'Sa"", 'Leona', 'Vi')",0,1,1
"('Jinx', 'Nidalee', 'Rell', 'Skarner', 'Vex')",1,0,1
"('Ezreal', 'Pyke', 'Skarner', 'Taliyah', 'Yone')",1,0,1
"('Rakan', 'Taliyah', 'Tryndamere', 'Twisted Fate', 'Xayah')",0,1,1
"('Jax', 'Jinx', 'Qiyana', 'Rell', 'Taliyah')",1,0,1
"('Irelia', ""Kai'Sa"", 'Nidalee', 'Sett', 'Sion')",1,0,1
"('Hecarim', 'Jax', 'Jhin', 'Nami', 'Twisted Fate')",0,1,1
"(""Kai'Sa"", 'Maokai', 'Nidalee', 'Skarner', 'Yone')",1,0,1
"('Aphelios', 'Aurelion Sol', 'Graves', 'Lulu', 'Teemo')",1,0,1
"('Cassiopeia', 'Seraphine', 'Vex', 'Viego', 'Zeri')",1,0,1
"('Alistar', 'Gnar', ""Kai'Sa"", 'Nidalee', 'Poppy')",1,0,1
"('Aphelios', 'Elise', 'Jayce', 'Nautilus', 'Zoe')",1,0,1
"('Galio', 'Lee Sin', 'Malphite', 'Senna', 'Zoe')",0,1,1
"('Darius', 'Lulu', 'Qiyana', ""Rek'Sai"", 'Zeri')",0,1,1
"('Corki', 'Lillia', 'Skarner', 'Yuumi', 'Zeri')",0,1,1
"('Ashe', 'Lissandra', 'Nidalee', 'Seraphine', 'Skarner')",1,0,1
"('Ashe', 'Camille', 'Nautilus', 'Taliyah', 'Viego')",0,1,1
"('Gnar', ""Kai'Sa"", 'Lux', 'Nidalee', 'Pantheon')",1,0,1
"('Aphelios', 'Jayce', 'Nidalee', 'Shen', 'Thresh')",1,0,1
"('Aatrox', 'Akali', 'Ashe', 'Rell', 'Vi')",0,1,1
"('Camille', ""Kai'Sa"", 'Taliyah', 'Tristana', 'Wukong')",0,1,1
"('Jax', 'Lillia', 'Nasus', 'Rakan', 'Zeri')",1,0,1
"('Akali', 'Blitzcrank', ""Kai'Sa"", 'Sylas', 'Tristana')",0,1,1
"('Caitlyn', 'Hwei', 'Jax', 'Lillia', 'Seraphine')",0,1,1
"('Camille', 'Elise', ""Kai'Sa"", 'Urgot', 'Yone')",1,0,1
"('Aatrox', 'Brand', 'Naafiri', 'Rell', 'Samira')",1,0,1
"('Ashe', 'Galio', 'Irelia', ""Kha'Zix"", 'Seraphine')",1,0,1
"('Akali', 'Alistar', 'Graves', 'Skarner', 'Tristana')",1,0,1
"('Corki', 'Graves', 'Neeko', 'Rell', 'Skarner')",0,1,1
"('Fiddlesticks', 'Nautilus', 'Quinn', 'Varus', 'Vex')",0,1,1
"('Camille', 'Gwen', 'Jinx', 'Master Yi', 'Milio')",1,0,1
"('Akshan', 'Lucian', 'Skarner', 'Taliyah', 'Thresh')",0,1,1
"('Corki', 'Katarina', 'Seraphine', 'Skarner', 'Xin Zhao')",0,1,1
"('Fiora', 'Jarvan IV', ""Kai'Sa"", 'Lee Sin', 'Xerath')",0,1,1
"('Camille', 'Kalista', 'Kennen', ""Kha'Zix"", 'Tryndamere')",0,1,1
"('Alistar', 'Ashe', 'Katarina', 'Lillia', 'Wukong')",0,1,1
"('Akali', ""Kha'Zix"", 'Pyke', 'Skarner', 'Zeri')",0,1,1
"('Alistar', 'Dr. Mundo', 'Lux', 'Smolder', 'Warwick')",0,1,1
"('Lucian', 'Nautilus', 'Nidalee', 'Qiyana', 'Vladimir')",0,1,1
"('Ashe', 'Corki', 'Katarina', 'Nocturne', 'Taliyah')",0,1,1
"('Jax', ""Kha'Zix"", 'Skarner', 'Taliyah', 'Zeri')",1,0,1
"('Aurelion Sol', ""Kha'Zix"", 'Tristana', 'Vex', 'Volibear')",1,0,1
"('Akshan', ""Kog'Maw"", 'Rakan', 'Skarner', 'Taliyah')",0,1,1
"('Corki', ""K'Sante"", 'Pyke', 'Qiyana', 'Taliyah')",0,1,1
"('Aatrox', 'Corki', 'Ivern', 'Nautilus', 'Sylas')",1,0,1
"('Azir', ""Kai'Sa"", 'Nautilus', 'Pantheon', 'Skarner')",1,0,1
"('Ashe', 'Nasus', 'Nidalee', 'Qiyana', 'Shen')",0,1,1
"('Braum', 'Corki', 'Hwei', 'Jayce', 'Nidalee')",1,0,1
"('Ashe', 'Azir', 'Jax', 'Lee Sin', 'Lux')",0,1,1
"('Corki', 'Lulu', 'Nidalee', 'Rumble', 'Zeri')",0,1,1
"(""Kai'Sa"", 'Kennen', 'Nautilus', 'Nidalee', 'Qiyana')",0,1,1
"('Akshan', 'Fiddlesticks', 'Galio', 'Jayce', 'Zeri')",0,1,1
"('Azir', 'Camille', 'Jayce', ""Kai'Sa"", 'Warwick')",0,1,1
"('Gwen', ""Kai'Sa"", 'LeBlanc', 'Rakan', ""Rek'Sai"")",0,1,1
"('Ashe', 'Cassiopeia', 'Diana', 'Nasus', 'Renekton')",1,0,1
"('Corki', 'Janna', 'Jayce', 'Taliyah', 'Wukong')",0,1,1
"('Camille', 'Dr. Mundo', 'Hwei', 'Jhin', 'Lee Sin')",0,1,1
"('Jax', 'Jinx', 'Rell', 'Taliyah', 'Tristana')",0,1,1
"('Ekko', 'Jinx', 'Olaf', 'Thresh', 'Tristana')",0,1,1
"('Katarina', 'Rell', 'Renekton', 'Samira', 'Shaco')",1,0,1
"('Ezreal', 'Hwei', 'Jax', 'Talon', 'Zoe')",0,1,1
"('Ashe', 'Kennen', 'Nautilus', 'Tristana', 'Zyra')",0,1,1
"('Camille', 'Corki', 'LeBlanc', 'Rumble', 'Thresh')",0,1,1
"('Aphelios', 'Brand', 'Jayce', 'Thresh', 'Warwick')",0,1,1
"('Alistar', 'Corki', 'Jayce', 'Samira', 'Taliyah')",1,0,1
"('Jax', 'Lucian', 'Nautilus', 'Sylas', 'Viego')",1,0,1
"('Blitzcrank', 'Jax', ""Kai'Sa"", 'Katarina', 'Lee Sin')",0,1,1
"('Cassiopeia', 'Senna', 'Skarner', ""Vel'Koz"", 'Viego')",1,0,1
"('Alistar', 'Camille', 'Hwei', 'Jinx', 'Nidalee')",1,0,1
"('Nidalee', 'Pantheon', 'Rakan', 'Skarner', 'Zeri')",1,0,1
"('Cassiopeia', 'Graves', 'Hwei', 'Rell', 'Yone')",1,0,1
"('Hwei', 'Jhin', 'Kennen', 'Kindred', 'Nautilus')",1,0,1
"('Ashe', 'Lee Sin', 'Rumble', 'Sylas', 'Warwick')",1,0,1
"('Akali', 'Bard', 'Camille', 'Draven', 'Elise')",1,0,1
"('Anivia', 'Cassiopeia', 'Rell', 'Trundle', 'Vayne')",0,1,1
"('Ivern', 'Jinx', 'Kennen', 'Lulu', 'Tristana')",0,1,1
"('Camille', 'Jhin', 'Neeko', 'Nidalee', 'Yone')",0,1,1
"('Bard', ""K'Sante"", 'Katarina', 'Taliyah', 'Zeri')",0,1,1
"('Jax', ""Kai'Sa"", ""Kha'Zix"", 'Rell', 'Taliyah')",1,0,1
"('Corki', 'LeBlanc', 'Nunu & Willump', 'Riven', 'Soraka')",1,0,1
"('Camille', 'Cassiopeia', ""Rek'Sai"", 'Talon', 'Thresh')",0,1,1
"('Ashe', 'Jax', 'LeBlanc', 'Lee Sin', 'Rell')",0,1,1
"('Jayce', 'Leona', 'Taliyah', 'Varus', 'Vex')",1,0,1
"('Lucian', 'Nami', 'Rumble', 'Vex', 'Vi')",1,0,1
"('Cassiopeia', 'Fiora', 'LeBlanc', 'Maokai', ""Rek'Sai"")",0,1,1
"('Akali', 'Lee Sin', 'Nautilus', 'Twisted Fate', 'Yasuo')",1,0,1
"('Corki', 'Jayce', 'Kindred', 'Nami', 'Taliyah')",1,0,1
"('Alistar', 'Dr. Mundo', 'Nidalee', 'Sivir', 'Tristana')",0,1,1
"('Jax', 'Neeko', ""Rek'Sai"", 'Seraphine', 'Zeri')",1,0,1
"('Braum', 'Ekko', 'Jayce', 'Jhin', 'Tristana')",1,0,1
"('Akali', 'Galio', 'Nautilus', 'Rengar', 'Samira')",1,0,1
"('Jax', 'Kalista', 'Rumble', 'Twisted Fate', 'Viego')",1,0,1
"('Alistar', 'Cassiopeia', 'Dr. Mundo', 'Draven', ""Rek'Sai"")",1,0,1
"('Alistar', 'Kalista', 'Lee Sin', 'Lux', 'Riven')",1,0,1
"('Braum', 'Dr. Mundo', 'Graves', 'Katarina', 'Lucian')",0,1,1
"('Dr. Mundo', 'Galio', 'Hwei', ""Kai'Sa"", 'Viego')",1,0,1
"('Ahri', ""Kai'Sa"", 'Nautilus', 'Rumble', 'Vi')",1,0,1
"('Hwei', 'Jinx', 'Rakan', 'Riven', 'Wukong')",0,1,1
"('Jayce', 'Jinx', 'Kled', 'Nautilus', 'Nidalee')",0,1,1
"('Aurelion Sol', 'Camille', 'Lucian', 'Rakan', 'Xin Zhao')",1,0,1
"('Camille', 'Cassiopeia', 'Diana', ""Rek'Sai"", 'Skarner')",0,1,1
"('Cassiopeia', 'Corki', 'Jax', 'Nidalee', 'Skarner')",0,1,1
"('Cassiopeia', 'Kennen', 'Leona', 'Sett', 'Viego')",0,1,1
"('Aphelios', 'Karthus', 'Seraphine', 'Zed', 'Zoe')",0,1,1
"('Camille', ""Kai'Sa"", 'Lulu', 'Master Yi', 'Vex')",1,0,1
"('Camille', ""Kai'Sa"", 'Kassadin', 'Thresh', 'Xin Zhao')",0,1,1
"('Aphelios', 'Jayce', 'Nautilus', 'Skarner', 'Taliyah')",0,1,1
"('Blitzcrank', 'Camille', ""Kai'Sa"", 'Nidalee', 'Yone')",0,1,1
"('Cassiopeia', 'Nautilus', 'Pantheon', 'Rumble', 'Viego')",1,0,1
"('Ahri', 'Aphelios', 'Jayce', 'Lee Sin', 'Lulu')",0,1,1
"('Akali', 'Darius', 'Jinx', 'Maokai', 'Nidalee')",0,1,1
"('Ashe', 'Hwei', 'Nunu & Willump', 'Riven', 'Seraphine')",1,0,1
"('Ashe', 'Gragas', 'Shaco', 'Syndra', 'Varus')",0,1,1
"('Blitzcrank', 'Jinx', 'Nidalee', 'Urgot', 'Yone')",1,0,1
"('Draven', 'Jax', 'Pyke', ""Rek'Sai"", 'Viktor')",0,1,1
"('Aatrox', 'Corki', 'LeBlanc', 'Seraphine', 'Viego')",1,0,1
"('Camille', 'Cassiopeia', 'Jayce', 'Nidalee', 'Pyke')",0,1,1
"('Aphelios', 'Diana', 'Jayce', 'Maokai', 'Tristana')",0,1,1
"('Gwen', 'Jinx', 'Lee Sin', 'Singed', 'Thresh')",1,0,1
"('Hwei', 'Jax', 'Nautilus', 'Rammus', 'Senna')",1,0,1
"('Cassiopeia', 'Jayce', ""Kai'Sa"", ""Rek'Sai"", 'Seraphine')",0,1,1
"('Jayce', ""Kai'Sa"", 'Morgana', 'Taliyah', 'Xin Zhao')",0,1,1
"('Jax', 'Kalista', 'Pyke', ""Rek'Sai"", 'Twisted Fate')",0,1,1
"('Camille', 'Cassiopeia', 'Nocturne', 'Rumble', 'Tristana')",1,0,1
"('Aphelios', 'Fiora', 'Rakan', 'Sylas', 'Viego')",0,1,1
"('Ekko', 'Jhin', 'Lee Sin', 'Nautilus', 'Vladimir')",1,0,1
"('Cassiopeia', 'Galio', 'Gragas', 'Udyr', 'Yone')",1,0,1
"('Gnar', 'Janna', 'Jarvan IV', 'Katarina', 'Miss Fortune')",1,0,1
"('Aatrox', 'Alistar', 'Hwei', 'Lee Sin', 'Nilah')",1,0,1
"('Aphelios', 'Azir', 'Braum', 'Lillia', 'Skarner')",0,1,1
"('Braum', 'Camille', 'Hwei', 'Kayn', 'Varus')",0,1,1
"('Ashe', 'Jayce', 'Kindred', 'Seraphine', 'Xerath')",0,1,1
"('Ashe', ""Bel'Veth"", 'Hwei', 'Nasus', 'Sylas')",1,0,1
"('Azir', ""K'Sante"", 'Lucian', 'Taric', 'Viego')",1,0,1
"(""Bel'Veth"", 'Hwei', 'Kled', 'Tristana', 'Yuumi')",0,1,1
"('Cassiopeia', 'Jax', 'Seraphine', 'Varus', 'Viego')",1,0,1
"('Corki', 'Jinx', 'Lee Sin', 'Skarner', 'Zyra')",0,1,1
"('Aphelios', 'Karma', 'Sett', 'Syndra', 'Viego')",0,1,1
"('Jarvan IV', 'Kalista', 'Olaf', 'Rell', 'Taliyah')",0,1,1
"('Gragas', 'Lee Sin', 'Nautilus', 'Tristana', 'Zoe')",1,0,1
"('Ashe', 'Blitzcrank', 'Elise', 'Irelia', 'Jax')",1,0,1
"('Blitzcrank', 'Karthus', 'Katarina', 'Varus', 'Yone')",1,0,1
"('Akali', 'Hecarim', 'Lulu', 'Yone', 'Zeri')",1,0,1
"('Cassiopeia', 'Jax', 'Lee Sin', 'Nautilus', 'Tristana')",1,0,1
"('Kalista', 'Kindred', 'Nautilus', 'Neeko', 'Olaf')",1,0,1
"('Lee Sin', 'Sylas', 'Twisted Fate', 'Zeri', 'Zyra')",1,0,1
"('Aatrox', 'Aurelion Sol', 'Lucian', 'Nami', ""Rek'Sai"")",0,1,1
"('Jayce', 'LeBlanc', 'Shaco', 'Sivir', 'Taliyah')",1,0,1
"('Cassiopeia', 'Galio', 'Kled', 'Taric', 'Xin Zhao')",0,1,1
"('Blitzcrank', 'Cassiopeia', 'Diana', 'Dr. Mundo', 'Vi')",0,1,1
"('Cassiopeia', 'Kindred', 'Ornn', 'Rell', 'Tristana')",1,0,1
"('Aatrox', 'Draven', 'Lillia', 'Seraphine', 'Tristana')",1,0,1
"(""Kai'Sa"", 'Nautilus', 'Nunu & Willump', ""Rek'Sai"", 'Renekton')",1,0,1
"('Akali', 'Ashe', 'Bard', 'Hwei', 'Lee Sin')",0,1,1
"('Ekko', 'Heimerdinger', 'Jayce', 'Nautilus', 'Tryndamere')",1,0,1
"('Cassiopeia', ""Kai'Sa"", 'Nautilus', 'Taliyah', 'Tristana')",0,1,1
"('Amumu', 'Camille', 'Cassiopeia', 'Kindred', 'Pantheon')",1,0,1
"('Cassiopeia', 'Hwei', ""Kai'Sa"", 'Maokai', 'Viego')",0,1,1
"('Camille', 'Darius', 'Qiyana', 'Rumble', 'Varus')",0,1,1
"('Corki', 'Graves', 'Ivern', 'Jayce', 'Leona')",0,1,1
"('Darius', 'Jinx', 'Nautilus', 'Taliyah', 'Tristana')",1,0,1
"('Blitzcrank', 'Hwei', ""Kai'Sa"", ""Rek'Sai"", 'Volibear')",1,0,1
"('Amumu', 'Graves', 'Illaoi', 'Miss Fortune', 'Taliyah')",1,0,1
"('Jax', 'Jinx', 'Karthus', 'LeBlanc', 'Nautilus')",0,1,1
"('Brand', ""K'Sante"", 'Nautilus', 'Samira', 'Tristana')",0,1,1
"('Ahri', 'Caitlyn', 'Camille', 'Janna', 'Lee Sin')",0,1,1
"(""Kai'Sa"", 'Nidalee', 'Sett', 'Skarner', 'Yone')",0,1,1
"('Camille', 'Corki', 'Dr. Mundo', 'Hwei', 'Viego')",1,0,1
"('Ashe', 'Gragas', 'Neeko', 'Rengar', 'Talon')",0,1,1
"('Alistar', 'Graves', 'Jax', 'Kalista', ""Vel'Koz"")",1,0,1
"('Akshan', 'Bard', 'Jayce', 'Miss Fortune', 'Nidalee')",0,1,1
"('Kalista', 'Nautilus', 'Pantheon', 'Rumble', 'Wukong')",1,0,1
"('Corki', 'Senna', 'Skarner', 'Taliyah', 'Talon')",1,0,1
"('Aurelion Sol', 'Camille', 'Kindred', 'Neeko', 'Rakan')",1,0,1
"('Aurelion Sol', 'Dr. Mundo', 'Jhin', 'Maokai', 'Skarner')",0,1,1
"('Aphelios', 'Dr. Mundo', 'Rakan', 'Shaco', 'Viktor')",1,0,1
"(""Bel'Veth"", 'Corki', 'Jax', 'Nautilus', 'Twisted Fate')",0,1,1
"('Ashe', 'Blitzcrank', 'Lillia', 'Qiyana', 'Rumble')",1,0,1
"('Dr. Mundo', 'Kayn', 'Maokai', 'Xayah', 'Xerath')",0,1,1
"('Dr. Mundo', 'Lillia', 'Qiyana', 'Rell', 'Xayah')",0,1,1
"('Dr. Mundo', 'Lee Sin', 'Lucian', 'Rell', 'Tristana')",1,0,1
"('Dr. Mundo', 'Kalista', 'Lee Sin', 'Renata Glasc', 'Vex')",1,0,1
"('Aphelios', 'Dr. Mundo', 'Karthus', 'Renata Glasc', 'Yasuo')",1,0,1
"('Dr. Mundo', 'Jinx', 'Milio', 'Qiyana', 'Taliyah')",0,1,1
"('Dr. Mundo', 'Draven', 'Nautilus', 'Taliyah', 'Tristana')",0,1,1
"('Caitlyn', 'Dr. Mundo', ""Kha'Zix"", 'Lux', 'Viktor')",1,0,1
"('Ashe', 'Fiora', 'Graves', 'LeBlanc', 'Pantheon')",0,1,1
"('Dr. Mundo', 'Elise', 'Jhin', 'Rakan', 'Tristana')",1,0,1
"('Aphelios', 'Dr. Mundo', 'Jayce', 'Morgana', 'Thresh')",1,0,1
"('Dr. Mundo', 'Nidalee', 'Ornn', 'Senna', 'Talon')",0,1,1
"('Corki', 'Dr. Mundo', 'Jayce', 'Lillia', 'Rakan')",0,1,1
"('Alistar', 'Dr. Mundo', 'Ezreal', 'Qiyana', 'Talon')",1,0,1
"('Aphelios', 'Jax', ""Rek'Sai"", 'Sylas', 'Thresh')",0,1,1
"('Ashe', 'Dr. Mundo', 'Maokai', 'Shyvana', 'Tristana')",1,0,1
"('Dr. Mundo', 'Jinx', 'Taliyah', 'Thresh', 'Yasuo')",0,1,1
"('Corki', 'Dr. Mundo', 'Kindred', 'Lissandra', 'Milio')",0,1,1
"('Akshan', 'Bard', 'Caitlyn', 'Hecarim', 'Rumble')",0,1,1
"('Akali', ""K'Sante"", 'Master Yi', 'Senna', 'Varus')",1,0,1
"('Akali', 'Caitlyn', 'Dr. Mundo', 'Gwen', 'Leona')",0,1,1
"('Dr. Mundo', 'Galio', 'Kalista', 'Kindred', 'Zoe')",1,0,1
"('Corki', ""K'Sante"", 'Senna', 'Taliyah', 'Varus')",0,1,1
"('Blitzcrank', 'Corki', 'Hwei', ""Kha'Zix"", 'Zed')",0,1,1
"('Dr. Mundo', 'Nautilus', 'Taliyah', 'Tristana', 'Zeri')",0,1,1
"('Alistar', 'Dr. Mundo', 'Hwei', 'Jhin', ""Kha'Zix"")",0,1,1
"('Dr. Mundo', 'Draven', 'Pyke', 'Taliyah', 'Tristana')",0,1,1
"('Draven', 'Fiora', 'Sylas', 'Thresh', 'Viego')",0,1,1
"('Bard', 'Dr. Mundo', ""Kog'Maw"", 'Yasuo', 'Zyra')",1,0,1
"('Hecarim', 'Hwei', 'Jhin', 'Malphite', 'Pyke')",0,1,1
"('Irelia', ""K'Sante"", ""Kai'Sa"", 'Leona', 'Viego')",1,0,1
"('Dr. Mundo', ""Kai'Sa"", 'Kindred', 'Rell', 'Riven')",1,0,1
"('Akshan', 'Dr. Mundo', 'Draven', 'Skarner', 'Taric')",1,0,1
"('Ashe', 'Braum', 'Fiddlesticks', 'Gragas', 'Tristana')",0,1,1
"('Dr. Mundo', 'Hwei', 'Skarner', 'Varus', 'Viego')",1,0,1
"('Dr. Mundo', 'Jinx', 'Nautilus', 'Viego', 'Xin Zhao')",0,1,1
"('Akali', 'Aphelios', 'Dr. Mundo', 'Skarner', 'Udyr')",1,0,1
"('Diana', 'Dr. Mundo', 'Rell', 'Samira', 'Yasuo')",0,1,1
"('Nidalee', 'Rell', 'Taliyah', 'Varus', 'Volibear')",0,1,1
"('Cassiopeia', 'Gnar', ""Kai'Sa"", 'Lillia', 'Nautilus')",1,0,1
"('Braum', 'Corki', ""K'Sante"", 'Lee Sin', 'Veigar')",1,0,1
"('Dr. Mundo', ""Kai'Sa"", 'Lissandra', 'Rell', 'Taliyah')",1,0,1
"('Ashe', 'Dr. Mundo', 'Hwei', 'Neeko', 'Viego')",0,1,1
"('Dr. Mundo', ""Kai'Sa"", 'Twisted Fate', 'Vi', 'Yasuo')",1,0,1
"('Aatrox', 'Ashe', 'Brand', 'Rell', 'Viego')",0,1,1
"('Dr. Mundo', 'Kalista', 'Katarina', 'Nautilus', ""Rek'Sai"")",1,0,1
"('Ashe', 'Dr. Mundo', 'Lee Sin', 'Taliyah', 'Varus')",1,0,1
"('Aphelios', 'Fiora', 'Karthus', 'Lulu', 'Renekton')",0,1,1
"('Aurelion Sol', 'Dr. Mundo', 'Jax', 'Jinx', 'Thresh')",1,0,1
"('Braum', 'Dr. Mundo', 'Varus', 'Viego', 'Vladimir')",1,0,1
"('Heimerdinger', 'Jax', 'Viego', 'Viktor', 'Zeri')",0,1,1
"('Ezreal', ""K'Sante"", 'Katarina', 'Skarner', 'Viego')",1,0,1
"('Ashe', 'Dr. Mundo', 'Skarner', 'Taliyah', 'Yone')",1,0,1
"('Blitzcrank', 'Dr. Mundo', 'Gragas', 'Jhin', 'Yone')",0,1,1
"('Corki', 'Lillia', 'Pyke', 'Twisted Fate', 'Yone')",0,1,1
"('Aphelios', 'Nidalee', 'Pantheon', 'Poppy', 'Warwick')",1,0,1
"('Ashe', 'Dr. Mundo', ""Kha'Zix"", 'Skarner', 'Swain')",1,0,1
"('Annie', 'Ashe', 'Dr. Mundo', 'Graves', 'Rell')",1,0,1
"('Fiddlesticks', ""Kai'Sa"", 'Nautilus', 'Sylas', 'Volibear')",1,0,1
"(""Kai'Sa"", 'Kindred', 'Nautilus', 'Rumble', 'Vex')",0,1,1
"('Caitlyn', 'Dr. Mundo', 'Milio', 'Taliyah', 'Yone')",0,1,1
"('Blitzcrank', 'Dr. Mundo', 'Gwen', 'Viego', 'Zeri')",0,1,1
"('Alistar', 'Fiora', 'Nidalee', 'Tristana', 'Varus')",0,1,1
"('Aurelion Sol', 'Graves', 'Jinx', 'Pyke', 'Vladimir')",0,1,1
"('Akali', 'Graves', 'Poppy', 'Singed', 'Varus')",1,0,1
"('Blitzcrank', 'Dr. Mundo', 'LeBlanc', 'Lee Sin', 'Varus')",0,1,1
"('Bard', 'Jarvan IV', 'Jhin', 'Orianna', 'Rumble')",1,0,1
"('Hecarim', 'Lulu', 'Malphite', 'Sylas', 'Varus')",1,0,1
"('Akshan', 'Jax', 'Jhin', 'Nidalee', 'Zyra')",1,0,1
"('Camille', 'Gwen', 'Hwei', 'Lee Sin', 'Twitch')",0,1,1
"('Akshan', 'Bard', 'Pantheon', 'Taliyah', 'Varus')",1,0,1
"('Blitzcrank', 'Jinx', 'Syndra', 'Viego', 'Volibear')",0,1,1
"('Aphelios', 'Graves', 'Nautilus', 'Orianna', 'Twisted Fate')",0,1,1
"('Aurelion Sol', 'Nautilus', 'Olaf', 'Varus', 'Vi')",1,0,1
"('Aatrox', 'Annie', 'Lucian', 'Pyke', 'Viego')",1,0,1
"('Karma', 'Karthus', 'Nasus', 'Varus', 'Zed')",1,0,1
"('Aatrox', 'Lee Sin', 'Orianna', 'Rakan', 'Varus')",1,0,1
"('Nidalee', 'Poppy', 'Skarner', 'Tristana', 'Varus')",1,0,1
"('Akshan', 'Ekko', ""Kai'Sa"", 'Rakan', 'Skarner')",1,0,1
"('Corki', 'Gnar', ""Kai'Sa"", 'Kindred', 'Nautilus')",0,1,1
"('Graves', 'Rumble', 'Sion', 'Varus', 'Zoe')",0,1,1
"('Hwei', 'Lee Sin', 'Nasus', 'Taric', 'Zeri')",1,0,1
"('Ivern', 'Kalista', 'Pyke', 'Tristana', 'Tryndamere')",1,0,1
"('Aatrox', 'Ashe', 'Katarina', 'Senna', 'Vi')",0,1,1
"('Ahri', 'Alistar', 'Gnar', ""Kog'Maw"", 'Vi')",0,1,1
"('Aatrox', 'Akshan', 'Ashe', 'Thresh', 'Zac')",0,1,1
"('Jayce', 'Jhin', 'Kled', 'Lee Sin', 'Yuumi')",1,0,1
"('Ashe', 'LeBlanc', 'Lee Sin', 'Lulu', 'Nasus')",0,1,1
"('Ashe', 'Jax', 'Nunu & Willump', 'Rumble', 'Tristana')",0,1,1
"('Lee Sin', 'Rell', 'Skarner', 'Twisted Fate', 'Varus')",0,1,1
"('Ahri', 'Galio', 'Jinx', 'Quinn', 'Taliyah')",1,0,1
"('Jayce', ""Kha'Zix"", 'Lucian', 'Pantheon', 'Renekton')",0,1,1
"('Ahri', 'Braum', 'Corki', 'Nidalee', 'Yone')",1,0,1
"('Gnar', 'Gragas', 'Hecarim', 'Rakan', 'Ziggs')",0,1,1
"('Aatrox', 'Ahri', 'Draven', ""Rek'Sai"", 'Thresh')",1,0,1
"('Ashe', 'Lillia', 'Sona', 'Twisted Fate', 'Warwick')",0,1,1
"('Ezreal', 'Master Yi', 'Sona', 'Twisted Fate', 'Vayne')",1,0,1
"(""Kai'Sa"", 'Karthus', 'Nautilus', 'Tristana', 'Tryndamere')",0,1,1
"('Bard', 'Brand', 'Gragas', 'Yone', 'Zeri')",0,1,1
"('Ashe', 'Karma', 'Skarner', 'Taliyah', 'Zed')",1,0,1
"(""Kai'Sa"", 'Nautilus', 'Sejuani', 'Taliyah', 'Viego')",1,0,1
"('Aphelios', 'Thresh', 'Vayne', 'Yasuo', 'Zac')",0,1,1
"('Ahri', 'Dr. Mundo', 'Kindred', 'Thresh', ""Vel'Koz"")",1,0,1
"('Anivia', 'Bard', 'Jhin', 'Maokai', 'Xin Zhao')",1,0,1
"('Ashe', 'Aurelion Sol', 'Camille', ""Kha'Zix"", 'Rakan')",1,0,1
"('Ahri', 'Dr. Mundo', 'Draven', ""Vel'Koz"", 'Wukong')",0,1,1
"('Ahri', 'Jax', 'Lee Sin', 'Rakan', 'Xayah')",1,0,1
"('Gnar', 'Lulu', 'Vex', 'Xin Zhao', 'Zeri')",0,1,1
"('Dr. Mundo', ""Kai'Sa"", 'Nidalee', 'Orianna', 'Rakan')",0,1,1
"('Caitlyn', 'Gnar', 'Katarina', 'Sylas', 'Taric')",0,1,1
"('Blitzcrank', 'Dr. Mundo', 'Jhin', 'Karma', 'Viego')",1,0,1
"('Ashe', 'Dr. Mundo', 'Graves', 'Hwei', 'Nautilus')",1,0,1
"('Ashe', 'Dr. Mundo', 'Karma', 'Pantheon', 'Taliyah')",1,0,1
"('Dr. Mundo', 'Ekko', 'Karthus', 'Rakan', 'Zeri')",0,1,1
"('Akshan', 'Aphelios', 'Dr. Mundo', 'Ekko', 'Thresh')",1,0,1
"('Ezreal', 'Jax', 'Soraka', 'Taliyah', 'Yone')",1,0,1
"(""Bel'Veth"", 'Camille', 'Jhin', 'Taliyah', 'Vayne')",0,1,1
"('Bard', ""Kai'Sa"", 'Taliyah', 'Twisted Fate', 'Yasuo')",1,0,1
"('Blitzcrank', 'Jinx', ""Rek'Sai"", 'Sylas', 'Tryndamere')",1,0,1
"('Caitlyn', 'Dr. Mundo', 'Lee Sin', 'Thresh', 'Zoe')",0,1,1
"('Dr. Mundo', 'Kalista', 'Nidalee', 'Renata Glasc', 'Tristana')",1,0,1
"('Ashe', 'Aurelion Sol', 'Braum', 'Elise', 'Smolder')",1,0,1
"('Dr. Mundo', 'LeBlanc', 'Lucian', 'Nami', 'Nidalee')",1,0,1
"('Alistar', 'Dr. Mundo', 'Jinx', 'Karthus', 'Viego')",0,1,1
"('Aphelios', 'Dr. Mundo', 'Ekko', 'Pyke', 'Tristana')",1,0,1
"('Irelia', 'Ivern', 'Jayce', 'Nautilus', 'Varus')",0,1,1
"('Dr. Mundo', 'Jinx', 'Rakan', ""Rek'Sai"", 'Sylas')",1,0,1
"('Alistar', ""Kog'Maw"", 'LeBlanc', 'Skarner', 'Taliyah')",0,1,1
"('Akali', ""Kai'Sa"", 'Lee Sin', 'Rell', 'Singed')",1,0,1
"('Ashe', ""K'Sante"", 'Nidalee', 'Rumble', 'Twisted Fate')",1,0,1
"('Bard', 'Diana', 'Jhin', 'Vayne', 'Yasuo')",1,0,1
"(""Kai'Sa"", 'Lux', ""Rek'Sai"", 'Skarner', 'Taliyah')",0,1,1
"('Dr. Mundo', 'Lucian', 'Nautilus', 'Nidalee', 'Twisted Fate')",1,0,1
"('Caitlyn', 'Dr. Mundo', 'Graves', 'LeBlanc', 'Lux')",1,0,1
"('Nidalee', 'Qiyana', 'Seraphine', 'Skarner', 'Smolder')",1,0,1
"('Aurelion Sol', 'Fiora', 'Lee Sin', 'Neeko', 'Zeri')",1,0,1
"('Ashe', 'Aurelion Sol', 'Graves', 'Ornn', 'Poppy')",0,1,1
"('Jax', 'Katarina', 'Kindred', 'Lucian', 'Taric')",1,0,1
"('Ezreal', 'Lee Sin', 'Nasus', 'Neeko', 'Taliyah')",0,1,1
"('Ahri', 'Graves', ""K'Sante"", ""Kai'Sa"", 'Leona')",1,0,1
"('Aatrox', 'Galio', 'Lee Sin', 'Miss Fortune', 'Poppy')",1,0,1
"('Gragas', 'Kalista', 'Lillia', 'Pyke', 'Viego')",0,1,1
"('Aurelion Sol', 'Skarner', 'Vayne', 'Xayah', 'Zoe')",0,1,1
"('Aphelios', ""Bel'Veth"", 'Karthus', 'Lulu', 'Rakan')",1,0,1
"('Galio', 'Hwei', 'Kindred', 'Warwick', 'Zeri')",1,0,1
"('Amumu', 'Corki', 'Leona', 'Talon', 'Udyr')",0,1,1
"('Illaoi', 'Rell', 'Smolder', 'Twisted Fate', 'Viego')",1,0,1
"('Akali', 'Corki', ""Kai'Sa"", 'Lee Sin', 'Leona')",1,0,1
"('Jhin', 'Rakan', 'Tristana', 'Twisted Fate', 'Zac')",0,1,1
"('Alistar', 'Brand', 'Corki', 'Nasus', 'Viego')",1,0,1
"('Ashe', 'Blitzcrank', 'Gragas', 'Orianna', 'Viego')",1,0,1
"('Katarina', 'Lee Sin', 'Rakan', 'Tryndamere', 'Varus')",1,0,1
"('Kalista', 'LeBlanc', 'Lulu', 'Nidalee', 'Sion')",1,0,1
"('Corki', 'Ezreal', 'Karma', 'Taliyah', 'Yasuo')",1,0,1
"('Brand', 'Jax', 'Talon', 'Thresh', 'Zeri')",0,1,1
"('Aatrox', 'Akshan', 'Blitzcrank', 'Brand', 'Jhin')",1,0,1
"(""Kai'Sa"", 'Karthus', 'Rumble', 'Thresh', 'Viego')",0,1,1
"('Alistar', 'Camille', 'Cassiopeia', 'Rengar', 'Varus')",1,0,1
"('Ezreal', 'Leona', 'Renekton', 'Taliyah', 'Yone')",1,0,1
"('Lucian', 'Nasus', 'Nidalee', 'Twisted Fate', 'Zyra')",1,0,1
"('Ekko', 'Nautilus', 'Nocturne', 'Tristana', 'Varus')",1,0,1
"('Galio', 'Illaoi', ""Kha'Zix"", 'Leona', 'Samira')",0,1,1
"('Braum', 'Jax', 'Jinx', 'Katarina', 'Nidalee')",0,1,1
"('Jinx', 'Lee Sin', 'Nautilus', 'Riven', 'Tristana')",0,1,1
"('Kassadin', 'Lee Sin', 'Lulu', 'Renekton', 'Zeri')",0,1,1
"('Karma', 'Karthus', 'Quinn', 'Tristana', 'Zeri')",1,0,1
"('Aatrox', 'Bard', 'Camille', 'Rengar', 'Varus')",0,1,1
"('Akali', ""Kai'Sa"", 'Leona', ""Rek'Sai"", 'Singed')",1,0,1
"('Brand', 'Corki', 'Seraphine', 'Udyr', 'Zeri')",1,0,1
"('Camille', 'LeBlanc', ""Rek'Sai"", 'Volibear', 'Zeri')",1,0,1
"('Akali', ""Rek'Sai"", 'Skarner', 'Taric', 'Varus')",1,0,1
"('Draven', 'Jayce', 'Lulu', 'Nidalee', 'Yone')",1,0,1
"('Jax', 'LeBlanc', 'Taliyah', 'Yone', 'Zeri')",1,0,1
"('Bard', 'Lee Sin', 'Riven', 'Xayah', 'Zoe')",1,0,1
"('Akali', 'Hwei', 'Nautilus', 'Taliyah', 'Varus')",0,1,1
"('Ashe', 'Ivern', 'Karma', 'Leona', 'Vladimir')",0,1,1
"('Alistar', 'Gnar', 'Lillia', 'Tristana', 'Yone')",0,1,1
"('Akshan', 'Brand', 'Jax', 'Rakan', 'Zeri')",0,1,1
"('Heimerdinger', 'Jax', 'Kindred', 'LeBlanc', 'Zeri')",0,1,1
"('Bard', 'Hecarim', 'Jinx', 'Shen', 'Zoe')",0,1,1
"('Anivia', 'Seraphine', 'Taliyah', 'Yone', 'Zeri')",1,0,1
"('Cassiopeia', 'Jinx', 'Taliyah', 'Thresh', 'Tristana')",0,1,1
"('Gwen', 'Jayce', 'Nautilus', 'Varus', 'Yasuo')",0,1,1
"('Gragas', 'Rell', 'Taliyah', 'Yone', 'Zeri')",1,0,1
"('Jhin', 'Katarina', 'Lillia', 'Thresh', 'Urgot')",1,0,1
"(""Kai'Sa"", 'Kennen', 'Leona', 'Nidalee', 'Tristana')",1,0,1
"('Ashe', 'LeBlanc', 'Rakan', ""Rek'Sai"", 'Udyr')",0,1,1
"('Camille', 'Hwei', ""Rek'Sai"", 'Taric', 'Varus')",1,0,1
"('Ahri', 'Graves', 'Poppy', 'Seraphine', 'Taric')",1,0,1
"('Kalista', 'Lillia', 'Master Yi', 'Renata Glasc', 'Volibear')",0,1,1
"('Aphelios', 'Darius', 'Leona', 'Nunu & Willump', 'Zac')",1,0,1
"('Ashe', 'Rell', 'Renekton', 'Taliyah', 'Twisted Fate')",1,0,1
"('Aphelios', 'Bard', 'Jax', 'Lee Sin', 'Taliyah')",0,1,1
"('Graves', 'Jax', 'Jinx', 'Leona', 'Syndra')",0,1,1
"('Jayce', 'Jinx', 'Taliyah', 'Thresh', 'Warwick')",1,0,1
"('Jax', 'Leona', 'Nidalee', 'Qiyana', 'Varus')",0,1,1
"('Aurelion Sol', 'Jax', ""Kai'Sa"", 'Pyke', 'Taliyah')",0,1,1
"('Nocturne', 'Renekton', 'Taliyah', 'Varus', 'Zyra')",1,0,1
"('Lulu', 'Nidalee', 'Pantheon', 'Tristana', 'Twitch')",0,1,1
"('Cassiopeia', 'Nidalee', 'Rell', 'Renekton', 'Tristana')",0,1,1
"('Jax', 'Rakan', 'Sylas', 'Twisted Fate', 'Xayah')",1,0,1
"('Jinx', 'Karthus', 'Lee Sin', 'Leona', 'Sylas')",1,0,1
"('Aatrox', 'Ashe', 'Rakan', 'Taliyah', 'Twisted Fate')",1,0,1
"('Corki', 'Nidalee', 'Orianna', 'Pyke', 'Renekton')",0,1,1
"('Hwei', 'Leona', 'Samira', 'Tryndamere', 'Viego')",1,0,1
"('Jax', 'Kindred', 'Orianna', 'Xerath', 'Ziggs')",0,1,1
"('Karthus', 'Leona', 'Tristana', 'Twisted Fate', 'Xerath')",0,1,1
"('Ashe', 'Braum', 'Rumble', 'Shyvana', 'Tristana')",0,1,1
"('Blitzcrank', ""Kai'Sa"", 'Tristana', 'Volibear', 'Zyra')",1,0,1
"('Akali', 'Jayce', 'Maokai', 'Miss Fortune', 'Viego')",0,1,1
"('Lucian', 'Pyke', 'Rumble', 'Tristana', 'Viego')",0,1,1
"('Jax', 'Jhin', 'Nautilus', 'Rengar', 'Twisted Fate')",0,1,1
"('Aatrox', 'Braum', 'Nidalee', 'Smolder', 'Twisted Fate')",0,1,1
"('Nautilus', 'Orianna', 'Sett', 'Sylas', 'Tristana')",0,1,1
"('Anivia', 'Corki', 'Nautilus', 'Nidalee', 'Orianna')",0,1,1
"('Ashe', 'Janna', 'Jax', 'Karthus', 'Tahm Kench')",0,1,1
"('Ashe', 'Bard', 'Cassiopeia', 'Tryndamere', 'Zac')",1,0,1
"(""Kai'Sa"", 'Nami', 'Sejuani', 'Viego', 'Viktor')",0,1,1
"('Fiora', ""Kha'Zix"", 'Malphite', 'Yuumi', 'Zeri')",1,0,1
"('Ashe', 'Jarvan IV', 'Kled', 'Twisted Fate', 'Varus')",1,0,1
"('Ashe', 'Kayn', 'Kled', 'Seraphine', 'Twisted Fate')",1,0,1
"('Akali', 'Bard', 'Jax', 'Smolder', 'Vi')",1,0,1
"('Caitlyn', 'Hwei', 'Irelia', 'Kindred', 'Twisted Fate')",1,0,1
"('Jinx', 'Kennen', 'Milio', 'Orianna', ""Rek'Sai"")",1,0,1
"('Jinx', 'Karthus', 'Kled', 'Rell', 'Tristana')",1,0,1
"('Dr. Mundo', 'Galio', 'Graves', 'Jinx', 'Thresh')",0,1,1
"('Bard', 'Camille', 'Jhin', 'Karthus', 'LeBlanc')",0,1,1
"('Garen', 'Graves', 'Hwei', ""Kog'Maw"", 'Nautilus')",1,0,1
"(""Bel'Veth"", 'Corki', 'Dr. Mundo', 'Heimerdinger', 'Yasuo')",1,0,1
"('Camille', 'Fiddlesticks', ""Kai'Sa"", 'Maokai', 'Viego')",1,0,1
"('Ahri', 'Ashe', 'Dr. Mundo', 'Graves', 'Tristana')",1,0,1
"('Dr. Mundo', 'Karma', 'Poppy', 'Rell', 'Samira')",0,1,1
"('Corki', 'Dr. Mundo', 'Lee Sin', 'Rell', 'Samira')",1,0,1
"('Dr. Mundo', 'Irelia', ""Kai'Sa"", 'Rell', 'Rumble')",1,0,1
"('Camille', 'Renekton', 'Taliyah', 'Tristana', 'Vladimir')",0,1,1
"('Jax', ""Kai'Sa"", 'Rakan', 'Twisted Fate', 'Zyra')",0,1,1
"('Braum', 'Fiora', 'Miss Fortune', 'Nunu & Willump', 'Twisted Fate')",0,1,1
"('Renekton', 'Tristana', 'Twitch', 'Viego', 'Zyra')",0,1,1
"('Galio', 'Jinx', 'Nidalee', 'Tristana', 'Vladimir')",1,0,1
"('Blitzcrank', 'Kindred', 'Orianna', 'Ryze', 'Varus')",0,1,1
"('Jhin', 'Kindred', ""Rek'Sai"", 'Rell', 'Sylas')",1,0,1
"('Bard', 'Orianna', 'Rumble', 'Skarner', 'Varus')",1,0,1
"('Kalista', ""Rek'Sai"", 'Taric', 'Tristana', 'Zac')",1,0,1
"('Ekko', 'Nautilus', 'Pantheon', 'Skarner', 'Varus')",0,1,1
"('Dr. Mundo', ""Kai'Sa"", 'Sejuani', 'Thresh', 'Tristana')",0,1,1
"('Ashe', 'Ekko', 'Olaf', 'Thresh', 'Tristana')",1,0,1
"('Graves', 'Rumble', 'Sylas', 'Varus', 'Vex')",1,0,1
"('Jinx', ""Kha'Zix"", 'Orianna', 'Rengar', 'Thresh')",0,1,1
"('Jinx', 'Kled', 'Orianna', 'Thresh', 'Volibear')",1,0,1
"('Jinx', ""K'Sante"", 'Orianna', 'Poppy', 'Xin Zhao')",0,1,1
"('Camille', 'Fiddlesticks', 'Lulu', 'Yone', 'Zeri')",1,0,1
"('Quinn', 'Renata Glasc', 'Taliyah', 'Varus', 'Xin Zhao')",1,0,1
"(""Kai'Sa"", 'Mordekaiser', 'Nidalee', 'Rell', 'Tristana')",1,0,1
"('Karthus', 'Ornn', 'Pyke', 'Twisted Fate', 'Twitch')",0,1,1
"('Jax', ""Kha'Zix"", 'Leona', 'Varus', 'Zoe')",1,0,1
"('Kennen', 'Lucian', 'Nami', 'Rengar', 'Tristana')",1,0,1
"('Ashe', 'Leona', 'Sett', 'Shen', 'Taliyah')",0,1,1
"('Gwen', 'Miss Fortune', 'Nautilus', ""Rek'Sai"", 'Vex')",1,0,1
"('Aphelios', 'Lillia', 'Nautilus', 'Tristana', 'Tryndamere')",0,1,1
"('Camille', 'Lissandra', 'Skarner', 'Smolder', 'Taliyah')",0,1,1
"('Corki', 'Irelia', 'Kennen', 'Nautilus', 'Viego')",1,0,1
"('Bard', 'Jhin', 'Skarner', 'Taliyah', 'Tristana')",1,0,1
"('Jhin', 'Lee Sin', 'Olaf', 'Seraphine', 'Tristana')",0,1,1
"('Karthus', 'Poppy', 'Thresh', 'Tristana', 'Varus')",1,0,1
"('Camille', 'Diana', 'Irelia', 'Lucian', 'Riven')",0,1,1
"('Aatrox', 'Braum', 'Lillia', 'Lucian', 'Tristana')",0,1,1
"('Ashe', ""Bel'Veth"", 'Camille', 'Smolder', 'Twisted Fate')",1,0,1
"('Jinx', 'Nautilus', 'Nocturne', 'Tryndamere', 'Twisted Fate')",1,0,1
"('Diana', 'Jax', 'Jinx', 'Lulu', 'Sylas')",1,0,1
"('Ahri', 'Dr. Mundo', 'Jinx', 'Lulu', 'Xin Zhao')",1,0,1
"('Graves', 'Hwei', 'Twisted Fate', 'Twitch', 'Yone')",1,0,1
"(""Kai'Sa"", ""Rek'Sai"", 'Rell', 'Sett', 'Zilean')",0,1,1
"('Akshan', 'Braum', 'Corki', 'Skarner', 'Twisted Fate')",1,0,1
"('Ahri', 'Jax', 'Poppy', 'Tahm Kench', 'Zeri')",0,1,1
"('Aphelios', 'Karthus', 'Lulu', 'Skarner', 'Tristana')",1,0,1
"('Ashe', 'Jayce', 'Karthus', 'Renekton', 'Sett')",1,0,1
"('Bard', 'Caitlyn', 'Gragas', ""K'Sante"", 'Twisted Fate')",0,1,1
"('Bard', 'Caitlyn', 'Irelia', 'Kled', 'Taliyah')",1,0,1
"('Aurelion Sol', 'Caitlyn', 'Leona', 'Urgot', 'Viego')",1,0,1
"('Ahri', 'Ashe', 'Bard', ""K'Sante"", 'Viego')",0,1,1
"('Ekko', 'Jhin', 'Rell', 'Renekton', 'Viego')",0,1,1
"('Bard', 'Jayce', 'Lissandra', 'Taliyah', 'Xayah')",0,1,1
"('Ahri', 'Graves', ""Kai'Sa"", 'Ornn', 'Rakan')",1,0,1
"('Aurelion Sol', 'Nautilus', 'Nidalee', 'Olaf', 'Samira')",0,1,1
"('Alistar', 'Graves', 'Hwei', 'Jax', 'Xayah')",0,1,1
"('Jinx', 'Karthus', 'Nocturne', 'Thresh', 'Yone')",0,1,1
"('Graves', 'LeBlanc', 'Lucian', 'Nami', 'Zac')",1,0,1
"('Corki', 'Maokai', 'Master Yi', 'Nidalee', 'Viktor')",0,1,1
"('Hwei', 'Irelia', 'Neeko', 'Nocturne', 'Zeri')",0,1,1
"('Blitzcrank', ""Kai'Sa"", 'Skarner', 'Taliyah', 'Yasuo')",0,1,1
"('Hwei', 'Jax', ""Kha'Zix"", 'Sivir', 'Zoe')",0,1,1
"('Corki', 'Mordekaiser', 'Nautilus', 'Nidalee', 'Samira')",1,0,1
"('Blitzcrank', 'Lux', 'Nidalee', 'Renekton', 'Varus')",0,1,1
"(""Kai'Sa"", 'Lillia', 'Rell', 'Yasuo', 'Zed')",0,1,1
"('Hecarim', 'Hwei', 'Rakan', 'Renekton', 'Smolder')",1,0,1
"('Aatrox', 'Corki', 'Leona', 'Viego', 'Zoe')",1,0,1
"('Blitzcrank', 'Camille', 'Kalista', 'LeBlanc', 'Lee Sin')",1,0,1
"('Ashe', 'Hecarim', 'Renekton', 'Rumble', 'Vex')",0,1,1
"('Lissandra', 'Rell', 'Twisted Fate', 'Twitch', 'Viego')",1,0,1
"('Jax', ""Kai'Sa"", 'Nautilus', 'Qiyana', 'Taliyah')",0,1,1
"('Alistar', 'Gangplank', 'Ivern', 'Lucian', 'Tristana')",0,1,1
"('Akshan', 'Aphelios', 'Karthus', 'Nasus', 'Thresh')",0,1,1
"('Ashe', 'Jayce', 'Jhin', 'LeBlanc', 'Taliyah')",0,1,1
"('Anivia', 'Blitzcrank', ""Kai'Sa"", 'Lee Sin', 'Zoe')",1,0,1
"('Draven', 'Galio', 'Kindred', 'Nautilus', 'Skarner')",0,1,1
"('Caitlyn', 'Fiora', 'Hwei', 'Karthus', 'Thresh')",0,1,1
"('Jhin', 'Lillia', 'Maokai', 'Udyr', 'Yone')",0,1,1
"('Gwen', 'Kalista', 'Nidalee', 'Sion', 'Thresh')",1,0,1
"('Aatrox', 'Aurelion Sol', ""Kha'Zix"", 'Lucian', 'Nami')",1,0,1
"('Draven', 'Jayce', 'Nidalee', 'Renata Glasc', 'Rumble')",0,1,1
"('Jinx', 'Mordekaiser', 'Taric', 'Viego', 'Yone')",0,1,1
"('Blitzcrank', 'Graves', 'Jax', 'Jinx', 'LeBlanc')",1,0,1
"('Aurelion Sol', 'Lucian', 'Rumble', 'Tryndamere', 'Viego')",0,1,1
"('Akali', 'Ashe', 'Corki', 'Lillia', 'Shaco')",1,0,1
"('Corki', 'Hwei', 'Lee Sin', 'Rell', 'Skarner')",1,0,1
"('Corki', 'Lucian', 'Nidalee', 'Poppy', 'Viego')",1,0,1
"('Blitzcrank', 'Camille', 'Jinx', 'LeBlanc', 'Nidalee')",0,1,1
"('Hwei', ""Kai'Sa"", 'LeBlanc', 'Lee Sin', 'Rumble')",1,0,1
"('Aphelios', 'Nidalee', 'Rakan', 'Zac', 'Zed')",0,1,1
"('Jax', 'Jinx', 'Nautilus', 'Taliyah', 'Tristana')",1,0,1
"('Aurelion Sol', 'Darius', 'Jax', 'Rakan', 'Xayah')",0,1,1
"('Jinx', 'Nautilus', 'Nidalee', 'Skarner', 'Yasuo')",1,0,1
"('Katarina', 'Rell', 'Rumble', 'Samira', 'Viego')",0,1,1
"('Hwei', ""K'Sante"", ""Kai'Sa"", 'Rengar', 'Zyra')",0,1,1
"('Lillia', 'Lucian', 'Rell', 'Taliyah', 'Varus')",1,0,1
"('Camille', 'Diana', 'Gnar', 'Orianna', 'Sivir')",1,0,1
"('Ashe', 'Irelia', 'Lee Sin', 'Syndra', 'Thresh')",1,0,1
"('Aurelion Sol', 'Braum', 'Corki', ""K'Sante"", 'Viego')",1,0,1
"('Diana', 'Nautilus', 'Skarner', 'Tristana', 'Yasuo')",1,0,1
"('Alistar', 'Corki', 'Neeko', 'Renekton', 'Viego')",0,1,1
"('Brand', 'Darius', 'Pyke', 'Tristana', 'Zeri')",1,0,1
"('Aatrox', 'Akali', 'Camille', 'Twisted Fate', 'Twitch')",1,0,1
"('Blitzcrank', 'Draven', 'Nidalee', 'Tristana', 'Volibear')",1,0,1
"(""Kai'Sa"", 'Nautilus', 'Qiyana', 'Sylas', 'Tristana')",0,1,1
"('Galio', 'Gragas', 'Jax', 'Jhin', 'Pyke')",1,0,1
"('Bard', 'Jinx', 'Kindred', 'LeBlanc', 'Volibear')",0,1,1
"('Galio', 'Graves', 'Jinx', 'Syndra', 'Thresh')",1,0,1
"('Brand', 'Illaoi', 'Jinx', 'Qiyana', 'Thresh')",1,0,1
"('Bard', 'Graves', 'Vex', 'Yone', 'Zeri')",1,0,1
"('Bard', 'Corki', 'Hwei', 'Jayce', 'Nunu & Willump')",0,1,1
"('Draven', 'Graves', 'Rell', 'Rumble', 'Sion')",1,0,1
"('Aurelion Sol', 'Camille', 'Kalista', 'Olaf', 'Zac')",0,1,1
"('Ashe', 'Aurelion Sol', 'Nidalee', 'Rell', 'Skarner')",0,1,1
"('Corki', 'Jinx', 'Nautilus', 'Skarner', 'Taliyah')",0,1,1
"('Gragas', 'Graves', 'Irelia', ""Kai'Sa"", 'Kennen')",1,0,1
"('Fiora', 'Leona', 'Viego', 'Xayah', 'Xerath')",0,1,1
"('Evelynn', 'Jayce', ""Kai'Sa"", 'Pyke', 'Skarner')",1,0,1
"('Ashe', 'Gragas', 'Kalista', 'Kindred', 'Orianna')",1,0,1
"('Bard', 'Jax', 'Jinx', 'Kindred', 'Viktor')",0,1,1
"('Gragas', 'Jayce', 'Jinx', 'Nautilus', 'Taliyah')",0,1,1
"('Anivia', ""Cho'Gath"", 'Nautilus', 'Samira', 'Viego')",1,0,1
"('Draven', 'Master Yi', 'Nautilus', 'Olaf', 'Zoe')",1,0,1
"('Braum', 'Jayce', 'Taliyah', 'Varus', 'Veigar')",0,1,1
"('Malphite', 'Pantheon', 'Pyke', 'Taliyah', 'Twisted Fate')",0,1,1
"('Ashe', 'Braum', 'Galio', 'Hecarim', 'Rumble')",1,0,1
"('Darius', 'Lee Sin', 'Pyke', 'Varus', 'Zoe')",1,0,1
"('Caitlyn', 'Neeko', 'Talon', 'Tryndamere', 'Vi')",1,0,1
"('Ahri', 'Akshan', 'Caitlyn', 'Cassiopeia', 'Yuumi')",0,1,1
"('Jax', 'Orianna', 'Rell', 'Viego', 'Zeri')",1,0,1
"('Hecarim', 'Irelia', 'Jinx', 'LeBlanc', 'Nautilus')",1,0,1
"('Hwei', ""K'Sante"", 'Lee Sin', 'Rakan', 'Smolder')",1,0,1
"('Hwei', 'Nautilus', 'Singed', 'Viego', 'Zeri')",0,1,1
"('Corki', 'Kindred', 'LeBlanc', 'Ornn', 'Rell')",0,1,1
"('Ahri', 'Alistar', 'Camille', 'Graves', 'Jinx')",0,1,1
"('Jinx', 'Nautilus', 'Rengar', 'Skarner', 'Syndra')",1,0,1
"('Aatrox', 'Aphelios', 'Brand', 'Corki', 'Lulu')",1,0,1
"('Akshan', 'Bard', 'Caitlyn', 'Diana', 'Wukong')",0,1,1
"('Fiora', 'Katarina', 'Taliyah', 'Thresh', 'Zeri')",0,1,1
"('Ezreal', 'Jax', 'Lillia', 'Rakan', 'Tristana')",0,1,1
"(""Kog'Maw"", 'Lux', 'Rell', 'Skarner', 'Viego')",1,0,1
"('Corki', 'Master Yi', 'Pantheon', 'Teemo', 'Zilean')",0,1,1
"('Aphelios', 'Bard', 'Cassiopeia', 'Lee Sin', 'Vayne')",0,1,1
"('Akali', 'Ashe', ""K'Sante"", 'Nautilus', 'Nidalee')",1,0,1
"('Ashe', 'Lillia', 'Nidalee', 'Thresh', 'Yone')",1,0,1
"('Braum', 'Jinx', 'Nidalee', 'Poppy', 'Tristana')",0,1,1
"('Aatrox', 'Nidalee', 'Thresh', 'Varus', 'Viego')",0,1,1
"('Aatrox', 'Nilah', 'Seraphine', 'Taliyah', 'Viego')",0,1,1
"('Master Yi', 'Renata Glasc', 'Teemo', 'Twisted Fate', 'Varus')",1,0,1
"('Ashe', 'Camille', 'Elise', 'Seraphine', 'Tristana')",1,0,1
"('Hwei', 'Malphite', 'Rell', 'Samira', 'Viego')",0,1,1
"('Ashe', 'Draven', 'Skarner', 'Veigar', 'Viego')",1,0,1
"('Braum', 'Gwen', 'Lee Sin', 'Xayah', 'Yone')",1,0,1
"('Hwei', 'Kled', 'Poppy', 'Seraphine', 'Varus')",1,0,1
"('Akshan', 'Blitzcrank', 'Gragas', ""Kai'Sa"", 'Skarner')",1,0,1
"('Blitzcrank', 'Nidalee', 'Sivir', 'Skarner', 'Tristana')",1,0,1
"('Blitzcrank', ""Kai'Sa"", 'Lillia', 'Qiyana', 'Skarner')",1,0,1
"('Gragas', 'Jayce', ""Kai'Sa"", 'Lillia', 'Rakan')",1,0,1
"('Ashe', 'Brand', 'Braum', 'Jayce', 'Olaf')",1,0,1
"('Aatrox', 'Cassiopeia', 'Nidalee', 'Seraphine', 'Sivir')",0,1,1
"('Hwei', 'Seraphine', 'Teemo', 'Varus', 'Vi')",0,1,1
"('Aphelios', 'Aurelion Sol', 'Jax', 'Kindred', 'Thresh')",1,0,1
"('Aurelion Sol', ""K'Sante"", 'Rell', 'Twitch', 'Viego')",0,1,1
"('Leona', 'Lillia', 'Tristana', 'Varus', 'Warwick')",1,0,1
"('Fiora', 'Neeko', 'Nidalee', 'Tristana', 'Zeri')",0,1,1
"('Draven', 'Pantheon', 'Seraphine', 'Taliyah', 'Viego')",0,1,1
"('Garen', ""Kai'Sa"", 'Master Yi', 'Nautilus', 'Xerath')",0,1,1
"('Leona', 'Rumble', 'Tristana', 'Viego', 'Xayah')",1,0,1
"('Neeko', 'Skarner', 'Taliyah', 'Tristana', 'Varus')",0,1,1
"('Azir', ""Cho'Gath"", 'Graves', 'Illaoi', 'Nautilus')",1,0,1
"('Ezreal', 'Karma', 'Karthus', 'Sylas', 'Viego')",0,1,1
"('Draven', 'Irelia', 'Nautilus', 'Nidalee', 'Renekton')",1,0,1
"('Nidalee', 'Pantheon', 'Rakan', 'Twisted Fate', 'Xayah')",1,0,1
"('Caitlyn', 'Camille', 'Irelia', 'Taliyah', 'Zilean')",1,0,1
"('Camille', 'Corki', 'Heimerdinger', ""Rek'Sai"", 'Taliyah')",1,0,1
"('Annie', 'Caitlyn', 'Kayn', 'Nautilus', 'Ryze')",0,1,1
"('Ezreal', 'Lee Sin', 'Neeko', 'Skarner', 'Zyra')",0,1,1
"(""Kog'Maw"", 'Lulu', 'Taliyah', 'Tristana', 'Urgot')",0,1,1
"('Blitzcrank', 'Galio', 'Hwei', ""Kai'Sa"", 'Vi')",0,1,1
"('Ashe', 'Brand', 'Nautilus', 'Nidalee', 'Ornn')",1,0,1
"('Corki', 'Hwei', 'Nidalee', 'Sett', 'Thresh')",1,0,1
"('Diana', 'Leona', ""Rek'Sai"", 'Renekton', 'Tristana')",1,0,1
"('Lissandra', 'Nidalee', 'Skarner', 'Varus', 'Zac')",0,1,1
"('Jarvan IV', 'Nidalee', 'Renekton', 'Viego', 'Zeri')",1,0,1
"('Brand', 'Hwei', 'Nasus', 'Renata Glasc', 'Varus')",0,1,1
"('Bard', 'Camille', 'Hwei', 'Lillia', 'Zeri')",1,0,1
"('Ahri', 'Sejuani', 'Skarner', 'Varus', 'Viego')",1,0,1
"('Ashe', 'Garen', 'Hwei', 'Lee Sin', 'Seraphine')",0,1,1
"('Ashe', 'Jayce', 'Jhin', 'Lee Sin', 'Sylas')",0,1,1
"('Kennen', 'Rell', 'Tristana', 'Twisted Fate', 'Viego')",0,1,1
"('Ahri', 'Kayn', 'Lucian', 'Nami', 'Urgot')",1,0,1
"('Alistar', 'Ashe', 'Gwen', ""Kha'Zix"", 'Yone')",0,1,1
"('Ashe', 'Braum', 'Kayle', 'Lee Sin', 'Twisted Fate')",1,0,1
"('Alistar', 'Aurelion Sol', 'Graves', 'Jayce', 'Varus')",0,1,1
"('Braum', 'Fiddlesticks', ""Rek'Sai"", 'Tahm Kench', 'Vayne')",0,1,1
"('Camille', 'Lillia', 'Skarner', 'Tristana', 'Zeri')",1,0,1
"(""Bel'Veth"", 'Heimerdinger', ""K'Sante"", 'Pyke', 'Renekton')",0,1,1
"('Aatrox', 'Alistar', 'Annie', ""Rek'Sai"", 'Varus')",1,0,1
"('Blitzcrank', 'Gnar', 'LeBlanc', ""Rek'Sai"", 'Tristana')",1,0,1
"('Gnar', ""Kai'Sa"", ""Kha'Zix"", 'Nautilus', 'Twisted Fate')",1,0,1
"('Bard', 'Camille', 'Jhin', 'Nidalee', 'Twisted Fate')",1,0,1
"('Jayce', ""Kai'Sa"", 'Nautilus', 'Nidalee', 'Rumble')",1,0,1
"('Braum', 'Corki', 'Jax', ""Kha'Zix"", 'Syndra')",0,1,1
"('Camille', 'Hwei', 'Neeko', ""Rek'Sai"", 'Twitch')",1,0,1
"('Akali', 'Camille', 'Jinx', 'Nautilus', ""Rek'Sai"")",0,1,1
"('Aatrox', 'Aurelion Sol', 'Bard', 'Kindred', 'Varus')",0,1,1
"('Aurelion Sol', 'Ezreal', 'Irelia', 'Lee Sin', 'Rakan')",1,0,1
"('Hwei', 'Nautilus', 'Poppy', ""Rek'Sai"", 'Varus')",1,0,1
"('Hwei', 'Lee Sin', 'Thresh', 'Twisted Fate', 'Urgot')",1,0,1
"('Bard', 'Ezreal', 'Rumble', 'Twisted Fate', 'Volibear')",1,0,1
"('Ezreal', 'Heimerdinger', 'Hwei', ""Kha'Zix"", 'Nautilus')",1,0,1
"('Bard', ""Kai'Sa"", ""Rek'Sai"", 'Rumble', 'Skarner')",1,0,1
"('Camille', 'Corki', 'Nautilus', 'Nidalee', 'Twitch')",1,0,1
"('Ashe', 'Gragas', 'Hwei', 'Jarvan IV', 'Rakan')",1,0,1
"('Blitzcrank', 'Draven', 'LeBlanc', ""Rek'Sai"", 'Urgot')",1,0,1
"('Jhin', ""K'Sante"", 'Rakan', ""Vel'Koz"", 'Vi')",1,0,1
"('Akali', 'Corki', 'Jarvan IV', 'Tryndamere', 'Zyra')",1,0,1
"(""Cho'Gath"", ""Kai'Sa"", 'Rell', 'Taliyah', 'Yone')",1,0,1
"('Hwei', ""K'Sante"", ""Kha'Zix"", 'Thresh', 'Zeri')",1,0,1
"('Aatrox', 'Hwei', 'Nautilus', 'Smolder', 'Warwick')",1,0,1
"('Akali', 'Hwei', 'Nautilus', 'Varus', 'Viego')",1,0,1
"('Aatrox', 'Blitzcrank', 'Elise', 'Sylas', 'Varus')",1,0,1
"('Brand', 'Draven', 'Jax', ""Rek'Sai"", 'Shaco')",0,1,1
"('Graves', 'Gwen', 'Hwei', 'Leona', 'Vayne')",1,0,1
"(""Bel'Veth"", 'Gragas', ""Kai'Sa"", 'Nautilus', 'Yone')",0,1,1
"('Ahri', 'Jax', 'Kayn', 'Rell', 'Sivir')",1,0,1
"('Jinx', ""K'Sante"", 'Nidalee', 'Rell', 'Tristana')",0,1,1
"('Jax', ""Kai'Sa"", 'Rell', 'Taliyah', 'Tristana')",0,1,1
"('Aatrox', ""Bel'Veth"", 'Jinx', 'Maokai', 'Orianna')",0,1,1
"('Nautilus', 'Pantheon', 'Samira', 'Taliyah', 'Tristana')",1,0,1
"('Aatrox', 'Hecarim', 'Hwei', 'Jhin', 'Zoe')",1,0,1
"('Nidalee', 'Rell', 'Twisted Fate', 'Yone', 'Zeri')",1,0,1
"('Jinx', 'LeBlanc', 'Vi', 'Zac', 'Zoe')",0,1,1
"('Aatrox', ""Kai'Sa"", 'Neeko', 'Rell', 'Viego')",1,0,1
"('Aurelion Sol', 'Graves', 'Miss Fortune', 'Rell', 'Rumble')",0,1,1
"('Gragas', ""Kai'Sa"", ""Kha'Zix"", 'LeBlanc', 'Sylas')",0,1,1
"('Aatrox', 'Taliyah', 'Thresh', 'Varus', 'Yone')",1,0,1
"('Annie', 'Ashe', 'Varus', 'Viego', 'Yone')",0,1,1
"('Ashe', 'Gragas', 'Jax', 'Lulu', 'Xerath')",1,0,1
"('Gnar', ""Kai'Sa"", 'Lee Sin', 'Nidalee', 'Pyke')",0,1,1
"('Hwei', 'Lucian', 'Poppy', 'Rumble', 'Thresh')",0,1,1
"('Draven', 'Graves', 'Nasus', 'Nautilus', 'Twisted Fate')",1,0,1
"('Ezreal', 'Jayce', 'Karthus', 'Pyke', 'Rumble')",1,0,1
"('Corki', ""Kog'Maw"", 'Lulu', ""Rek'Sai"", 'Skarner')",0,1,1
"(""K'Sante"", 'Nautilus', 'Sylas', 'Varus', 'Wukong')",0,1,1
"('Ezreal', 'Heimerdinger', 'Lee Sin', 'Rakan', 'Zoe')",0,1,1
"('Akali', 'Quinn', ""Rek'Sai"", 'Rell', 'Samira')",1,0,1
"('Fiddlesticks', 'Leona', ""Rek'Sai"", 'Riven', 'Zeri')",0,1,1
"('Ashe', 'Kalista', 'LeBlanc', ""Rek'Sai"", 'Tryndamere')",1,0,1
"('Camille', 'Corki', 'Nautilus', 'Nidalee', 'Senna')",0,1,1
"('Jinx', 'Rakan', ""Rek'Sai"", 'Skarner', 'Twisted Fate')",0,1,1
"('Hwei', ""Kai'Sa"", 'Lee Sin', 'Rakan', 'Skarner')",0,1,1
"('Aphelios', 'Graves', 'Hwei', 'Jax', 'Rakan')",0,1,1
"('Heimerdinger', 'Hwei', 'Jax', 'Tryndamere', 'Zeri')",1,0,1
"('Bard', ""Bel'Veth"", 'Jhin', 'Skarner', 'Yasuo')",1,0,1
"('Braum', 'Hwei', 'Jayce', 'Jinx', 'Maokai')",1,0,1
"(""Kai'Sa"", ""Kha'Zix"", 'Thresh', 'Twisted Fate', 'Volibear')",1,0,1
"('Aurelion Sol', 'Graves', 'Lucian', 'Maokai', 'Yone')",0,1,1
"('Anivia', 'Corki', 'Graves', 'Lulu', 'Nautilus')",0,1,1
"('Alistar', 'Rumble', 'Varus', 'Vex', 'Viego')",1,0,1
"('Diana', 'Irelia', 'Jax', 'Pyke', 'Samira')",1,0,1
"('Corki', 'Ekko', 'Poppy', 'Renekton', 'Yasuo')",1,0,1
"('Aurelion Sol', 'Braum', 'Jinx', 'Trundle', 'Viego')",1,0,1
"('Aurelion Sol', 'Bard', 'Hecarim', 'Renekton', 'Varus')",1,0,1
"('Ashe', 'Aurelion Sol', 'Jax', ""Kai'Sa"", 'Viego')",0,1,1
"('Anivia', 'Bard', 'Jayce', 'Taliyah', 'Xayah')",1,0,1
"(""Kai'Sa"", 'Lillia', 'Nautilus', 'Twisted Fate', 'Yone')",0,1,1
"('Ashe', 'Braum', 'Graves', 'Rumble', 'Twisted Fate')",1,0,1
"('Akshan', 'Corki', 'Fiddlesticks', 'Nautilus', 'Twisted Fate')",0,1,1
"('Jayce', 'Nidalee', 'Ryze', 'Seraphine', 'Zeri')",0,1,1
"('Ahri', 'Bard', 'Jax', 'Viego', 'Zeri')",1,0,1
"('Aurelion Sol', 'Braum', 'Jinx', 'Lee Sin', 'Rumble')",0,1,1
"('Bard', 'Corki', 'Katarina', 'Kennen', 'Taliyah')",0,1,1
"('Brand', 'Jax', 'Rell', 'Rumble', 'Varus')",0,1,1
"('Akali', 'Bard', 'Jayce', 'Viego', 'Zeri')",0,1,1
"('Jax', 'Jinx', 'Neeko', 'Nocturne', 'Thresh')",0,1,1
"('Aurelion Sol', 'Fiora', 'Jhin', ""Rek'Sai"", 'Zyra')",1,0,1
"('Aurelion Sol', 'Jayce', 'Nautilus', ""Rek'Sai"", 'Varus')",1,0,1
"('Dr. Mundo', 'Lillia', 'Senna', 'Varus', 'Yone')",0,1,1
"('Akali', 'Bard', 'Jhin', 'Kindred', 'Qiyana')",0,1,1
"('Diana', 'Skarner', 'Tristana', 'Yuumi', 'Zeri')",0,1,1
"('Aurelion Sol', 'Gnar', 'Nautilus', 'Nidalee', 'Varus')",1,0,1
"('Camille', 'Lucian', ""Rek'Sai"", 'Senna', 'Viktor')",1,0,1
"('Ashe', 'Blitzcrank', 'Orianna', 'Pantheon', 'Taliyah')",0,1,1
"('Blitzcrank', 'Draven', 'Katarina', 'Lee Sin', 'Zac')",0,1,1
"('Gwen', ""Kai'Sa"", 'Maokai', 'Twisted Fate', 'Viego')",1,0,1
"('Bard', 'Corki', 'Renekton', 'Taliyah', 'Zac')",0,1,1
"('Bard', ""K'Sante"", 'Nilah', ""Rek'Sai"", 'Taliyah')",1,0,1
"('Aphelios', 'Bard', 'Corki', ""K'Sante"", 'Nunu & Willump')",1,0,1
"('Graves', 'Jax', 'Taliyah', 'Thresh', 'Xayah')",0,1,1
"('Aatrox', 'Camille', 'Rumble', 'Vex', 'Zeri')",1,0,1
"(""Kai'Sa"", 'Nidalee', 'Olaf', 'Twitch', 'Yasuo')",0,1,1
"('Aurelion Sol', 'Cassiopeia', 'Sejuani', 'Xayah', 'Zoe')",0,1,1
"('Aurelion Sol', 'Camille', ""Kai'Sa"", 'Kindred', 'Thresh')",1,0,1
"('Ahri', ""Kai'Sa"", 'Rell', 'Renekton', 'Vi')",1,0,1
"('Bard', 'Corki', 'Gragas', 'Jinx', 'Skarner')",1,0,1
"('Bard', 'Corki', 'Nunu & Willump', 'Rumble', 'Varus')",1,0,1
"('Gragas', 'Lucian', 'Nidalee', 'Rell', 'Tristana')",1,0,1
"('Azir', 'Bard', 'Ezreal', 'Olaf', 'Sejuani')",0,1,1
"('Jayce', ""Rek'Sai"", 'Soraka', 'Taliyah', 'Zeri')",1,0,1
"('Azir', 'Bard', 'Camille', 'Jhin', 'Taliyah')",1,0,1
"('Camille', 'Galio', 'Graves', 'Sivir', 'Soraka')",1,0,1
"('Aphelios', 'Galio', 'Lee Sin', 'Nautilus', 'Pantheon')",0,1,1
"('Graves', 'Jinx', 'Kled', 'LeBlanc', 'Nautilus')",1,0,1
"('Corki', 'Malzahar', 'Nautilus', 'Skarner', 'Taliyah')",1,0,1
"('Jinx', 'LeBlanc', 'Maokai', ""Rek'Sai"", 'Riven')",0,1,1
"('Gragas', 'Lulu', ""Rek'Sai"", 'Sivir', 'Talon')",0,1,1
"('Kennen', 'Ornn', ""Rek'Sai"", 'Senna', 'Taliyah')",0,1,1
"('Ashe', 'Katarina', 'Nautilus', 'Nidalee', 'Twisted Fate')",0,1,1
"('Ashe', 'Bard', 'Camille', 'Corki', 'Nidalee')",1,0,1
"('Ashe', 'Diana', ""K'Sante"", 'Kalista', 'Tristana')",0,1,1
"('Ahri', 'Nidalee', 'Pantheon', 'Rell', 'Zeri')",1,0,1
"('Ashe', 'Hwei', 'Lee Sin', 'Taric', 'Vayne')",0,1,1
"('Anivia', 'Aphelios', 'Jayce', 'Neeko', ""Rek'Sai"")",0,1,1
"('Jinx', 'Katarina', 'Nocturne', 'Taric', 'Tryndamere')",1,0,1
"('Blitzcrank', 'Cassiopeia', ""Rek'Sai"", 'Sylas', 'Twitch')",1,0,1
"('Jhin', 'Pyke', 'Rumble', 'Taliyah', 'Tristana')",0,1,1
"('Ashe', 'Camille', 'Gangplank', 'Lillia', 'Neeko')",0,1,1
"('Dr. Mundo', 'Kalista', 'Nautilus', 'Nidalee', 'Viego')",0,1,1
"('Janna', 'Katarina', 'Pantheon', 'Tryndamere', 'Zeri')",1,0,1
"('Anivia', 'Ashe', 'Pyke', 'Smolder', 'Viego')",1,0,1
"('Hecarim', ""K'Sante"", 'LeBlanc', 'Lulu', 'Tristana')",1,0,1
"('Ashe', ""Bel'Veth"", 'Fiora', 'Janna', 'Xerath')",0,1,1
"('Aphelios', 'Lillia', 'Renata Glasc', 'Tryndamere', 'Yasuo')",0,1,1
"('Blitzcrank', 'Corki', 'Gwen', 'Tryndamere', 'Varus')",0,1,1
"('Azir', 'Graves', 'Jinx', 'Nautilus', 'Tryndamere')",0,1,1
"('Aphelios', 'Pyke', 'Rumble', 'Tryndamere', 'Viego')",1,0,1
"('Braum', 'Jinx', 'Skarner', 'Taliyah', 'Tristana')",1,0,1
"('Ashe', 'Graves', ""K'Sante"", 'Lissandra', 'Rumble')",0,1,1
"('Ashe', 'Braum', 'Corki', 'Maokai', 'Taliyah')",0,1,1
"('Aatrox', 'Janna', 'Lillia', 'Nilah', 'Renekton')",0,1,1
"('Janna', 'Jax', 'Kennen', 'Kindred', 'Varus')",1,0,1
"('Amumu', 'Brand', ""Kai'Sa"", 'Pantheon', 'Tryndamere')",1,0,1
"('Ekko', ""Kog'Maw"", 'Qiyana', 'Rell', 'Tryndamere')",1,0,1
"('Alistar', 'Ezreal', 'Taliyah', 'Tryndamere', 'Zed')",1,0,1
"('Azir', 'Ezreal', 'Galio', 'Karthus', 'Tryndamere')",0,1,1
"('Ezreal', 'Jayce', 'Nidalee', 'Pyke', 'Yone')",0,1,1
"('Ashe', 'Brand', 'Heimerdinger', 'Janna', 'Twisted Fate')",1,0,1
"('Corki', 'Jax', 'Nautilus', 'Tryndamere', 'Vladimir')",1,0,1
"('Cassiopeia', 'Nautilus', 'Sylas', 'Tristana', 'Tryndamere')",0,1,1
"('Akali', 'Lucian', 'Sona', 'Tryndamere', 'Xin Zhao')",1,0,1
"('Camille', 'Corki', 'Kindred', 'Sylas', 'Tryndamere')",0,1,1
"('Aatrox', 'Ashe', 'Janna', 'LeBlanc', 'Nidalee')",0,1,1
"('Azir', ""Kai'Sa"", 'Kayn', 'Nautilus', 'Tryndamere')",1,0,1
"('Akshan', 'Nunu & Willump', 'Rell', 'Tryndamere', 'Varus')",1,0,1
"('Ahri', 'Graves', 'Thresh', 'Tryndamere', 'Zeri')",0,1,1
"('Blitzcrank', 'Evelynn', 'Jinx', ""K'Sante"", 'Tryndamere')",1,0,1
"('Blitzcrank', 'Corki', 'Jayce', 'Lillia', 'Tryndamere')",0,1,1
"('Rakan', 'Skarner', 'Taliyah', 'Tryndamere', 'Twitch')",0,1,1
"('Senna', 'Tahm Kench', 'Tryndamere', 'Udyr', 'Yone')",0,1,1
"('Galio', 'Janna', ""Kai'Sa"", 'Olaf', 'Viego')",1,0,1
"('Cassiopeia', ""Rek'Sai"", 'Rell', 'Tryndamere', 'Zeri')",1,0,1
"('Ashe', 'Ivern', 'Janna', 'Trundle', 'Viego')",1,0,1
"('Aurelion Sol', 'Caitlyn', 'Camille', 'Tryndamere', 'Viego')",1,0,1
"('Camille', 'Janna', 'Jinx', 'Nidalee', 'Pantheon')",1,0,1
"('Graves', 'Taric', 'Tristana', 'Twisted Fate', 'Volibear')",1,0,1
"('Alistar', ""Kai'Sa"", 'Karthus', 'Ornn', 'Tryndamere')",1,0,1
"('Graves', 'Milio', 'Sylas', 'Tristana', 'Tryndamere')",1,0,1
"('Nautilus', 'Qiyana', 'Samira', 'Taliyah', 'Tryndamere')",1,0,1
"('Akali', 'Aphelios', 'Bard', 'Graves', 'Tryndamere')",0,1,1
"('Aurelion Sol', ""Bel'Veth"", 'Janna', 'Jayce', 'Jinx')",1,0,1
"('Ahri', 'Lee Sin', 'Tryndamere', 'Varus', 'Zoe')",1,0,1
"('Leona', 'Master Yi', 'Tryndamere', 'Viego', 'Ziggs')",1,0,1
"('Braum', 'Corki', 'Tryndamere', 'Viego', 'Zoe')",1,0,1
"(""Kai'Sa"", 'Master Yi', 'Pyke', 'Rengar', 'Tryndamere')",1,0,1
"('Ashe', 'Braum', 'Hwei', 'Karthus', 'Pantheon')",1,0,1
"('Janna', ""Kai'Sa"", 'Leona', 'Lillia', 'Pantheon')",1,0,1
"('Ashe', 'Ekko', 'Nautilus', 'Renekton', 'Zac')",0,1,1
"('Ashe', 'Camille', 'Galio', 'Kindred', 'Nautilus')",0,1,1
"('Kalista', 'Taliyah', 'Thresh', 'Twisted Fate', 'Zoe')",1,0,1
"('Ashe', 'Fiddlesticks', 'Rell', 'Singed', 'Tristana')",1,0,1
"('Aurelion Sol', 'Kalista', 'Nidalee', 'Ornn', 'Senna')",1,0,1
"('Galio', 'Graves', 'Qiyana', 'Smolder', 'Tryndamere')",0,1,1
"('Bard', 'Corki', 'Hwei', 'Tryndamere', 'Viego')",0,1,1
"('Janna', ""Kai'Sa"", 'Lee Sin', 'Olaf', 'Vex')",0,1,1
"('Janna', ""Kai'Sa"", 'Kindred', 'LeBlanc', 'Olaf')",1,0,1
"('Bard', 'Ekko', ""Kai'Sa"", 'Tryndamere', 'Viego')",0,1,1
"('Corki', 'Janna', 'Jax', 'Karthus', 'Taliyah')",1,0,1
"('Aatrox', 'Ahri', 'Janna', 'Twitch', 'Viego')",1,0,1
"('Akali', 'LeBlanc', 'Nasus', 'Varus', 'Viego')",0,1,1
"('Graves', 'LeBlanc', 'Skarner', 'Taliyah', 'Varus')",1,0,1
"('Alistar', 'Aurelion Sol', 'Jinx', ""K'Sante"", 'Shaco')",1,0,1
"('Kindred', 'Malphite', 'Skarner', 'Twisted Fate', 'Xayah')",1,0,1
"('Akali', 'Kalista', 'Nautilus', 'Tryndamere', 'Xin Zhao')",1,0,1
"('Jinx', ""Kha'Zix"", 'Thresh', 'Tryndamere', 'Viktor')",0,1,1
"('Ashe', 'Camille', 'Elise', 'Seraphine', 'Yasuo')",0,1,1
"('Brand', 'Jayce', ""K'Sante"", 'Rakan', 'Smolder')",0,1,1
"('Aatrox', 'Aphelios', 'Fiddlesticks', 'Janna', 'Katarina')",1,0,1
"('Aurelion Sol', 'Graves', 'Poppy', 'Vayne', 'Xayah')",0,1,1
"('Akali', 'Cassiopeia', 'Draven', 'Jax', 'Nautilus')",0,1,1
"('Hwei', 'Janna', 'Kalista', 'Kindred', 'Malphite')",0,1,1
"('Ashe', 'Jhin', 'Kennen', 'LeBlanc', 'Viego')",0,1,1
"('Azir', 'Caitlyn', 'Gwen', 'Neeko', 'Viego')",0,1,1
"('Akali', 'Corki', 'Jayce', 'Rell', 'Viego')",0,1,1
"('Ashe', 'LeBlanc', 'Nunu & Willump', 'Tryndamere', 'Varus')",1,0,1
"('Corki', 'Karthus', 'Rell', 'Tristana', 'Urgot')",1,0,1
"('Camille', 'Ezreal', 'Janna', 'Pantheon', 'Taliyah')",1,0,1
"('Akali', 'Ashe', 'Janna', 'Jax', 'Lee Sin')",1,0,1
"('Graves', ""Kai'Sa"", 'Kennen', 'Nautilus', 'Taliyah')",1,0,1
"('Elise', 'Jayce', 'Rell', 'Renekton', 'Zeri')",1,0,1
"('Ashe', 'Darius', 'Leona', 'Taliyah', 'Yone')",0,1,1
"('Corki', 'Jinx', 'Karthus', 'Rell', 'Skarner')",1,0,1
"('Ahri', 'Corki', 'Hecarim', 'Nasus', 'Rell')",0,1,1
"('Draven', 'Jax', 'Nautilus', ""Rek'Sai"", 'Vex')",1,0,1
"('Graves', 'Janna', 'Lux', 'Varus', 'Vayne')",1,0,1
"('Caitlyn', 'Graves', 'Skarner', 'Taric', 'Zoe')",1,0,1
"('Nautilus', 'Senna', 'Urgot', 'Vi', 'Xerath')",0,1,1
"('Ahri', 'Ashe', 'Nautilus', 'Twisted Fate', 'Viego')",1,0,1
"('Corki', 'Janna', 'Karthus', 'Tristana', 'Zac')",0,1,1
"('Ahri', 'Master Yi', 'Rakan', 'Samira', 'Skarner')",0,1,1
"('Aurelion Sol', 'Blitzcrank', 'Graves', 'Jinx', 'Pantheon')",0,1,1
"('Ashe', 'Blitzcrank', 'Katarina', 'Master Yi', 'Twisted Fate')",0,1,1
"('Cassiopeia', 'Corki', 'Malphite', 'Nautilus', 'Rengar')",0,1,1
"('Corki', 'Milio', 'Rumble', 'Tristana', 'Viego')",1,0,1
"('Anivia', 'Camille', 'Ezreal', ""Kha'Zix"", 'Taliyah')",1,0,1
"('Corki', 'Poppy', 'Rumble', 'Skarner', 'Syndra')",0,1,1
"('Corki', 'Master Yi', 'Taric', 'Twisted Fate', 'Volibear')",0,1,1
"('Braum', 'Gwen', 'Jinx', 'Malphite', 'Shaco')",0,1,1
"('Jayce', 'Ornn', 'Senna', 'Taliyah', 'Tryndamere')",0,1,1
"('Janna', 'Kennen', 'LeBlanc', 'Twitch', 'Vi')",1,0,1
"('Caitlyn', 'Nautilus', 'Taliyah', 'Tristana', 'Yorick')",1,0,1
"('Bard', 'Gragas', 'Smolder', 'Tryndamere', 'Xin Zhao')",0,1,1
"('Corki', 'Jax', 'Tristana', 'Tryndamere', 'Yuumi')",1,0,1
"('Akshan', 'Lillia', 'Nautilus', 'Tryndamere', 'Varus')",1,0,1
"('Ahri', 'Draven', 'Thresh', 'Tryndamere', 'Viego')",0,1,1
"('Alistar', 'Fiddlesticks', 'Galio', ""Kog'Maw"", 'Tryndamere')",0,1,1
"('Fiddlesticks', 'Rell', 'Samira', 'Tristana', 'Tryndamere')",1,0,1
"('Nautilus', 'Rumble', 'Taliyah', 'Varus', 'Viego')",0,1,1
"('Bard', 'Fiddlesticks', 'Tryndamere', 'Xayah', 'Yone')",1,0,1
"('Fiddlesticks', 'Orianna', 'Pyke', 'Tryndamere', 'Xayah')",0,1,1
"('Corki', 'Fiddlesticks', 'Nautilus', 'Tryndamere', 'Viego')",1,0,1
"('Ashe', 'Hwei', 'Kalista', 'Nidalee', 'Tryndamere')",1,0,1
"('Karthus', 'Poppy', 'Renekton', 'Samira', 'Tryndamere')",1,0,1
"('Aphelios', 'Lillia', 'Talon', 'Thresh', 'Tryndamere')",0,1,1
"('Draven', 'Graves', 'Janna', 'Tryndamere', 'Twisted Fate')",0,1,1
"('Galio', 'Janna', 'Jayce', 'Karthus', 'Lucian')",1,0,1
"(""Kai'Sa"", 'Nautilus', 'Sylas', 'Tryndamere', 'Yone')",1,0,1
"('Lucian', 'Rell', 'Rumble', 'Taliyah', 'Viego')",1,0,1
"('Heimerdinger', 'Hwei', 'Lee Sin', 'Tristana', 'Yone')",0,1,1
"('Corki', 'Elise', 'Rakan', 'Renekton', 'Zeri')",1,0,1
"('Aphelios', 'Hecarim', 'Jayce', 'Senna', 'Sylas')",1,0,1
"('Ashe', 'Kalista', 'Lee Sin', 'Twisted Fate', 'Yasuo')",1,0,1
"('Aatrox', 'Graves', 'Nautilus', 'Sivir', 'Taliyah')",1,0,1
"('Caitlyn', 'Janna', 'Lee Sin', 'Rumble', 'Twisted Fate')",1,0,1
"('Fiddlesticks', 'Fiora', 'Janna', 'Singed', 'Smolder')",0,1,1
"(""Kai'Sa"", 'Pantheon', 'Pyke', 'Rumble', 'Tristana')",0,1,1
"('Aphelios', 'Janna', 'Jayce', 'Kindred', 'Viktor')",0,1,1
"('Alistar', ""Kai'Sa"", 'Renekton', 'Syndra', 'Taliyah')",0,1,1
"('Ezreal', 'Janna', 'Kindred', 'Rumble', 'Zed')",0,1,1
"('Akali', 'Ashe', 'Fiora', 'Lee Sin', 'Nautilus')",0,1,1
"('Ashe', 'Lillia', 'Skarner', 'Tristana', 'Viego')",1,0,1
"('Camille', 'Janna', 'Taliyah', 'Twisted Fate', 'Yone')",0,1,1
"('Janna', 'Kennen', 'Taliyah', 'Tristana', 'Viego')",1,0,1
"('Aurelion Sol', 'Gragas', 'Janna', 'Kindred', 'Sivir')",1,0,1
"('Camille', 'Lillia', 'Pantheon', 'Renekton', 'Tristana')",0,1,1
"('Hwei', 'Kalista', 'Skarner', 'Thresh', 'Vi')",1,0,1
"('Kalista', 'Ornn', ""Rek'Sai"", 'Taric', 'Yasuo')",1,0,1
"('Elise', 'Jayce', 'Nilah', 'Taric', 'Tristana')",1,0,1
"('Corki', 'LeBlanc', ""Rek'Sai"", 'Rell', 'Teemo')",1,0,1
"('Ashe', 'Graves', ""K'Sante"", 'Malzahar', 'Maokai')",0,1,1
"(""Kai'Sa"", 'Lee Sin', 'Nautilus', 'Viktor', 'Yone')",1,0,1
"('Alistar', 'Graves', 'Hwei', ""K'Sante"", 'Lucian')",1,0,1
"('Camille', 'Ezreal', 'Jayce', 'Lillia', 'Rumble')",1,0,1
"('Nidalee', 'Pantheon', 'Rakan', 'Tryndamere', 'Xayah')",0,1,1
"('Hwei', 'Jinx', 'Skarner', 'Thresh', 'Viego')",1,0,1
"('Ashe', 'Kassadin', 'Rakan', 'Skarner', 'Viego')",1,0,1
"('Blitzcrank', 'Jinx', 'Nidalee', 'Renekton', 'Skarner')",1,0,1
"('Galio', 'Graves', ""K'Sante"", 'Milio', 'Sivir')",0,1,1
"('Akali', 'Kindred', 'Renekton', 'Shaco', 'Sivir')",0,1,1
"('Camille', 'Katarina', 'Nidalee', 'Nilah', 'Senna')",0,1,1
"(""K'Sante"", ""Kai'Sa"", 'Lillia', 'Thresh', 'Yone')",1,0,1
"('Ahri', ""K'Sante"", ""Kai'Sa"", 'Kindred', 'Nautilus')",0,1,1
"('Gragas', 'Jayce', 'Jhin', ""Rek'Sai"", 'Zoe')",1,0,1
"('Hwei', 'Pyke', 'Tristana', 'Vayne', 'Viego')",0,1,1
"('Aatrox', 'Ahri', 'Kalista', 'Lee Sin', 'Senna')",0,1,1
"('Kalista', 'Kindred', 'Senna', 'Skarner', 'Vex')",0,1,1
"('Akshan', 'Camille', 'Gragas', 'Jinx', 'Nunu & Willump')",1,0,1
"('Aphelios', 'Lillia', 'Lulu', 'Naafiri', 'Renekton')",0,1,1
"('Nidalee', 'Senna', 'Shen', 'Tristana', 'Varus')",1,0,1
"('Corki', 'Lee Sin', 'Leona', 'Syndra', 'Twisted Fate')",0,1,1
"('Kayn', 'Senna', 'Syndra', 'Varus', 'Volibear')",1,0,1
"('Draven', 'Gragas', 'Rumble', 'Tristana', 'Udyr')",0,1,1
"('Caitlyn', 'Rammus', 'Senna', 'Taliyah', 'Yasuo')",1,0,1
"('Corki', 'Galio', 'Gragas', 'Shaco', 'Viego')",1,0,1
"('Draven', 'Senna', 'Skarner', 'Viego', 'Yasuo')",0,1,1
"('Draven', 'Gnar', 'Nidalee', 'Senna', 'Viego')",0,1,1
"('Aatrox', 'Akshan', 'Draven', 'Karthus', 'Senna')",1,0,1
"('Corki', 'Rakan', 'Skarner', 'Taliyah', 'Tristana')",1,0,1
"(""K'Sante"", ""Kai'Sa"", 'Lillia', 'Maokai', 'Tristana')",1,0,1
"('Lucian', 'Nami', 'Nidalee', 'Twisted Fate', 'Viego')",1,0,1
"('Alistar', 'Jhin', ""Rek'Sai"", 'Skarner', 'Zac')",1,0,1
"('Jinx', ""K'Sante"", 'Rumble', 'Twisted Fate', 'Viego')",1,0,1
"('Annie', 'Draven', 'Graves', ""K'Sante"", 'Sylas')",1,0,1
"('Akali', ""K'Sante"", 'Shaco', 'Tristana', 'Viego')",1,0,1
"('Akshan', 'Corki', 'Karthus', 'Pyke', 'Tryndamere')",1,0,1
"('Lee Sin', 'Nautilus', 'Skarner', 'Taliyah', 'Varus')",0,1,1
"('Fiora', ""Kai'Sa"", 'Kindred', 'Rell', 'Viktor')",1,0,1
"(""Bel'Veth"", 'Camille', 'Corki', 'Gwen', ""Vel'Koz"")",1,0,1
"('Gwen', ""Kai'Sa"", 'Katarina', 'Lee Sin', 'Renata Glasc')",1,0,1
"('Hwei', ""Kai'Sa"", 'Lee Sin', 'Olaf', 'Twisted Fate')",1,0,1
"('Fiddlesticks', ""K'Sante"", ""Kai'Sa"", 'Katarina', 'Nautilus')",1,0,1
"('Aatrox', 'Alistar', 'Jinx', 'Malzahar', 'Taliyah')",1,0,1
"('Camille', ""K'Sante"", 'Orianna', 'Viego', 'Zeri')",1,0,1
"('Alistar', 'Corki', 'Hwei', 'Jax', 'Skarner')",1,0,1
"('Jhin', ""K'Sante"", 'Nautilus', 'Qiyana', 'Taliyah')",1,0,1
"('Corki', 'Hwei', 'Pyke', 'Skarner', 'Udyr')",0,1,1
"('Jinx', ""K'Sante"", 'Seraphine', 'Tristana', 'Zyra')",1,0,1
"('Ashe', 'Aurelion Sol', 'Blitzcrank', ""K'Sante"", 'Nunu & Willump')",0,1,1
"('Hwei', ""K'Sante"", 'Lee Sin', 'Miss Fortune', 'Rell')",1,0,1
"('Kalista', 'Nautilus', 'Nidalee', 'Skarner', 'Tristana')",1,0,1
"('Aatrox', 'Corki', 'Lee Sin', 'Lulu', 'Rumble')",1,0,1
"('Aphelios', 'Camille', 'Lillia', 'Skarner', 'Tristana')",1,0,1
"('Ashe', 'Rell', 'Skarner', 'Taliyah', 'Tristana')",0,1,1
"('Master Yi', 'Rell', 'Rumble', 'Talon', 'Xayah')",1,0,1
"('Jinx', 'Rakan', 'Sylas', 'Viego', 'Yone')",1,0,1
"('Fiora', 'Jax', ""Kai'Sa"", 'Lux', 'Zyra')",1,0,1
"(""K'Sante"", ""Kai'Sa"", 'LeBlanc', 'Lee Sin', 'Rakan')",1,0,1
"('Alistar', ""Kai'Sa"", 'Lee Sin', 'Skarner', 'Sylas')",0,1,1
"('Graves', 'Leona', 'Skarner', 'Sylas', 'Varus')",1,0,1
"('Blitzcrank', 'Jhin', ""K'Sante"", 'Lillia', 'Tristana')",0,1,1
"('Ornn', ""Rek'Sai"", 'Sona', 'Sylas', 'Vayne')",1,0,1
"('Irelia', 'Karthus', 'LeBlanc', 'Senna', 'Smolder')",1,0,1
"('Aphelios', 'Corki', 'Gwen', 'Lee Sin', 'Thresh')",1,0,1
"('Jinx', 'Olaf', 'Taliyah', 'Thresh', 'Tristana')",1,0,1
"('Hwei', ""Kai'Sa"", 'Lillia', 'Sion', 'Thresh')",0,1,1
"('Aphelios', 'Camille', 'Janna', 'LeBlanc', 'Taliyah')",1,0,1
"('Jayce', 'LeBlanc', 'Nautilus', 'Senna', 'Taliyah')",1,0,1
"('Camille', 'Jhin', 'Senna', 'Shaco', 'Zoe')",1,0,1
"('Camille', 'Ekko', 'Janna', 'Lucian', 'Zed')",1,0,1
"('Irelia', 'Nidalee', 'Shaco', 'Tryndamere', 'Zeri')",0,1,1
"('Aatrox', 'Aurelion Sol', 'Jinx', 'Thresh', 'Wukong')",0,1,1
"('Jinx', 'Kennen', 'Lee Sin', 'Thresh', 'Yasuo')",1,0,1
"('Cassiopeia', ""K'Sante"", 'Lucian', 'Nami', ""Rek'Sai"")",0,1,1
"('Jax', 'Karthus', 'Senna', 'Tristana', 'Zeri')",1,0,1
"('Akshan', 'Caitlyn', 'Janna', 'Lillia', 'Xin Zhao')",0,1,1
"('Graves', 'Jinx', 'Thresh', 'Zac', 'Zoe')",1,0,1
"('Ahri', 'Senna', 'Skarner', 'Vi', 'Zeri')",0,1,1
"('Akali', 'Annie', 'Janna', ""Rek'Sai"", 'Varus')",1,0,1
"('Kennen', 'Rell', 'Varus', 'Viego', 'Xerath')",1,0,1
"('Galio', 'Jinx', 'Rumble', 'Thresh', 'Viego')",1,0,1
"('Draven', 'Gragas', 'Jayce', 'Shaco', 'Thresh')",1,0,1
"('Corki', 'Nautilus', 'Senna', 'Skarner', 'Varus')",0,1,1
"('Azir', 'Graves', 'Kalista', 'Poppy', 'Tryndamere')",1,0,1
"('Ashe', 'Gragas', 'Taliyah', 'Thresh', 'Tristana')",1,0,1
"('Blitzcrank', 'Ekko', 'Jarvan IV', 'Kalista', 'Tryndamere')",0,1,1
"('LeBlanc', 'Nilah', ""Rek'Sai"", 'Senna', 'Tryndamere')",1,0,1
"('Shen', 'Varus', 'Viego', 'Zed', 'Zyra')",1,0,1
"('Lucian', 'Nami', 'Pantheon', 'Tryndamere', 'Yone')",1,0,1
"('Blitzcrank', 'Diana', 'Jayce', 'Tryndamere', 'Zeri')",0,1,1
"('Nautilus', 'Ornn', 'Pantheon', 'Senna', 'Taliyah')",0,1,1
"('Janna', 'Jayce', 'Jinx', 'Poppy', 'Taliyah')",0,1,1
"('Kalista', 'Nautilus', 'Nidalee', 'Ryze', 'Tryndamere')",0,1,1
"('Jhin', 'Karthus', 'Rakan', 'Skarner', 'Tryndamere')",1,0,1
"('Ekko', 'Jinx', 'Kindred', 'Malphite', 'Nautilus')",1,0,1
"('Lillia', 'Lucian', 'Nautilus', 'Tryndamere', 'Vex')",1,0,1
"('Aurelion Sol', 'Irelia', 'Janna', ""Kai'Sa"", 'Wukong')",0,1,1
"('Nautilus', 'Samira', 'Skarner', 'Taliyah', 'Vex')",0,1,1
"('Caitlyn', 'Hwei', 'Ornn', 'Senna', 'Xin Zhao')",1,0,1
"('Akshan', 'Corki', 'Lillia', 'Nautilus', 'Rumble')",1,0,1
"('Lillia', 'Miss Fortune', 'Pantheon', 'Qiyana', 'Senna')",0,1,1
"('Hwei', 'Jinx', 'Senna', 'Skarner', 'Viego')",1,0,1
"('Aurelion Sol', 'Caitlyn', 'Nautilus', 'Taliyah', 'Viego')",1,0,1
"('Akali', 'Gangplank', 'Jinx', 'Nautilus', 'Rengar')",0,1,1
"('Ashe', 'Brand', 'Nidalee', 'Renekton', 'Senna')",1,0,1
"('Corki', 'Lucian', 'Senna', 'Seraphine', 'Xin Zhao')",0,1,1
"('Aatrox', 'Camille', 'Ekko', ""Kai'Sa"", 'Lee Sin')",0,1,1
"('Ashe', 'Jayce', 'Taliyah', 'Thresh', 'Tryndamere')",0,1,1
"('Corki', 'Kindred', 'Qiyana', 'Rumble', 'Senna')",0,1,1
"(""Kai'Sa"", 'Kindred', 'Mordekaiser', 'Quinn', 'Sona')",0,1,1
"('Corki', 'Irelia', 'Skarner', 'Taliyah', 'Thresh')",0,1,1
"('Jax', 'Jhin', 'Lee Sin', 'Senna', 'Syndra')",0,1,1
"('Ashe', 'Kindred', 'Neeko', 'Ornn', 'Senna')",1,0,1
"('Corki', 'Dr. Mundo', 'Fiddlesticks', 'Rell', 'Sivir')",0,1,1
"(""Bel'Veth"", 'Caitlyn', 'Gragas', ""Kog'Maw"", 'Senna')",1,0,1
"(""Bel'Veth"", 'Jinx', 'LeBlanc', 'Skarner', 'Thresh')",1,0,1
"('Corki', ""Kai'Sa"", 'Karthus', 'Nautilus', 'Zac')",1,0,1
"('Hecarim', 'Lucian', 'Nami', 'Rumble', 'Tristana')",1,0,1
"('Anivia', 'Ashe', 'Nocturne', 'Olaf', 'Senna')",0,1,1
"('Anivia', 'Maokai', 'Renekton', 'Soraka', 'Twisted Fate')",0,1,1
"('Hwei', ""K'Sante"", 'Pyke', 'Samira', 'Viego')",1,0,1
"('Jax', 'Lucian', 'Nami', 'Nunu & Willump', 'Viego')",0,1,1
"('Gragas', 'Rumble', 'Senna', 'Tristana', 'Varus')",0,1,1
"('Corki', 'Jax', 'Jinx', 'Karthus', 'Senna')",1,0,1
"('Ahri', 'Caitlyn', ""K'Sante"", 'Senna', 'Viego')",1,0,1
"('Kalista', 'Katarina', 'Renekton', 'Senna', 'Viego')",1,0,1
"(""K'Sante"", 'Lucian', 'Nidalee', 'Senna', 'Twisted Fate')",1,0,1
"('Akshan', 'Caitlyn', 'Nidalee', 'Senna', 'Twisted Fate')",1,0,1
"('Karthus', 'Nautilus', 'Renekton', 'Senna', 'Twisted Fate')",0,1,1
"('Gnar', 'Kalista', 'Karthus', 'Sona', 'Talon')",1,0,1
"('Bard', 'Jax', 'Smolder', 'Sylas', 'Zeri')",0,1,1
"('Ashe', 'Senna', 'Sylas', 'Warwick', 'Yasuo')",0,1,1
"('Aphelios', 'Braum', 'Jarvan IV', 'Taliyah', 'Volibear')",0,1,1
"('Leona', 'Taliyah', 'Varus', 'Viego', 'Zeri')",0,1,1
"('Kalista', 'Senna', 'Taliyah', 'Varus', 'Yasuo')",0,1,1
"('Kennen', 'LeBlanc', 'Lee Sin', 'Rell', 'Zeri')",0,1,1
"('Braum', 'Gragas', 'Hwei', 'Lucian', ""Rek'Sai"")",1,0,1
"('Hecarim', 'LeBlanc', 'Singed', 'Thresh', 'Varus')",1,0,1
"('Corki', 'Graves', 'LeBlanc', 'Taliyah', 'Twisted Fate')",0,1,1
"('Ashe', ""K'Sante"", 'Lissandra', 'Varus', 'Viego')",1,0,1
"('Jax', ""Kai'Sa"", 'Rell', 'Skarner', 'Sylas')",1,0,1
"('Aurelion Sol', 'Elise', 'Jax', 'Kalista', 'Poppy')",0,1,1
"('Draven', 'Hwei', 'Jax', 'Renekton', 'Sylas')",1,0,1
"('Aurelion Sol', 'Jax', 'Quinn', 'Sylas', 'Varus')",1,0,1
"('Camille', 'Gwen', 'Kennen', 'Lucian', 'Yasuo')",1,0,1
"('Akshan', 'Jax', ""Kai'Sa"", 'Rumble', 'Thresh')",1,0,1
"('Cassiopeia', 'Jax', 'Lucian', 'Sylas', 'Thresh')",1,0,1
"('Ashe', 'Blitzcrank', 'Jax', 'Skarner', 'Veigar')",1,0,1
"('Azir', 'Janna', ""Kai'Sa"", 'Lee Sin', 'Twisted Fate')",0,1,1
"('Aatrox', 'Katarina', 'Lee Sin', 'Morgana', 'Sivir')",1,0,1
"('Ashe', 'Nautilus', 'Nidalee', 'Ornn', 'Tristana')",1,0,1
"('Ashe', 'Heimerdinger', 'Jarvan IV', 'Renekton', 'Taliyah')",0,1,1
"('Gangplank', 'Nidalee', 'Rakan', 'Tristana', 'Zeri')",1,0,1
"('Katarina', ""Kha'Zix"", 'Lulu', 'Renekton', 'Zeri')",1,0,1
"('Kennen', 'Kindred', 'Rakan', 'Twitch', 'Yone')",0,1,1
"('Azir', 'Camille', 'Jarvan IV', ""Kai'Sa"", 'Riven')",1,0,1
"('Gragas', 'Rakan', 'Riven', 'Skarner', 'Twitch')",1,0,1
"('Gragas', 'Hecarim', 'Lucian', 'Nami', 'Talon')",0,1,1
"('Brand', ""K'Sante"", ""Kai'Sa"", 'Ornn', 'Rell')",0,1,1
"('Corki', 'Janna', 'Jinx', 'Taliyah', 'Vladimir')",0,1,1
"('Ahri', 'Lulu', 'Rumble', 'Viego', 'Zeri')",0,1,1
"(""Kai'Sa"", 'Renekton', 'Skarner', 'Taliyah', 'Tristana')",1,0,1
"(""Kai'Sa"", 'Lillia', 'Rakan', 'Rumble', 'Tristana')",0,1,1
"('Ivern', 'Janna', 'Kled', 'Smolder', 'Yone')",1,0,1
"(""Kai'Sa"", 'Seraphine', 'Skarner', 'Sylas', 'Twisted Fate')",0,1,1
"('Draven', 'Gwen', 'Pyke', 'Twisted Fate', 'Xin Zhao')",0,1,1
"('Camille', 'Nunu & Willump', 'Renekton', 'Varus', 'Yone')",0,1,1
"('Jax', ""Kog'Maw"", 'Malphite', 'Shaco', 'Zeri')",0,1,1
"(""Kai'Sa"", 'Nidalee', 'Qiyana', 'Rakan', 'Renekton')",1,0,1
"('Cassiopeia', 'Lee Sin', 'Syndra', 'Yuumi', 'Zeri')",0,1,1
"('Hwei', 'Shaco', 'Thresh', 'Tryndamere', 'Varus')",1,0,1
"('Gnar', ""Kai'Sa"", 'Kindred', 'LeBlanc', 'Maokai')",1,0,1
"('Blitzcrank', 'Corki', 'Hwei', 'Kayle', 'Lee Sin')",1,0,1
"('Camille', ""Kai'Sa"", 'Lee Sin', 'Skarner', 'Sylas')",0,1,1
"('Camille', 'Jinx', 'Lulu', 'Orianna', 'Viego')",1,0,1
"('Ashe', 'Camille', 'Singed', 'Zed', 'Zyra')",1,0,1
"('Karthus', 'Rell', 'Renekton', 'Tristana', 'Zeri')",1,0,1
"('Hwei', ""Kai'Sa"", 'Nautilus', ""Rek'Sai"", 'Smolder')",1,0,1
"('Ashe', 'Katarina', 'Kennen', ""Rek'Sai"", 'Senna')",1,0,1
"('Irelia', ""Kha'Zix"", ""Kog'Maw"", 'Rakan', 'Twisted Fate')",0,1,1
"('Ashe', 'Gwen', 'Hwei', 'Kindred', 'Thresh')",1,0,1
"('Camille', 'Jinx', 'Sylas', 'Thresh', 'Xin Zhao')",1,0,1
"('Akali', ""Kha'Zix"", 'Nautilus', 'Tristana', 'Varus')",0,1,1
"('Evelynn', 'Jax', 'LeBlanc', 'Senna', 'Varus')",0,1,1
"('Ashe', 'Lillia', 'Rakan', 'Singed', 'Varus')",0,1,1
"('Nasus', 'Nautilus', 'Rammus', 'Varus', 'Yone')",1,0,1
"('Aurelion Sol', 'Gnar', ""Kai'Sa"", 'Lee Sin', 'Leona')",1,0,1
"(""K'Sante"", 'Lucian', 'Nidalee', 'Yone', 'Yuumi')",1,0,1
"('Camille', 'Jinx', 'Lillia', 'Vayne', 'Zed')",0,1,1
"('Alistar', 'Gnar', ""Kai'Sa"", 'Lee Sin', 'Twisted Fate')",1,0,1
"('Aatrox', 'Aurelion Sol', ""Kai'Sa"", 'Nocturne', 'Vladimir')",0,1,1
"('Caitlyn', 'Camille', 'Ezreal', 'Karthus', 'Sylas')",0,1,1
"('Jinx', 'Kennen', 'Taliyah', 'Thresh', 'Zed')",1,0,1
"('Cassiopeia', 'Kindred', 'Nautilus', 'Tristana', 'Zeri')",1,0,1
"('Lillia', 'Rakan', 'Renekton', 'Sylas', 'Zeri')",1,0,1
"('Corki', 'Garen', 'Jax', 'Lulu', 'Zac')",0,1,1
"('Azir', 'Jayce', 'Jhin', 'Thresh', 'Viego')",1,0,1
"(""Bel'Veth"", 'Brand', 'Camille', 'Thresh', 'Zeri')",1,0,1
"('Alistar', 'Fizz', 'Gnar', 'Nidalee', 'Samira')",0,1,1
"('Karthus', 'Rell', 'Samira', 'Twisted Fate', 'Viego')",1,0,1
"('Cassiopeia', 'Hwei', 'Pyke', 'Twisted Fate', 'Viego')",0,1,1
"('Camille', 'Ezreal', 'Illaoi', 'Nidalee', 'Tristana')",1,0,1
"('Aphelios', 'Blitzcrank', 'Gragas', 'Graves', 'Hwei')",0,1,1
"('Camille', 'Jayce', 'Lillia', 'Pyke', 'Zeri')",0,1,1
"('Blitzcrank', 'LeBlanc', ""Rek'Sai"", 'Varus', 'Xin Zhao')",1,0,1
"('Heimerdinger', 'Jarvan IV', 'Lissandra', 'Rell', 'Zeri')",1,0,1
"('Ashe', 'Galio', 'Jayce', 'Rumble', 'Shaco')",0,1,1
"('Hecarim', 'Jayce', 'Katarina', 'Nautilus', 'Zeri')",0,1,1
"('Akshan', 'Lillia', 'Lulu', 'Olaf', 'Zeri')",1,0,1
"('Aphelios', 'Cassiopeia', 'Graves', 'Taric', 'Viktor')",1,0,1
"('Blitzcrank', 'Jayce', ""Kai'Sa"", 'Nidalee', 'Tristana')",1,0,1
"('Gragas', 'Lee Sin', 'Rell', 'Twisted Fate', 'Zeri')",1,0,1
"(""Kha'Zix"", 'Rell', 'Twisted Fate', 'Viktor', 'Zeri')",1,0,1
"('Blitzcrank', 'Gwen', 'Jinx', 'LeBlanc', 'Viego')",1,0,1
"('Hwei', ""K'Sante"", 'Kindred', 'Nautilus', 'Swain')",1,0,1
"('Galio', 'Kindred', 'Pyke', 'Skarner', 'Twitch')",0,1,1
"('Alistar', 'Graves', 'Heimerdinger', 'Hwei', ""Kai'Sa"")",0,1,1
"('Ahri', 'Nautilus', 'Ornn', 'Viego', 'Zeri')",0,1,1
"('Hecarim', 'Mordekaiser', 'Neeko', 'Rakan', 'Twitch')",0,1,1
"('Alistar', ""Bel'Veth"", 'Master Yi', 'Skarner', 'Zeri')",1,0,1
"('Graves', 'Jhin', 'Karma', 'Rumble', 'Yone')",1,0,1
"('Aatrox', 'Blitzcrank', 'Ekko', 'Jayce', 'Varus')",1,0,1
"('Camille', 'Darius', 'Hwei', 'Lillia', 'Lucian')",0,1,1
"('Aurelion Sol', ""Bel'Veth"", 'Lucian', 'Rell', 'Twisted Fate')",0,1,1
"('Draven', 'Lee Sin', 'Nautilus', 'Rumble', 'Yone')",0,1,1
"('Lillia', 'Lucian', 'Malphite', 'Rell', 'Yasuo')",0,1,1
"('Hwei', 'Jax', ""Kha'Zix"", 'Rakan', 'Samira')",1,0,1
"('Aatrox', 'Nunu & Willump', 'Pantheon', 'Renata Glasc', 'Varus')",0,1,1
"('Brand', 'Corki', 'Draven', ""K'Sante"", 'Nautilus')",0,1,1
"('Blitzcrank', 'Darius', 'Ivern', 'Lissandra', 'Varus')",1,0,1
"(""K'Sante"", 'Lee Sin', 'Samira', 'Twisted Fate', 'Zoe')",1,0,1
"('Hwei', 'Kayn', 'Rumble', 'Tristana', 'Yone')",1,0,1
"('Alistar', 'Camille', 'Nocturne', 'Varus', 'Zoe')",0,1,1
"('Blitzcrank', ""K'Sante"", 'Karthus', 'Yone', 'Zeri')",1,0,1
"('Caitlyn', 'Dr. Mundo', 'Nidalee', 'Thresh', 'Tristana')",0,1,1
"('Renekton', 'Taliyah', 'Thresh', 'Tristana', 'Varus')",0,1,1
"('Jax', 'Jayce', 'Jinx', 'Nidalee', 'Taric')",0,1,1
"('Caitlyn', 'Galio', 'Hwei', ""Rek'Sai"", 'Zac')",0,1,1
"('Ashe', 'Sivir', 'Taliyah', 'Twisted Fate', 'Volibear')",0,1,1
"('Nidalee', 'Rakan', 'Rumble', 'Samira', 'Tristana')",0,1,1
"('Camille', 'Fiddlesticks', 'Nilah', 'Senna', 'Xerath')",1,0,1
"('Irelia', 'Rumble', 'Skarner', 'Taric', 'Zeri')",0,1,1
"('Jayce', ""Kha'Zix"", 'Lucian', 'Nami', 'Vex')",1,0,1
"('Aatrox', 'Braum', 'Graves', 'Hwei', 'Jinx')",0,1,1
"('Ezreal', 'Karma', 'Katarina', 'Viego', 'Warwick')",1,0,1
"(""Kai'Sa"", 'Pyke', 'Skarner', 'Taliyah', 'Viego')",0,1,1
"('Jinx', 'Pantheon', 'Rakan', 'Viego', 'Xerath')",0,1,1
"('Caitlyn', 'Jayce', 'Rakan', 'Taliyah', 'Yone')",0,1,1
"(""Kai'Sa"", 'Katarina', 'Maokai', 'Pyke', 'Yone')",1,0,1
"('Ashe', 'Jarvan IV', ""K'Sante"", 'Rumble', 'Twisted Fate')",0,1,1
"('Anivia', 'Gnar', ""Kai'Sa"", 'Lee Sin', 'Nautilus')",1,0,1
"('Draven', 'Fiora', 'Lillia', 'Nautilus', 'Yone')",1,0,1
"('Corki', 'Gragas', 'Nautilus', 'Taliyah', 'Vi')",0,1,1
"('Camille', 'Neeko', 'Riven', 'Viego', 'Zeri')",0,1,1
"('Akshan', 'Lillia', 'Twisted Fate', 'Zac', 'Zeri')",1,0,1
"('Jhin', ""K'Sante"", 'Taliyah', 'Zed', 'Zyra')",0,1,1
"('Gwen', 'Kled', 'Lulu', 'Rumble', 'Zeri')",0,1,1
"('Jayce', 'Jhin', 'Karthus', 'Rumble', 'Twisted Fate')",0,1,1
"('Seraphine', 'Tristana', 'Vayne', 'Zac', 'Zeri')",0,1,1
"('Ahri', 'Camille', 'Nunu & Willump', 'Taric', 'Twitch')",1,0,1
"('Brand', ""Kai'Sa"", 'Nautilus', 'Olaf', 'Tristana')",0,1,1
"('Alistar', 'Cassiopeia', 'Lillia', 'Pantheon', 'Zeri')",1,0,1
"('Draven', 'Kalista', 'Katarina', 'Nautilus', 'Zac')",0,1,1
"('Aurelion Sol', 'Jarvan IV', ""Kai'Sa"", 'Nautilus', 'Zac')",1,0,1
"('Hwei', 'Karthus', 'Pyke', 'Sion', 'Varus')",0,1,1
"('Akali', ""Kai'Sa"", 'Kindred', 'Nautilus', 'Smolder')",1,0,1
"('Caitlyn', 'Lee Sin', 'Renekton', 'Syndra', 'Taric')",0,1,1
"('Akali', 'Blitzcrank', 'Camille', 'Draven', 'Graves')",0,1,1
"('Aatrox', 'Ezreal', 'Orianna', 'Rumble', 'Shaco')",1,0,1
"('Camille', 'Corki', 'Nunu & Willump', 'Olaf', 'Twisted Fate')",1,0,1
"('Camille', 'Galio', 'Kalista', 'Nunu & Willump', 'Thresh')",1,0,1
"('Corki', 'Ezreal', 'Nidalee', 'Rell', 'Urgot')",0,1,1
"('Akali', ""Bel'Veth"", 'Lucian', 'Shaco', 'Volibear')",0,1,1
"('Nidalee', 'Pyke', 'Senna', 'Skarner', 'Twisted Fate')",1,0,1
"('Hecarim', 'LeBlanc', 'Renata Glasc', 'Varus', 'Volibear')",1,0,1
"('Azir', ""Kha'Zix"", 'Nasus', 'Rakan', 'Zeri')",0,1,1
"('Ashe', 'Nidalee', 'Rumble', 'Taric', 'Tristana')",1,0,1
"('Alistar', 'Corki', 'Katarina', 'Twisted Fate', 'Vi')",1,0,1
"('Corki', 'Jax', 'LeBlanc', 'Rakan', ""Rek'Sai"")",0,1,1
"('Diana', 'Nasus', 'Nautilus', 'Varus', 'Yone')",0,1,1
"('Bard', 'Jayce', 'Jhin', 'Lillia', 'Yasuo')",0,1,1
"('Camille', ""Kai'Sa"", 'Kindred', 'Taric', 'Yasuo')",1,0,1
"('Galio', 'Gragas', 'Twisted Fate', 'Viego', 'Xerath')",0,1,1
"('Corki', 'Pyke', 'Rumble', 'Twisted Fate', 'Volibear')",0,1,1
"('Gragas', ""Kai'Sa"", 'Skarner', 'Vayne', 'Yuumi')",0,1,1
"(""Bel'Veth"", 'Lissandra', 'Rell', 'Twisted Fate', 'Vayne')",1,0,1
"('Aatrox', 'Hwei', 'Taliyah', 'Yuumi', 'Zeri')",1,0,1
"('Akali', 'Kindred', 'Lucian', 'Nami', 'Orianna')",0,1,1
"('LeBlanc', 'Rakan', 'Skarner', 'Viego', 'Zeri')",0,1,1
"('Hwei', 'Jinx', ""Rek'Sai"", 'Warwick', 'Zac')",0,1,1
"('Irelia', ""Kai'Sa"", 'Karthus', 'Pyke', 'Skarner')",1,0,1
"('Ahri', 'Camille', 'Graves', ""Kai'Sa"", 'Thresh')",0,1,1
"(""Cho'Gath"", 'Galio', 'Rakan', 'Rengar', 'Vayne')",0,1,1
"('Ezreal', 'Hwei', 'Kennen', 'Leona', 'Viego')",0,1,1
"('Brand', 'Corki', 'Rumble', 'Thresh', 'Yone')",0,1,1
"('Garen', 'Neeko', 'Nidalee', 'Taric', 'Tristana')",1,0,1
"('Jinx', 'Kennen', 'Leona', 'Viego', 'Yone')",1,0,1
"('Camille', ""Kai'Sa"", 'Rell', 'Viego', 'Xerath')",0,1,1
"('Kalista', 'Renekton', 'Taliyah', 'Taric', 'Yone')",1,0,1
"('Anivia', ""K'Sante"", ""Kai'Sa"", 'Taric', 'Viego')",1,0,1
"('Lissandra', 'Rumble', 'Xin Zhao', 'Zac', 'Zeri')",1,0,1
"('Heimerdinger', 'Jayce', 'Rell', 'Vex', 'Viego')",1,0,1
"('Mordekaiser', 'Rakan', 'Sejuani', 'Tristana', 'Yone')",1,0,1
"('Aphelios', 'Blitzcrank', 'Karma', 'Twisted Fate', 'Vi')",0,1,1
"('Aatrox', 'Ashe', ""Kha'Zix"", 'Senna', 'Syndra')",0,1,1
"('Anivia', 'Hwei', 'Skarner', 'Taric', 'Twitch')",1,0,1
"('Caitlyn', 'Corki', 'Heimerdinger', ""K'Sante"", 'Nidalee')",1,0,1
"('Ekko', 'Jayce', 'Karthus', 'Poppy', 'Twitch')",0,1,1
"('Akali', 'Jax', 'Soraka', 'Varus', 'Viego')",0,1,1
"('Kled', 'Lee Sin', 'Nilah', 'Syndra', 'Taric')",0,1,1
"('Ezreal', 'Mordekaiser', 'Neeko', 'Sivir', 'Viego')",1,0,1
"('Akali', 'Gwen', ""Kai'Sa"", 'Kennen', 'Rell')",1,0,1
"('Akali', ""Cho'Gath"", 'Corki', 'Viego', 'Zac')",0,1,1
"('Camille', 'Jinx', 'Katarina', 'Rell', 'Viego')",1,0,1
"('Diana', 'Draven', 'Nautilus', 'Talon', 'Zac')",0,1,1
"('Corki', 'Karthus', 'Skarner', 'Twisted Fate', 'Zeri')",1,0,1
"('Ahri', 'Jinx', ""K'Sante"", 'Thresh', 'Viego')",0,1,1
"('Braum', 'Corki', 'Nidalee', 'Varus', 'Zac')",1,0,1
"('Corki', 'Milio', 'Taliyah', 'Twitch', 'Zac')",1,0,1
"('Ahri', 'Draven', 'Graves', 'Seraphine', 'Skarner')",0,1,1
"('Aatrox', 'Camille', 'Pyke', 'Syndra', 'Talon')",0,1,1
"('Ashe', 'Aurelion Sol', 'Hwei', 'Ornn', 'Viego')",0,1,1
"('Camille', 'Lillia', 'Nautilus', 'Tristana', 'Xayah')",0,1,1
"('Corki', 'Kalista', 'Nasus', 'Nautilus', 'Nidalee')",1,0,1
"('Corki', 'Rakan', 'Taliyah', 'Twisted Fate', 'Yone')",1,0,1
"('Gwen', 'Rakan', 'Taliyah', 'Xayah', 'Zed')",1,0,1
"('Cassiopeia', 'Elise', 'Lucian', 'Nami', 'Yone')",0,1,1
"('Ahri', 'Ashe', 'Camille', 'Jayce', 'Vi')",1,0,1
"('Aphelios', 'Nautilus', 'Nidalee', 'Pantheon', 'Tristana')",0,1,1
"('Irelia', ""Kai'Sa"", 'Nautilus', 'Taliyah', 'Vayne')",1,0,1
"('Leona', 'Taliyah', 'Twisted Fate', 'Varus', ""Vel'Koz"")",1,0,1
"('Brand', 'Camille', 'Jhin', 'Rumble', 'Vayne')",1,0,1
"('Ashe', 'Corki', 'Hwei', 'Skarner', 'Taliyah')",0,1,1
"('Corki', 'Leona', 'Nidalee', 'Renekton', 'Varus')",1,0,1
"('Caitlyn', 'Camille', 'Hwei', 'Nidalee', 'Skarner')",1,0,1
"('Hwei', 'Jinx', 'Leona', 'Nidalee', 'Twisted Fate')",0,1,1
"('Alistar', 'Gwen', 'Jax', 'Nilah', 'Xerath')",1,0,1
"('Camille', 'Gragas', 'Vex', 'Viego', 'Zeri')",0,1,1
"('Gragas', 'Jhin', 'Nidalee', 'Pantheon', 'Yone')",0,1,1
"('Akali', ""Kai'Sa"", 'Nautilus', 'Sylas', 'Viego')",0,1,1
"('Draven', 'Lee Sin', 'Rumble', 'Swain', 'Vex')",0,1,1
"('Aurelion Sol', 'Bard', 'Darius', 'Nidalee', 'Smolder')",1,0,1
"('Nidalee', 'Rell', 'Tahm Kench', 'Yone', 'Zeri')",1,0,1
"('Lillia', 'Naafiri', 'Nautilus', 'Samira', 'Twisted Fate')",0,1,1
"('Cassiopeia', 'Jinx', 'Rakan', 'Syndra', 'Viego')",0,1,1
"('Aphelios', 'Lee Sin', 'Senna', 'Zac', 'Zoe')",0,1,1
"('Fiddlesticks', 'Kalista', 'Pantheon', 'Talon', 'Twisted Fate')",0,1,1
"('Graves', 'Heimerdinger', 'Pyke', 'Rumble', 'Tristana')",1,0,1
"('Jax', ""Kai'Sa"", 'Master Yi', 'Rell', 'Taliyah')",0,1,1
"('Kindred', 'Nautilus', 'Syndra', 'Twisted Fate', 'Zeri')",0,1,1
"('Lucian', ""Rek'Sai"", 'Rell', 'Twisted Fate', 'Yone')",1,0,1
"('Darius', 'Nidalee', 'Smolder', 'Taric', 'Yone')",0,1,1
"('Anivia', 'Ashe', 'Braum', ""Kha'Zix"", 'Pantheon')",1,0,1
"('Kennen', 'Lee Sin', 'Rakan', 'Twisted Fate', 'Zeri')",1,0,1
"('Braum', 'Corki', 'Jinx', 'Mordekaiser', 'Shyvana')",0,1,1
"('Graves', 'Rumble', 'Skarner', 'Taliyah', 'Zeri')",1,0,1
"('Jax', ""Kai'Sa"", 'Master Yi', 'Nautilus', 'Vex')",0,1,1
"('Jayce', 'Jhin', 'Karthus', 'Rell', 'Renekton')",0,1,1
"('Ezreal', 'Gragas', 'Rakan', 'Tristana', 'Xin Zhao')",0,1,1
"('Akshan', 'Bard', 'Lillia', 'Twisted Fate', 'Varus')",1,0,1
"('Gragas', 'Hwei', ""Kog'Maw"", 'Shen', 'Viego')",1,0,1
"('Corki', 'Nautilus', 'Shen', 'Taliyah', 'Vex')",0,1,1
"('Diana', 'Jax', 'Varus', 'Xerath', 'Yasuo')",1,0,1
"('Camille', 'Kalista', ""Kha'Zix"", 'Sett', 'Syndra')",1,0,1
"('Bard', 'Naafiri', 'Renekton', 'Sejuani', 'Smolder')",1,0,1
"('Azir', 'Hecarim', 'Lucian', 'Nami', 'Tristana')",1,0,1
"('Heimerdinger', ""Kai'Sa"", 'Kennen', ""Rek'Sai"", 'Twisted Fate')",1,0,1
"('Anivia', 'Dr. Mundo', 'Kindred', 'Rakan', 'Zeri')",0,1,1
"('Akali', 'Camille', 'Kalista', 'Lee Sin', 'Skarner')",0,1,1
"('Alistar', 'Brand', 'Galio', 'Tristana', 'Twisted Fate')",1,0,1
"('Jayce', 'Jinx', 'Lee Sin', 'Lulu', 'Taliyah')",0,1,1
"('Ahri', 'Corki', 'Skarner', 'Thresh', 'Vi')",0,1,1
"('Bard', 'Hwei', 'Pantheon', 'Skarner', 'Twitch')",0,1,1
"('Ashe', 'Lulu', 'Milio', 'Orianna', 'Vi')",0,1,1
"(""Kai'Sa"", 'Mordekaiser', 'Qiyana', 'Taric', 'Yasuo')",1,0,1
"('Heimerdinger', ""Kai'Sa"", 'Nautilus', 'Vi', 'Yone')",0,1,1
"('Akshan', 'Galio', 'Jinx', 'Thresh', 'Viego')",0,1,1
"('Ashe', 'Pantheon', 'Seraphine', 'Taliyah', 'Twisted Fate')",1,0,1
"('Hwei', 'Renata Glasc', 'Tryndamere', 'Varus', 'Vi')",0,1,1
"('Ezreal', 'Jax', 'Karthus', 'Lucian', 'Neeko')",0,1,1
"('Darius', 'Seraphine', 'Vi', 'Vladimir', 'Zeri')",1,0,1
"('Ashe', 'Rumble', 'Sylas', 'Twisted Fate', 'Yasuo')",1,0,1
"('Aphelios', 'Janna', 'Nasus', 'Sejuani', 'Yone')",1,0,1
"('Blitzcrank', 'Fiddlesticks', ""Kai'Sa"", 'Master Yi', 'Yone')",0,1,1
"('Garen', 'Hwei', 'Jhin', 'Nautilus', 'Viego')",0,1,1
"('Ahri', 'Ashe', 'Braum', 'Vayne', 'Vi')",1,0,1
"('Graves', 'Jinx', 'Katarina', 'Skarner', 'Thresh')",0,1,1
"('Gragas', 'LeBlanc', 'Nautilus', 'Vi', 'Zeri')",1,0,1
"('Jinx', 'Orianna', 'Skarner', 'Thresh', 'Vi')",1,0,1
"('Caitlyn', 'Lillia', 'Thresh', 'Tristana', 'Zac')",1,0,1
"('Bard', 'Jhin', 'LeBlanc', 'Shen', 'Viego')",1,0,1
"('Hwei', ""Kai'Sa"", 'Nautilus', 'Twisted Fate', 'Viego')",0,1,1
"('Irelia', 'Karthus', 'Lulu', 'Riven', 'Zeri')",0,1,1
"('Ashe', 'Syndra', 'Vi', 'Warwick', 'Xayah')",1,0,1
"('Ahri', 'Camille', 'Fiddlesticks', 'Galio', 'Jinx')",1,0,1
"('Ahri', 'Jhin', 'Poppy', 'Udyr', 'Vi')",1,0,1
"('Alistar', 'Jax', 'Jinx', 'Lillia', 'Yasuo')",1,0,1
"('Graves', 'Seraphine', 'Taliyah', 'Teemo', 'Varus')",0,1,1
"('Graves', 'Hwei', 'Kalista', 'Nautilus', 'Tryndamere')",0,1,1
"('Aurelion Sol', 'Graves', 'Jax', 'Nautilus', 'Varus')",0,1,1
"('Ezreal', 'Hwei', 'Rumble', 'Tristana', 'Vi')",1,0,1
"('Gragas', 'Seraphine', 'Varus', 'Viego', 'Yasuo')",0,1,1
"('Gwen', 'Kalista', 'Orianna', 'Rell', 'Xin Zhao')",1,0,1
"('Ashe', 'Fiora', 'Sejuani', 'Seraphine', 'Talon')",0,1,1
"('Ashe', 'Lee Sin', 'Seraphine', 'Skarner', 'Swain')",0,1,1
"('Hwei', 'Pantheon', 'Seraphine', 'Viego', 'Zeri')",1,0,1
"(""Kai'Sa"", 'Leona', 'Tristana', 'Viego', 'Vladimir')",0,1,1
"('Aurelion Sol', 'Braum', 'Graves', 'Jinx', 'Rumble')",1,0,1
"('Ashe', ""Bel'Veth"", 'Braum', 'Mordekaiser', 'Tristana')",0,1,1
"(""Kai'Sa"", 'Rell', 'Shen', 'Taliyah', 'Warwick')",0,1,1
"('Corki', 'Rengar', 'Seraphine', 'Syndra', 'Tristana')",0,1,1
"('Akali', 'Ashe', 'Blitzcrank', 'Jax', 'Lee Sin')",1,0,1
"('Nidalee', 'Rakan', 'Renekton', 'Smolder', 'Yone')",1,0,1
"('Jax', ""Kai'Sa"", 'Syndra', 'Thresh', 'Warwick')",0,1,1
"('Alistar', 'Ashe', 'Katarina', ""Rek'Sai"", 'Twisted Fate')",1,0,1
"('Aatrox', 'Gragas', 'Jinx', 'Milio', 'Pantheon')",1,0,1
"('Ashe', 'Seraphine', 'Skarner', 'Taliyah', 'Viego')",1,0,1
"('Blitzcrank', 'Jayce', 'Jinx', 'Karthus', 'Viego')",0,1,1
"('Alistar', 'Cassiopeia', 'Corki', 'Fiora', 'Nidalee')",1,0,1
"('Azir', ""Kai'Sa"", 'Nasus', 'Rakan', ""Rek'Sai"")",0,1,1
"('Camille', 'LeBlanc', 'Miss Fortune', 'Pantheon', 'Seraphine')",1,0,1
"('Cassiopeia', ""Kai'Sa"", 'Kennen', 'Leona', 'Xin Zhao')",1,0,1
"('Jax', 'Karthus', 'Leona', 'Qiyana', 'Zeri')",1,0,1
"('Alistar', 'Corki', 'Fiora', ""K'Sante"", 'Nidalee')",1,0,1
"('Hwei', 'Lee Sin', 'Seraphine', 'Varus', 'Vladimir')",1,0,1
"('Braum', 'Sylas', 'Volibear', 'Xin Zhao', 'Zeri')",1,0,1
"('Aatrox', 'Blitzcrank', 'Cassiopeia', 'Draven', 'Rumble')",0,1,1
"('Cassiopeia', 'Graves', ""Kai'Sa"", 'Rakan', 'Yasuo')",1,0,1
"('Darius', 'Jhin', 'Nidalee', 'Rakan', 'Yasuo')",1,0,1
"('Ezreal', 'Seraphine', 'Shen', 'Taliyah', 'Tristana')",1,0,1
"(""Bel'Veth"", 'Cassiopeia', 'Rakan', 'Varus', 'Volibear')",0,1,1
"('Cassiopeia', 'Jinx', 'Morgana', 'Ornn', 'Renekton')",0,1,1
"(""Kai'Sa"", 'Lillia', 'Neeko', 'Skarner', 'Twisted Fate')",0,1,1
"('Aurelion Sol', 'Bard', 'Olaf', 'Varus', 'Xin Zhao')",0,1,1
"('Corki', 'Hwei', 'Lee Sin', 'Rakan', 'Skarner')",1,0,1
"('Ashe', 'Camille', 'Gwen', 'Neeko', ""Rek'Sai"")",1,0,1
"(""Kai'Sa"", 'Kennen', 'Rell', 'Tristana', 'Vi')",0,1,1
"('Jinx', 'Karma', 'Rumble', 'Tristana', 'Viego')",0,1,1
"('Malphite', 'Master Yi', 'Rakan', 'Zeri', 'Zoe')",0,1,1
"('Irelia', 'Rell', 'Renekton', 'Samira', 'Taliyah')",1,0,1
"('Aphelios', 'Lissandra', ""Rek'Sai"", 'Thresh', 'Twisted Fate')",0,1,1
"('Azir', 'Jax', 'Jinx', ""Kha'Zix"", 'Poppy')",0,1,1
"('Aphelios', 'Ekko', 'Jayce', 'Karma', 'Thresh')",1,0,1
"('Elise', 'Lucian', 'Nami', 'Tristana', 'Yone')",1,0,1
"('Corki', 'Gnar', 'Karthus', 'Yone', 'Zoe')",0,1,1
"('Ashe', 'Cassiopeia', 'Jayce', 'Lee Sin', 'Nautilus')",1,0,1
"('Cassiopeia', ""Kai'Sa"", 'Lee Sin', 'Nautilus', 'Skarner')",0,1,1
"('Bard', 'Jhin', 'Katarina', 'Lee Sin', 'Shen')",0,1,1
"('Master Yi', 'Mordekaiser', 'Neeko', 'Pantheon', 'Varus')",0,1,1
"('Kalista', 'Lee Sin', 'Malphite', 'Pyke', 'Vex')",0,1,1
"('Ashe', 'Gnar', 'Master Yi', 'Sivir', 'Zoe')",0,1,1
"('Corki', 'Garen', 'Katarina', 'Rell', 'Viego')",1,0,1
"('Irelia', 'Kassadin', ""Kha'Zix"", 'Varus', 'Zyra')",0,1,1
"('Cassiopeia', 'Kennen', 'Lee Sin', 'Lucian', 'Nami')",1,0,1
"('Akali', 'Ashe', 'Braum', ""Kha'Zix"", 'Viego')",1,0,1
"('Ashe', 'Graves', 'Lux', 'Vex', 'Zeri')",0,1,1
"('Jayce', 'Nautilus', 'Nidalee', 'Sivir', 'Zoe')",1,0,1
"('Alistar', 'Cassiopeia', 'Hecarim', 'Jinx', 'Skarner')",1,0,1
"('Ahri', 'Fiora', ""Rek'Sai"", 'Soraka', 'Varus')",1,0,1
"('Gnar', 'Hwei', 'Nidalee', 'Rakan', 'Sivir')",1,0,1
"('Akali', 'Camille', 'Corki', 'Hwei', 'Viego')",1,0,1
"('Ashe', 'Karthus', 'Nocturne', 'Sylas', 'Viego')",0,1,1
"('Aatrox', 'Ezreal', 'Lee Sin', 'Skarner', 'Twisted Fate')",0,1,1
"('Darius', 'Lucian', 'Nami', 'Taliyah', 'Tristana')",1,0,1
"('Camille', 'Jhin', 'Karthus', 'Maokai', 'Tristana')",1,0,1
"(""Kai'Sa"", 'Kled', 'Lulu', 'Vex', 'Warwick')",0,1,1
"('Hwei', 'Jax', 'Nautilus', 'Nidalee', 'Zeri')",0,1,1
"('Fiora', 'Taliyah', 'Varus', 'Vex', 'Zyra')",1,0,1
"('Aatrox', 'Caitlyn', 'Lillia', 'Pyke', 'Zed')",1,0,1
"('Darius', 'Nautilus', 'Taliyah', 'Viego', 'Zeri')",0,1,1
"('Cassiopeia', 'Poppy', 'Rakan', 'Renekton', 'Varus')",0,1,1
"(""Kai'Sa"", 'Malphite', 'Nidalee', 'Thresh', 'Vex')",1,0,1
"('Blitzcrank', 'Gragas', ""Kai'Sa"", 'Nidalee', 'Tristana')",0,1,1
"('Aatrox', 'Bard', 'Diana', 'Jhin', 'Yone')",0,1,1
"('Aatrox', 'Hwei', 'Miss Fortune', ""Rek'Sai"", 'Seraphine')",0,1,1
"('Ashe', 'Dr. Mundo', 'Evelynn', 'Galio', 'Tristana')",0,1,1
"('Lillia', 'Rell', 'Twisted Fate', 'Varus', 'Yasuo')",1,0,1
"('Jayce', 'Lucian', 'Seraphine', 'Taliyah', 'Zed')",1,0,1
"('Jayce', 'Jinx', 'Lulu', 'Taliyah', 'Tryndamere')",0,1,1
"('Akali', 'Corki', 'Lee Sin', 'Neeko', 'Poppy')",1,0,1
"('Bard', 'Graves', 'Hwei', 'Skarner', 'Zeri')",0,1,1
"('Caitlyn', 'Neeko', 'Ornn', 'Sylas', 'Zed')",0,1,1
"('Corki', 'Diana', 'Seraphine', 'Vayne', 'Yasuo')",1,0,1
"('Camille', 'Jayce', 'Jinx', 'Karthus', 'Sett')",1,0,1
"(""Kai'Sa"", 'Pyke', 'Sylas', 'Tristana', 'Vayne')",0,1,1
"('Ivern', ""Kai'Sa"", 'Leona', 'Quinn', 'Zed')",1,0,1
"('Ashe', 'Braum', 'Lee Sin', 'Lux', 'Twisted Fate')",1,0,1
"('Aatrox', 'Aurelion Sol', 'Gragas', ""Kai'Sa"", 'Skarner')",1,0,1
"('Corki', 'Hwei', 'Nautilus', 'Ornn', 'Talon')",1,0,1
"('Ashe', 'Irelia', 'Karthus', 'Qiyana', 'Thresh')",1,0,1
"('Ahri', 'Jhin', 'Rumble', 'Viego', 'Zilean')",0,1,1
"('Diana', 'Irelia', 'Ornn', 'Seraphine', 'Twitch')",1,0,1
"('Ashe', 'Camille', 'LeBlanc', ""Rek'Sai"", 'Seraphine')",0,1,1
"('Jhin', ""Kha'Zix"", 'Lux', 'Rell', 'Yone')",0,1,1
"(""Bel'Veth"", 'Kennen', 'Rell', 'Tristana', 'Varus')",0,1,1
"('Aatrox', ""Kai'Sa"", 'Lee Sin', 'Rell', 'Taliyah')",0,1,1
"('Akshan', 'Ashe', 'Heimerdinger', 'Rell', 'Yasuo')",1,0,1
"('Gwen', ""Kai'Sa"", 'Leona', 'Orianna', 'Viego')",0,1,1
"('Jax', ""Kai'Sa"", 'Lee Sin', 'Pyke', 'Xerath')",0,1,1
"('Aatrox', 'Aurelion Sol', 'Jinx', 'Rell', 'Taliyah')",1,0,1
"(""Kai'Sa"", 'Kennen', 'Nautilus', 'Shaco', 'Yasuo')",1,0,1
"('Aphelios', 'Karma', 'Twisted Fate', 'Vex', 'Viego')",0,1,1
"('Akali', 'Jinx', 'Lee Sin', 'Seraphine', 'Tryndamere')",0,1,1
"('Ashe', 'Jayce', 'Nidalee', 'Rakan', 'Singed')",0,1,1
"('Blitzcrank', 'Gwen', 'Tristana', 'Viego', 'Zed')",0,1,1
"('Diana', 'Ezreal', 'Jayce', 'Skarner', 'Viego')",0,1,1
"(""Bel'Veth"", 'Blitzcrank', ""Kai'Sa"", 'Nasus', 'Vex')",1,0,1
"('Aatrox', 'Aphelios', 'Nautilus', 'Nunu & Willump', 'Orianna')",1,0,1
"('Blitzcrank', 'Jayce', ""K'Sante"", 'Taliyah', 'Tristana')",1,0,1
"('Aphelios', 'Hecarim', 'Hwei', 'Tahm Kench', 'Thresh')",0,1,1
"('Ashe', 'Corki', 'Gangplank', 'Nidalee', 'Seraphine')",1,0,1
"('Cassiopeia', 'Jayce', 'Nautilus', 'Poppy', 'Twitch')",0,1,1
"('Ashe', ""K'Sante"", 'Nautilus', 'Orianna', 'Viego')",0,1,1
"('Blitzcrank', ""K'Sante"", 'Orianna', 'Varus', 'Viego')",1,0,1
"('Caitlyn', 'Kindred', 'Lux', 'Mordekaiser', 'Yone')",0,1,1
"('Ashe', 'Caitlyn', 'Elise', 'Jayce', 'Lucian')",1,0,1
"('Caitlyn', 'Hecarim', ""K'Sante"", 'Orianna', 'Rell')",1,0,1
"('Alistar', ""Kai'Sa"", ""Kha'Zix"", 'LeBlanc', 'Skarner')",1,0,1
"('Braum', ""Kha'Zix"", 'Syndra', 'Twisted Fate', 'Varus')",1,0,1
"(""Bel'Veth"", 'Fiddlesticks', 'Gnar', ""Kai'Sa"", 'Swain')",1,0,1
"('Bard', ""Kai'Sa"", 'Rumble', ""Vel'Koz"", 'Viego')",0,1,1
"('Rumble', 'Udyr', 'Viego', 'Zac', 'Zeri')",0,1,1
"('Evelynn', ""Kai'Sa"", 'Pantheon', 'Poppy', 'Sion')",1,0,1
"('Kalista', 'Karthus', 'Lucian', 'Maokai', 'Skarner')",1,0,1
"('Gwen', 'Hwei', 'Kindred', 'Rell', 'Varus')",0,1,1
"('Ahri', 'Ashe', 'Camille', 'Kindred', 'Neeko')",1,0,1
"('Braum', 'Gragas', 'Irelia', 'Sejuani', 'Sivir')",0,1,1
"('Camille', ""Kai'Sa"", ""Rek'Sai"", 'Rumble', 'Syndra')",1,0,1
"('Ezreal', 'Jax', 'Nautilus', 'Sejuani', 'Tristana')",1,0,1
"('Aurelion Sol', 'Jax', ""Kha'Zix"", 'Rell', 'Samira')",1,0,1
"('Alistar', 'Galio', 'Teemo', 'Varus', 'Viego')",1,0,1
"('Ashe', ""K'Sante"", 'Seraphine', 'Twisted Fate', 'Viego')",1,0,1
"('Aatrox', 'Lee Sin', 'Rakan', 'Sivir', 'Taliyah')",0,1,1
"('Cassiopeia', 'Pyke', ""Rek'Sai"", 'Sett', 'Zeri')",0,1,1
"(""Bel'Veth"", 'Corki', 'Gragas', 'Lillia', 'Pyke')",1,0,1
"('Jinx', ""K'Sante"", 'Taliyah', 'Thresh', 'Zed')",1,0,1
"('Fiddlesticks', 'Jax', 'Kindred', 'Smolder', 'Twisted Fate')",0,1,1
"('Aurelion Sol', ""Kai'Sa"", 'Milio', 'Renekton', 'Sejuani')",0,1,1
"('Jinx', 'Leona', 'Skarner', 'Taliyah', 'Talon')",1,0,1
"('Corki', 'Lee Sin', 'Leona', 'Nasus', 'Vex')",1,0,1
"('Blitzcrank', 'Irelia', 'Kindred', 'Sivir', 'Xerath')",0,1,1
"('Akshan', 'Caitlyn', 'Karthus', 'Skarner', 'Thresh')",1,0,1
"('Akali', 'Draven', 'Galio', ""Kha'Zix"", 'Poppy')",1,0,1
"('Cassiopeia', ""Kai'Sa"", 'Nautilus', 'Skarner', 'Viego')",0,1,1
"('Ashe', 'Cassiopeia', 'Draven', 'Ekko', 'Nautilus')",1,0,1
"('Aatrox', 'Lulu', 'Pantheon', 'Vayne', 'Zoe')",1,0,1
"('Lee Sin', 'Lissandra', 'Rakan', 'Skarner', 'Twitch')",0,1,1
"('Bard', 'Graves', 'Jayce', 'Jhin', 'LeBlanc')",0,1,1
"('Anivia', 'Kindred', 'Lissandra', 'Lucian', 'Nami')",0,1,1
"('Bard', 'Ezreal', 'Garen', 'Lissandra', 'Viego')",0,1,1
"('Rakan', 'Singed', 'Taliyah', 'Talon', 'Twitch')",0,1,1
"('Illaoi', 'Lissandra', 'Lucian', 'Pantheon', 'Sona')",0,1,1
"('Caitlyn', 'Lissandra', 'Neeko', 'Urgot', 'Viego')",1,0,1
"('Jax', 'Kalista', 'Kassadin', 'Lee Sin', 'Leona')",0,1,1
"('Fizz', 'Gangplank', ""Kai'Sa"", 'Nautilus', ""Rek'Sai"")",1,0,1
"('Bard', 'Hwei', 'Lee Sin', 'Skarner', 'Varus')",1,0,1
"('Ekko', 'Garen', 'Jhin', 'Leona', 'Lissandra')",1,0,1
"('Darius', 'Jhin', 'Lee Sin', 'Lissandra', 'Nautilus')",1,0,1
"('Alistar', 'Darius', 'Kalista', 'Lissandra', 'Master Yi')",0,1,1
"('Ahri', ""K'Sante"", ""Kai'Sa"", 'Renekton', 'Viego')",1,0,1
"(""K'Sante"", 'Lissandra', 'Lucian', 'Nami', 'Viego')",0,1,1
"('Camille', ""Kai'Sa"", 'Lee Sin', 'Lissandra', 'Rell')",1,0,1
"('Aphelios', 'Braum', 'Kennen', 'Lissandra', 'Viego')",1,0,1
"('Ezreal', 'Kindred', 'Lissandra', 'Maokai', 'Yone')",1,0,1
"('Braum', 'Ezreal', 'Lissandra', 'Skarner', 'Viego')",1,0,1
"('Akshan', 'Ezreal', 'Gragas', 'Irelia', 'Karma')",0,1,1
"('Jayce', 'Jinx', 'Kindred', 'Lissandra', 'Milio')",1,0,1
"('Aatrox', 'Alistar', 'Jhin', 'Lissandra', 'Viego')",0,1,1
"('Braum', 'Fiora', 'Kindred', 'Lissandra', 'Varus')",0,1,1
"('Fiora', 'Jinx', 'Lissandra', 'Neeko', 'Viego')",0,1,1
"('Draven', 'Lissandra', 'Nautilus', 'Talon', 'Volibear')",0,1,1
"('Galio', ""K'Sante"", 'Karthus', 'Lissandra', 'Twitch')",1,0,1
"('Camille', 'Jinx', 'Lissandra', 'Rell', 'Viego')",1,0,1
"('Fiddlesticks', 'Sett', 'Tristana', 'Varus', 'Vayne')",0,1,1
"('Fiora', 'Jhin', 'Lissandra', 'Nautilus', 'Viego')",0,1,1
"(""Kai'Sa"", 'Lissandra', 'Pyke', 'Sett', 'Taliyah')",1,0,1
"('Alistar', 'Corki', 'Fiddlesticks', 'Viego', 'Zeri')",1,0,1
"('Hwei', 'Jinx', 'Seraphine', 'Shaco', 'Skarner')",1,0,1
"('Gragas', 'Lissandra', ""Rek'Sai"", 'Rell', 'Zeri')",1,0,1
"('Ashe', 'Camille', 'Graves', 'Kalista', 'Lissandra')",0,1,1
"('Lissandra', 'Maokai', 'Quinn', 'Varus', 'Viego')",1,0,1
"(""Kai'Sa"", 'Lee Sin', 'Rumble', 'Syndra', 'Xin Zhao')",0,1,1
"('Cassiopeia', 'Jayce', 'Lissandra', 'Olaf', 'Rell')",1,0,1
"('Lissandra', 'Pantheon', 'Tristana', 'Yuumi', 'Zac')",0,1,1
"('Braum', 'Caitlyn', 'Nidalee', 'Pantheon', 'Rumble')",1,0,1
"('Gragas', 'Leona', 'Lissandra', 'Viego', 'Zeri')",1,0,1
"('Lissandra', 'Lulu', 'Smolder', 'Twisted Fate', 'Viego')",1,0,1
"('Jinx', 'Kindred', 'Lissandra', 'Thresh', 'Urgot')",0,1,1
"('Jax', 'Jinx', 'Kayn', 'Lissandra', 'Rell')",1,0,1
"('Camille', 'Diana', 'Jinx', 'Pantheon', 'Skarner')",1,0,1
"('Blitzcrank', 'Gnar', ""Kai'Sa"", 'Lee Sin', 'Lissandra')",1,0,1
"('Azir', 'Camille', 'Lucian', 'Nautilus', 'Viego')",1,0,1
"(""Kai'Sa"", 'Kennen', 'Lee Sin', 'Lissandra', 'Rell')",1,0,1
"('Jhin', ""K'Sante"", 'Lissandra', 'Nidalee', 'Senna')",1,0,1
"('Camille', 'Draven', 'Gragas', 'Skarner', 'Tristana')",0,1,1
"('Akali', 'Ashe', 'Bard', 'Graves', 'Taliyah')",1,0,1
"('Jinx', 'Lissandra', 'Rakan', 'Rengar', 'Viego')",1,0,1
"('Jinx', 'Lissandra', 'Rell', 'Viego', 'Yone')",0,1,1
"('Jhin', ""K'Sante"", ""Kha'Zix"", 'Skarner', 'Zoe')",0,1,1
"('Camille', 'Kalista', 'Kindred', 'LeBlanc', 'Udyr')",1,0,1
"(""Kai'Sa"", 'Lissandra', 'Nasus', 'Nautilus', 'Wukong')",1,0,1
"('Aurelion Sol', 'Graves', 'Jax', ""Kai'Sa"", 'Skarner')",1,0,1
"('Corki', 'Lee Sin', 'Nautilus', 'Neeko', 'Shen')",1,0,1
"(""Kog'Maw"", 'Nidalee', 'Rakan', 'Twitch', 'Yasuo')",1,0,1
"('Jinx', 'Lissandra', ""Rek'Sai"", 'Rengar', 'Thresh')",1,0,1
"('Amumu', 'Corki', 'Hwei', 'Rengar', 'Teemo')",1,0,1
"('Darius', 'Ivern', 'Lissandra', 'Lucian', 'Thresh')",1,0,1
"('Darius', 'Draven', 'Fiddlesticks', 'Nidalee', 'Tristana')",1,0,1
"('Caitlyn', 'Karthus', 'Renekton', 'Skarner', 'Zoe')",1,0,1
"('Ashe', 'Brand', 'Jax', 'Sett', 'Zed')",1,0,1
"('Ivern', 'Kalista', 'Lissandra', 'Nautilus', 'Poppy')",1,0,1
"('Aatrox', 'Akali', 'Ashe', 'Braum', 'Viego')",0,1,1
"('Darius', 'Hwei', 'Kindred', 'Skarner', 'Twitch')",1,0,1
"('Ashe', 'Jayce', 'Lee Sin', 'Neeko', 'Skarner')",0,1,1
"('Jayce', 'Maokai', 'Skarner', 'Taliyah', 'Zeri')",1,0,1
"('Aurelion Sol', 'Cassiopeia', ""K'Sante"", 'Nautilus', 'Viego')",1,0,1
"('Evelynn', 'Gwen', 'Seraphine', 'Tristana', 'Zeri')",1,0,1
"('Jhin', 'Skarner', 'Taliyah', 'Volibear', 'Xin Zhao')",1,0,1
"('Corki', 'Diana', 'Jax', 'Lee Sin', 'Rakan')",1,0,1
"('Jayce', 'Nunu & Willump', 'Rumble', 'Swain', 'Zeri')",0,1,1
"('Fiora', 'Jhin', 'Lee Sin', 'Orianna', 'Zyra')",1,0,1
"('Hecarim', 'Hwei', 'Nautilus', 'Twisted Fate', 'Zeri')",1,0,1
"('Blitzcrank', 'Cassiopeia', 'Darius', 'Graves', 'LeBlanc')",1,0,1
"('Diana', ""Kai'Sa"", 'Kled', 'Nautilus', 'Yasuo')",0,1,1
"('Ashe', 'Kennen', 'LeBlanc', 'Nautilus', 'Viego')",0,1,1
"('Blitzcrank', 'Corki', 'Gwen', 'Tristana', 'Zac')",0,1,1
"('Aphelios', 'Hwei', 'Nidalee', 'Thresh', 'Warwick')",0,1,1
"('Alistar', 'Cassiopeia', 'Kalista', 'Twisted Fate', 'Warwick')",1,0,1
"('Aatrox', 'Ashe', 'Cassiopeia', 'Rengar', 'Zoe')",1,0,1
"('Blitzcrank', 'Illaoi', ""Kai'Sa"", 'Taliyah', 'Viego')",1,0,1
"('Cassiopeia', 'Ekko', 'Jayce', 'Kindred', 'Nautilus')",1,0,1
"('Brand', 'Jax', 'Jinx', 'Zed', 'Zoe')",0,1,1
"('Braum', 'Cassiopeia', 'Jinx', 'Pantheon', 'Viego')",1,0,1
"('Cassiopeia', 'Gragas', 'Lee Sin', 'Senna', 'Varus')",0,1,1
"('Cassiopeia', 'Kayn', 'Lulu', 'Rumble', 'Zeri')",1,0,1
"(""Kai'Sa"", 'Lee Sin', 'Rell', 'Skarner', 'Vex')",0,1,1
"('Karthus', 'Rumble', 'Tristana', 'Varus', 'Yone')",0,1,1
"('Lee Sin', 'Lux', 'Skarner', 'Tristana', 'Ziggs')",1,0,1
"('Cassiopeia', ""Kai'Sa"", 'Karma', 'Lee Sin', 'Sett')",0,1,1
"('Blitzcrank', ""Kai'Sa"", 'Nidalee', 'Skarner', 'Talon')",1,0,1
"('Ashe', 'Fiddlesticks', 'Jax', 'Rell', 'Vex')",0,1,1
"('Jhin', 'Nidalee', 'Renekton', 'Vex', 'Zyra')",1,0,1
"('Aphelios', 'Hwei', ""Rek'Sai"", 'Thresh', 'Varus')",0,1,1
"('Aurelion Sol', 'Cassiopeia', 'Jarvan IV', 'Jayce', 'Nautilus')",1,0,1
"('Ashe', 'Briar', 'Ornn', 'Varus', 'Vex')",0,1,1
"('Corki', 'Fiora', 'Pyke', 'Xin Zhao', 'Zoe')",1,0,1
"('Dr. Mundo', ""Kai'Sa"", 'Talon', 'Viego', 'Zyra')",0,1,1
"('Cassiopeia', 'Kennen', 'Nautilus', 'Renekton', 'Rengar')",1,0,1
"('Blitzcrank', 'Galio', 'Kindred', 'Rumble', 'Zeri')",1,0,1
"('Jhin', 'Neeko', 'Poppy', 'Sett', 'Syndra')",1,0,1
"('Ashe', 'Gnar', 'Kalista', 'Lux', 'Skarner')",1,0,1
"('Alistar', 'Gnar', 'LeBlanc', 'Rengar', 'Zeri')",1,0,1
"(""Kai'Sa"", 'Lee Sin', 'Skarner', 'Zac', 'Zoe')",1,0,1
"('Braum', 'Ezreal', 'Graves', 'Rumble', 'Taliyah')",0,1,1
"('Cassiopeia', 'Katarina', 'Pyke', 'Vayne', 'Viego')",0,1,1
"('Ezreal', 'Galio', 'Jayce', 'Nautilus', 'Nidalee')",1,0,1
"('Ashe', 'Kayn', 'Rell', 'Rengar', 'Syndra')",1,0,1
"(""Kai'Sa"", 'Nidalee', 'Skarner', 'Tristana', 'Yasuo')",0,1,1
"('Jayce', ""Kai'Sa"", 'Karthus', 'Rell', 'Tristana')",0,1,1
"('Ekko', ""Kai'Sa"", 'Poppy', ""Rek'Sai"", 'Talon')",0,1,1
"('Ashe', 'Ekko', 'Kindred', 'Rumble', 'Skarner')",0,1,1
"('Jhin', ""K'Sante"", 'Poppy', 'Vex', 'Viego')",0,1,1
"('Camille', 'Fiddlesticks', 'Jhin', 'Rell', 'Viego')",1,0,1
"('Bard', 'Gnar', 'Jhin', 'Malzahar', 'Nunu & Willump')",1,0,1
"('Camille', 'Gragas', 'Jinx', 'Skarner', 'Yasuo')",0,1,1
"('Bard', 'Caitlyn', 'Hecarim', 'Taliyah', 'Vladimir')",1,0,1
"('Gragas', 'Kindred', 'Rell', 'Xayah', 'Yasuo')",0,1,1
"('Bard', 'Jinx', 'Nunu & Willump', 'Renekton', 'Tristana')",1,0,1
"('Camille', 'Lee Sin', 'Leona', 'Varus', ""Vel'Koz"")",0,1,1
"('Cassiopeia', 'Gwen', ""Kai'Sa"", 'Viego', 'Zoe')",1,0,1
"('Cassiopeia', 'Kindred', 'Nautilus', 'Skarner', 'Talon')",0,1,1
"('Cassiopeia', 'Gragas', 'Jax', 'Poppy', 'Zed')",1,0,1
"('Alistar', 'Fiddlesticks', 'Hwei', 'Kled', 'Varus')",0,1,1
"('Blitzcrank', 'Cassiopeia', 'Jayce', 'Tristana', 'Xin Zhao')",1,0,1
"('Corki', 'Draven', 'Lillia', 'Rell', 'Yone')",0,1,1
"(""Bel'Veth"", 'Lissandra', 'Lucian', 'Malphite', 'Nami')",1,0,1
"('Corki', ""Rek'Sai"", 'Shen', 'Sona', 'Vex')",1,0,1
"('LeBlanc', 'Skarner', 'Varus', 'Viego', 'Volibear')",0,1,1
"('Camille', 'Cassiopeia', 'Karthus', 'Maokai', 'Tristana')",1,0,1
"('Brand', 'Caitlyn', 'Diana', 'Jax', 'Zed')",1,0,1
"('Mordekaiser', 'Rell', 'Samira', 'Tristana', 'Viego')",1,0,1
"('Aurelion Sol', 'Ezreal', 'Poppy', ""Rek'Sai"", 'Soraka')",1,0,1
"('Camille', 'Graves', 'Lissandra', 'Nautilus', 'Xayah')",1,0,1
"('Ahri', 'Camille', 'Draven', 'Lee Sin', 'Skarner')",0,1,1
"('Blitzcrank', 'Jhin', ""K'Sante"", 'Kindred', 'LeBlanc')",0,1,1
"('Gnar', 'Lillia', 'Pantheon', 'Rakan', 'Varus')",0,1,1
"('Diana', 'Jayce', 'Qiyana', 'Rell', 'Samira')",1,0,1
"('Corki', 'Graves', 'Rell', 'Skarner', 'Sylas')",0,1,1
"('Aphelios', 'Blitzcrank', 'Jax', 'Syndra', 'Viego')",1,0,1
"('Annie', 'Braum', 'Graves', 'Jax', 'Zeri')",0,1,1
"('Akali', 'Bard', 'Lee Sin', 'Lucian', 'Skarner')",1,0,1
"('Jinx', 'LeBlanc', 'Lee Sin', 'Skarner', 'Soraka')",1,0,1
"('Nautilus', 'Nidalee', 'Tristana', 'Twisted Fate', 'Yone')",1,0,1
"('Draven', 'Jayce', 'Lillia', 'Poppy', 'Riven')",0,1,1
"('Graves', 'Jinx', 'Nautilus', 'Pantheon', 'Vex')",0,1,1
"('Aphelios', 'Fiddlesticks', 'Nami', 'Ornn', 'Taliyah')",0,1,1
"('Gragas', 'Jhin', 'Master Yi', 'Nautilus', 'Xerath')",0,1,1
"('Camille', 'Jayce', 'Kalista', 'Nautilus', 'Taliyah')",1,0,1
"('Ashe', 'Nidalee', 'Skarner', 'Tristana', 'Xerath')",0,1,1
"('Aurelion Sol', 'Graves', 'Rakan', 'Renekton', 'Twitch')",1,0,1
"('Ashe', 'Camille', 'Pantheon', 'Rell', 'Taliyah')",1,0,1
"('Nidalee', 'Pantheon', 'Rell', 'Renekton', 'Varus')",1,0,1
"('Elise', 'Graves', 'Nautilus', 'Pantheon', 'Varus')",0,1,1
"('Blitzcrank', 'Gnar', ""Kai'Sa"", 'Lillia', 'Pantheon')",1,0,1
"('Graves', 'Senna', 'Skarner', 'Taliyah', 'Yasuo')",0,1,1
"('Ashe', 'Nautilus', 'Taliyah', 'Yasuo', 'Zed')",1,0,1
"('Akshan', 'Brand', 'Caitlyn', 'Malphite', 'Soraka')",0,1,1
"('Alistar', 'Brand', 'Camille', 'Corki', 'Karthus')",0,1,1
"('Pantheon', 'Poppy', 'Rumble', 'Shaco', 'Sivir')",1,0,1
"('Blitzcrank', 'Gwen', 'Hecarim', 'Jhin', 'Pantheon')",1,0,1
"('Aatrox', 'Kalista', 'Lillia', 'Pantheon', 'Thresh')",0,1,1
"('Ashe', 'Hecarim', 'Pantheon', 'Seraphine', 'Singed')",1,0,1
"('Akshan', 'Karma', 'Ornn', 'Sivir', 'Viego')",1,0,1
"('Caitlyn', 'Diana', 'Lee Sin', 'Rakan', 'Zac')",1,0,1
"('Alistar', 'Aphelios', 'Graves', 'Hwei', 'Singed')",0,1,1
"('Camille', 'Senna', 'Seraphine', 'Shaco', 'Vex')",0,1,1
"('Camille', 'Malzahar', 'Rell', 'Viego', 'Zeri')",0,1,1
"('Ashe', 'Camille', ""Kha'Zix"", 'Skarner', 'Taliyah')",0,1,1
"('Camille', 'Galio', 'Jinx', ""K'Sante"", 'Kindred')",1,0,1
"(""Bel'Veth"", 'Gnar', 'Kalista', 'Pyke', 'Zilean')",1,0,1
"('Draven', 'Elise', 'Gnar', 'Nautilus', 'Tristana')",1,0,1
"('Akali', 'Cassiopeia', 'Kalista', 'Kindred', 'Nautilus')",0,1,1
"('Nautilus', ""Rek'Sai"", 'Rumble', 'Varus', 'Zoe')",1,0,1
"('Draven', 'Gragas', 'Heimerdinger', ""Kai'Sa"", 'Skarner')",0,1,1
"('Braum', 'Gwen', 'Pantheon', 'Rumble', 'Smolder')",1,0,1
"('Lee Sin', 'Nautilus', 'Neeko', 'Smolder', 'Zed')",0,1,1
"('Lee Sin', 'Nilah', 'Rell', 'Sylas', 'Udyr')",1,0,1
"('Draven', 'Jax', 'Kindred', 'Neeko', 'Rell')",1,0,1
"('Alistar', 'Illaoi', ""Kai'Sa"", 'Kindred', 'Zyra')",0,1,1
"('Braum', 'Corki', 'Jax', 'Nidalee', 'Talon')",0,1,1
"('Hwei', ""Kai'Sa"", ""Kha'Zix"", 'Rakan', 'Singed')",1,0,1
"('Camille', 'Corki', 'Galio', 'Ivern', 'Leona')",0,1,1
"('Ahri', 'Draven', 'Fiora', 'Graves', 'Nautilus')",1,0,1
"(""Kai'Sa"", 'Kayn', 'Nautilus', 'Riven', 'Ziggs')",1,0,1
"('LeBlanc', 'Lee Sin', 'Maokai', 'Vladimir', 'Zeri')",1,0,1
"('Nautilus', 'Shen', 'Taliyah', 'Varus', 'Yone')",1,0,1
"('Amumu', 'Camille', 'Ezreal', 'Katarina', 'Nautilus')",1,0,1
"('Corki', 'Kennen', 'Nautilus', 'Taliyah', 'Yasuo')",1,0,1
"('Galio', 'Kindred', 'Nautilus', 'Smolder', 'Varus')",0,1,1
"('Graves', 'Gwen', ""Kai'Sa"", 'Rell', 'Udyr')",1,0,1
"('Ashe', 'Braum', 'Rengar', 'Taliyah', 'Tryndamere')",1,0,1
"('Ashe', 'Camille', 'Jayce', 'Taliyah', 'Twisted Fate')",0,1,1
"('Jayce', ""K'Sante"", 'Lillia', 'Varus', 'Zyra')",0,1,1
"('Brand', 'Jhin', ""K'Sante"", 'LeBlanc', 'Viego')",0,1,1
"('Ezreal', 'Gragas', 'Kindred', 'Nautilus', 'Zed')",1,0,1
"('Aphelios', 'Bard', 'Kayn', 'Nunu & Willump', 'Quinn')",0,1,1
"('Brand', 'Fiora', 'Nautilus', 'Tristana', 'Zeri')",0,1,1
"('Jayce', ""K'Sante"", 'Nilah', 'Taliyah', 'Taric')",1,0,1
"('Corki', 'Jax', 'Nautilus', 'Taliyah', 'Talon')",1,0,1
"('Briar', 'Camille', 'Ezreal', 'Neeko', 'Pantheon')",1,0,1
"('Aurelion Sol', 'Nidalee', 'Renekton', 'Sivir', 'Zyra')",0,1,1
"('Braum', 'Jinx', 'LeBlanc', 'Rumble', 'Viego')",0,1,1
"('Camille', 'Galio', 'Jinx', 'Nautilus', 'Vi')",1,0,1
"('Draven', 'Jax', 'Nidalee', 'Rakan', 'Yasuo')",0,1,1
"('Camille', 'Graves', 'Jinx', 'Orianna', 'Renata Glasc')",1,0,1
"('Ashe', 'Ekko', 'Jax', 'Pantheon', 'Rakan')",0,1,1
"('Aurelion Sol', 'Graves', 'Jinx', 'Lulu', 'Shen')",1,0,1
"(""Bel'Veth"", 'Brand', ""Kai'Sa"", 'Rumble', 'Seraphine')",1,0,1
"(""Kai'Sa"", 'Pantheon', 'Rumble', 'Thresh', 'Viego')",0,1,1
"('Aatrox', 'Kalista', 'LeBlanc', ""Rek'Sai"", 'Rell')",1,0,1
"('Ashe', ""Bel'Veth"", 'Mordekaiser', 'Neeko', 'Pantheon')",0,1,1
"('Galio', 'Graves', 'Jax', ""Kai'Sa"", 'Thresh')",0,1,1
"('Ashe', 'Master Yi', 'Pantheon', 'Rumble', 'Skarner')",1,0,1
"('Camille', 'Galio', 'Graves', 'Jhin', 'Seraphine')",1,0,1
"('Corki', 'Graves', 'Orianna', 'Rell', 'Vayne')",1,0,1
"('Alistar', 'Aurelion Sol', 'Corki', 'Nidalee', 'Pantheon')",1,0,1
"('Darius', 'Jinx', 'Nidalee', 'Pantheon', 'Thresh')",1,0,1
"('Alistar', 'Hwei', 'Jinx', ""K'Sante"", 'Skarner')",0,1,1
"('Elise', 'Pantheon', 'Senna', 'Veigar', 'Volibear')",1,0,1
"('Ashe', 'Kennen', 'Nidalee', 'Pantheon', 'Renekton')",1,0,1
"('Ivern', 'Jhin', 'Olaf', 'Pantheon', 'Thresh')",0,1,1
"('Corki', 'Diana', 'Jax', 'Pyke', 'Talon')",1,0,1
"('Galio', 'Lee Sin', 'Thresh', 'Varus', 'Volibear')",0,1,1
"('Alistar', 'Corki', 'Ornn', ""Rek'Sai"", 'Taliyah')",1,0,1
"('Elise', 'Jayce', 'Pantheon', 'Shaco', 'Tristana')",0,1,1
"('Rakan', 'Rumble', 'Sejuani', 'Varus', 'Yone')",1,0,1
"('Karthus', 'Olaf', 'Pantheon', 'Thresh', 'Tristana')",0,1,1
"('Camille', 'Jhin', 'LeBlanc', 'Pyke', 'Rammus')",1,0,1
"('Gragas', 'Graves', ""Kai'Sa"", 'Pantheon', 'Taric')",0,1,1
"(""Bel'Veth"", 'Gragas', ""Kai'Sa"", 'Nautilus', 'Pantheon')",0,1,1
"('Blitzcrank', 'Jax', 'Nidalee', 'Qiyana', 'Samira')",0,1,1
"('Ashe', 'Camille', 'Pantheon', 'Swain', 'Taliyah')",1,0,1
"('Gragas', 'Kindred', 'Pantheon', 'Rakan', 'Smolder')",0,1,1
"('Elise', 'Jayce', 'Pantheon', 'Rakan', 'Zeri')",0,1,1
"(""Kai'Sa"", 'Kindred', 'Lux', 'Sett', 'Swain')",0,1,1
"('Jax', ""Kha'Zix"", 'Lulu', 'Syndra', 'Twitch')",0,1,1
"('Alistar', 'Ashe', 'Nasus', 'Pantheon', 'Taliyah')",0,1,1
"(""Kai'Sa"", 'Kindred', 'Nautilus', 'Pantheon', 'Riven')",0,1,1
"('Graves', ""K'Sante"", 'Lulu', 'Neeko', 'Xayah')",1,0,1
"('Ahri', 'Ashe', 'Graves', 'Karma', 'Skarner')",0,1,1
"('Akshan', ""Kai'Sa"", 'Ornn', 'Viego', 'Zoe')",0,1,1
"('Camille', 'Elise', 'Galio', ""Kai'Sa"", 'Nautilus')",1,0,1
"(""Kai'Sa"", 'Nautilus', 'Orianna', 'Skarner', 'Warwick')",0,1,1
"('Ashe', 'Hwei', 'Jax', 'Nocturne', 'Zyra')",1,0,1
"('Blitzcrank', 'Lucian', 'Nidalee', 'Pantheon', 'Smolder')",1,0,1
"('Camille', 'Hwei', 'Lucian', 'Rengar', 'Tryndamere')",1,0,1
"('Jhin', 'Kennen', 'Nautilus', 'Pantheon', 'Viego')",0,1,1
"('Jayce', ""Kai'Sa"", 'Nautilus', 'Pantheon', 'Rumble')",1,0,1
"('Ashe', 'Graves', 'Skarner', 'Taliyah', 'Taric')",0,1,1
"('Jinx', 'Kled', 'Lee Sin', 'Rell', 'Syndra')",0,1,1
"('Jax', 'Lillia', 'Pantheon', 'Rell', 'Zeri')",1,0,1
"('Braum', 'Ezreal', 'Karthus', 'Pantheon', 'Rumble')",1,0,1
"('Pantheon', 'Pyke', 'Skarner', 'Taliyah', 'Zeri')",1,0,1
"('Caitlyn', 'LeBlanc', 'Renekton', 'Tahm Kench', 'Viego')",1,0,1
"('Ashe', 'Camille', 'Malzahar', 'Sona', 'Viego')",0,1,1
"('Gragas', 'Jayce', 'Nunu & Willump', 'Senna', 'Seraphine')",1,0,1
"('Ashe', 'Blitzcrank', 'Graves', 'Tryndamere', 'Vladimir')",1,0,1
"('Gragas', 'Irelia', 'Jhin', 'Shaco', 'Viego')",1,0,1
"('Aurelion Sol', 'Jhin', 'Milio', 'Ornn', 'Viego')",0,1,1
"('Ashe', 'Maokai', 'Nidalee', 'Pantheon', 'Vladimir')",1,0,1
"('Fiora', ""Kai'Sa"", 'Nautilus', 'Nidalee', 'Pantheon')",0,1,1
"(""K'Sante"", ""Kai'Sa"", 'Lissandra', 'Pyke', 'Viego')",0,1,1
"('Blitzcrank', ""Kai'Sa"", 'Nidalee', 'Pantheon', 'Skarner')",1,0,1
"('Draven', 'Karthus', 'Pantheon', 'Rell', 'Shen')",1,0,1
"('Alistar', 'Ashe', 'Olaf', 'Taliyah', 'Viego')",1,0,1
"('Blitzcrank', 'Diana', 'Jinx', ""K'Sante"", 'Wukong')",1,0,1
"('Alistar', 'Draven', 'Pantheon', 'Skarner', 'Taliyah')",1,0,1
"('Camille', 'Cassiopeia', 'Karthus', 'Pantheon', 'Zed')",1,0,1
"('Camille', 'Ivern', 'Jhin', 'Orianna', 'Shaco')",0,1,1
"('Camille', 'LeBlanc', 'Lee Sin', 'Lucian', 'Zilean')",1,0,1
"('Heimerdinger', 'Jayce', 'Nidalee', 'Senna', 'Tristana')",1,0,1
"('Fiora', 'Rammus', 'Smolder', 'Wukong', 'Xerath')",0,1,1
"('Akshan', 'Lucian', 'Nami', 'Skarner', 'Taliyah')",1,0,1
"('Katarina', 'Leona', 'Miss Fortune', 'Ornn', 'Viego')",1,0,1
"('Ashe', 'Gnar', 'Master Yi', 'Taric', 'Tristana')",0,1,1
"('Diana', 'Lee Sin', 'Lulu', 'Malphite', 'Zeri')",0,1,1
"('Aphelios', 'Hecarim', 'Kennen', 'Rell', 'Tristana')",1,0,1
"(""Bel'Veth"", ""Kai'Sa"", 'Kennen', 'Rakan', 'Tryndamere')",1,0,1
"('Aatrox', 'Hecarim', ""Kai'Sa"", 'Pyke', 'Twisted Fate')",0,1,1
"('Draven', 'Gnar', 'Lillia', 'Nautilus', 'Qiyana')",0,1,1
"('Camille', 'Sylas', 'Varus', 'Viego', 'Zoe')",0,1,1
"('Ashe', 'Katarina', 'Kindred', 'Nasus', 'Nautilus')",0,1,1
"('Ahri', 'Kindred', 'Leona', 'Ornn', 'Varus')",0,1,1
"('Corki', 'Jax', 'Seraphine', 'Sivir', 'Taliyah')",1,0,1
"('Ahri', 'Alistar', 'Tahm Kench', 'Viego', 'Zeri')",1,0,1
"('Corki', 'Graves', 'Jinx', 'Lulu', 'Maokai')",0,1,1
"('Fizz', 'Jinx', 'Karthus', 'Renekton', 'Thresh')",0,1,1
"('Ahri', 'Blitzcrank', 'Smolder', 'Vi', 'Xayah')",1,0,1
"(""Kai'Sa"", 'Katarina', 'Ornn', 'Pyke', 'Viego')",0,1,1
"('Caitlyn', 'Camille', 'Hwei', 'Kindred', 'Nautilus')",1,0,1
"('Camille', 'Rakan', 'Vex', 'Warwick', 'Zeri')",0,1,1
"('Ahri', 'Jinx', 'Nidalee', 'Skarner', 'Thresh')",0,1,1
"('Corki', 'Gnar', 'Lillia', 'Lucian', 'Sona')",1,0,1
"('Braum', 'Lucian', 'Nidalee', 'Tristana', 'Tryndamere')",1,0,1
"('Alistar', 'Fiora', 'Lillia', 'Tristana', 'Varus')",1,0,1
"('Aphelios', 'Hwei', 'Lee Sin', 'Lulu', 'Nasus')",0,1,1
"('Camille', 'Darius', 'Diana', 'Taliyah', 'Varus')",0,1,1
"('Jhin', 'Seraphine', 'Sett', 'Smolder', 'Viego')",1,0,1
"('Ashe', 'Aurelion Sol', 'Bard', 'Jax', 'Skarner')",1,0,1
"('Cassiopeia', 'Jinx', 'Nautilus', 'Skarner', 'Vi')",1,0,1
"('Elise', 'Ezreal', 'Gnar', 'Janna', 'Zac')",0,1,1
"('Blitzcrank', 'Galio', 'Graves', 'Jax', 'Sivir')",1,0,1
"('Draven', 'Maokai', 'Nidalee', 'Sivir', 'Skarner')",1,0,1
"('Brand', 'Braum', 'Hwei', ""Kai'Sa"", 'Twisted Fate')",1,0,1
"('Alistar', 'Jax', 'Jhin', 'Nidalee', 'Tristana')",1,0,1
"('Blitzcrank', 'Camille', ""Kai'Sa"", 'Nidalee', 'Zed')",0,1,1
"('Ashe', 'Katarina', 'Lulu', 'Maokai', 'Olaf')",0,1,1
"('Ahri', 'Gnar', 'Seraphine', 'Varus', 'Viego')",0,1,1
"('Camille', 'Galio', 'Lee Sin', 'Nautilus', 'Samira')",1,0,1
"(""Kai'Sa"", 'Lee Sin', 'Rumble', 'Taric', 'Twisted Fate')",1,0,1
"('Akshan', 'Heimerdinger', 'Jinx', 'Lee Sin', 'Thresh')",0,1,1
"('Gragas', 'Hwei', 'Lucian', 'Milio', 'Viego')",1,0,1
"('Akshan', 'Jhin', 'Lux', 'Taliyah', 'Tryndamere')",0,1,1
"('Alistar', 'Corki', 'Jayce', 'Nidalee', 'Varus')",0,1,1
"('Hwei', 'Jax', 'Nidalee', 'Rell', 'Zeri')",0,1,1
"('Ashe', 'Elise', 'Leona', 'Riven', 'Tristana')",0,1,1
"('Gragas', 'Kalista', 'Lee Sin', 'Pyke', 'Yasuo')",0,1,1
"(""K'Sante"", ""Kai'Sa"", 'LeBlanc', 'Nautilus', 'Talon')",0,1,1
"('Leona', 'Nidalee', 'Renekton', 'Talon', 'Zeri')",1,0,1
"('Camille', 'Fiora', 'Galio', 'Jhin', 'Taliyah')",0,1,1
"('Ashe', 'Camille', 'Diana', 'Varus', 'Yasuo')",0,1,1
"('Ekko', 'Kled', 'Ornn', 'Sejuani', 'Senna')",1,0,1
"('Gwen', ""Kai'Sa"", 'Lee Sin', 'Pyke', 'Twisted Fate')",1,0,1
"('Akali', 'Corki', 'Graves', 'Poppy', 'Twisted Fate')",0,1,1
"(""Kai'Sa"", 'Leona', 'Lissandra', 'Ornn', 'Rengar')",0,1,1
"('Akali', ""Kai'Sa"", 'Rakan', 'Twisted Fate', 'Viego')",0,1,1
"('Galio', 'Kennen', 'Lee Sin', 'Lulu', 'Zeri')",1,0,1
"('Ashe', 'LeBlanc', 'Lee Sin', 'Renekton', 'Rumble')",1,0,1
"('Akali', 'Camille', 'Corki', 'Rakan', 'Viego')",1,0,1
"('Ahri', 'Aphelios', 'Braum', 'Taliyah', 'Twisted Fate')",1,0,1
"('Ashe', 'Leona', 'Nidalee', 'Talon', 'Twisted Fate')",0,1,1
"('Akali', 'Bard', 'Graves', 'Skarner', 'Varus')",1,0,1
"('Hwei', ""K'Sante"", ""Kai'Sa"", 'Nautilus', 'Wukong')",0,1,1
"('Bard', 'Fiora', 'Poppy', 'Sylas', 'Zeri')",0,1,1
"('Corki', 'Hwei', 'Karma', 'Nocturne', 'Sylas')",0,1,1
"('Aphelios', 'Camille', 'Diana', 'Lulu', 'Yasuo')",0,1,1
"('Bard', 'Diana', 'Ekko', 'Fiora', 'Jhin')",0,1,1
"('Aatrox', 'Nidalee', 'Pantheon', 'Tristana', 'Tryndamere')",1,0,1
"('Akshan', 'Kalista', 'Kennen', 'Lee Sin', 'Shaco')",1,0,1
"('Corki', 'Jax', ""Kai'Sa"", 'Taliyah', 'Thresh')",0,1,1
"('Hwei', ""Kai'Sa"", 'Nidalee', 'Rell', 'Renekton')",1,0,1
"('Akali', 'Camille', 'Gragas', ""Rek'Sai"", 'Sivir')",1,0,1
"('Alistar', 'Ashe', 'Orianna', 'Rengar', 'Singed')",1,0,1
"('Ekko', 'Ezreal', 'Ryze', 'Skarner', 'Tristana')",0,1,1
"('Aurelion Sol', 'Jinx', 'Malzahar', 'Morgana', 'Viego')",0,1,1
"('Ashe', 'Jayce', 'Kayn', 'Thresh', 'Twisted Fate')",1,0,1
"('Aurelion Sol', 'Gwen', ""Kai'Sa"", 'Thresh', 'Viego')",1,0,1
"('Hwei', 'Illaoi', ""Kai'Sa"", 'Rell', 'Vi')",1,0,1
"('Aurelion Sol', 'Camille', 'Jinx', 'Vi', 'Zilean')",1,0,1
"('Graves', ""Kai'Sa"", 'LeBlanc', 'Skarner', 'Zac')",1,0,1
"('Camille', 'Gragas', ""Kai'Sa"", 'Pyke', 'Zeri')",0,1,1
"('Akali', 'Ashe', 'Illaoi', 'Rakan', 'Vi')",0,1,1
"('Draven', 'Hwei', 'Kennen', 'Poppy', 'Pyke')",1,0,1
"('Aatrox', 'Kalista', 'LeBlanc', 'Lulu', 'Viego')",0,1,1
"('Akshan', 'Ashe', 'Gnar', 'Lillia', 'Rell')",0,1,1
"('Ashe', 'Braum', 'Camille', 'Ekko', 'Tristana')",1,0,1
"('Hwei', 'Jayce', ""Kai'Sa"", 'Lee Sin', 'Nautilus')",1,0,1
"('Brand', ""Rek'Sai"", 'Rumble', 'Sion', 'Twitch')",0,1,1
"('Camille', 'Graves', 'Heimerdinger', 'Jinx', 'Sylas')",0,1,1
"('Akshan', 'Ekko', 'Irelia', ""Kai'Sa"", 'Rakan')",1,0,1
"('Corki', 'Draven', 'Graves', 'Gwen', 'Twitch')",0,1,1
"('Pantheon', 'Shaco', 'Sylas', 'Yone', 'Zeri')",1,0,1
"(""Kai'Sa"", 'Thresh', 'Vex', 'Xin Zhao', 'Yone')",1,0,1
"('Gnar', 'Nautilus', 'Taliyah', 'Twitch', 'Yone')",1,0,1
"('Draven', 'LeBlanc', 'Nautilus', 'Twisted Fate', 'Viego')",1,0,1
"('Azir', 'Draven', 'Gnar', 'Leona', 'Master Yi')",1,0,1
"('Lissandra', 'Lucian', 'Lulu', 'Rell', 'Viego')",1,0,1
"('Hecarim', ""K'Sante"", 'LeBlanc', 'Nilah', 'Rumble')",1,0,1
"('Caitlyn', 'Jarvan IV', 'Jax', 'LeBlanc', 'Leona')",0,1,1
"('Fiddlesticks', 'Irelia', ""Kai'Sa"", 'Nautilus', 'Tristana')",1,0,1
"('Corki', 'Kalista', 'Poppy', 'Rumble', 'Skarner')",1,0,1
"('Aphelios', 'Lee Sin', 'Thresh', 'Twisted Fate', 'Zoe')",0,1,1
"('Anivia', 'Jayce', ""Kai'Sa"", 'Lee Sin', 'Pyke')",0,1,1
"('Ahri', 'Ornn', 'Rell', 'Rengar', 'Samira')",1,0,1
"('Jayce', 'Lee Sin', 'Rell', 'Syndra', 'Zeri')",1,0,1
"(""Cho'Gath"", 'Graves', 'Jayce', 'Karma', 'Thresh')",0,1,1
"('Cassiopeia', ""K'Sante"", ""Kai'Sa"", 'Kindred', 'Seraphine')",1,0,1
"('Ashe', 'Skarner', 'Tryndamere', 'Urgot', 'Varus')",1,0,1
"('Ashe', 'Hwei', 'Kennen', 'Rengar', 'Zyra')",0,1,1
"('Hecarim', 'Kled', 'LeBlanc', 'Nautilus', 'Varus')",1,0,1
"('Cassiopeia', 'Hwei', 'Rengar', 'Skarner', 'Varus')",0,1,1
"('Ahri', ""Kha'Zix"", 'Lucian', 'Nami', 'Twisted Fate')",0,1,1
"('Camille', 'Kassadin', 'Kayn', 'Thresh', 'Varus')",0,1,1
"('Corki', 'Lee Sin', 'Milio', 'Taliyah', 'Twisted Fate')",1,0,1
"('Aurelion Sol', 'Rell', 'Renekton', 'Varus', 'Viego')",1,0,1
"('Jarvan IV', 'Jayce', ""K'Sante"", 'Senna', 'Seraphine')",0,1,1
"('Lulu', 'Taliyah', 'Twisted Fate', 'Vex', 'Zeri')",1,0,1
"('Akshan', 'Camille', 'Nidalee', 'Rakan', 'Twitch')",1,0,1
"('Ekko', ""K'Sante"", 'Lee Sin', 'Lulu', 'Zeri')",0,1,1
"('Hwei', 'Rakan', 'Twisted Fate', 'Viego', 'Zeri')",0,1,1
"('Aatrox', 'Ekko', 'Hwei', 'Taric', 'Zeri')",1,0,1
"('Alistar', 'Aphelios', 'Jayce', 'Lillia', 'Tristana')",1,0,1
"('Camille', ""Kai'Sa"", 'Karthus', 'Lee Sin', 'Rakan')",0,1,1
"('Camille', 'Nautilus', 'Samira', 'Twisted Fate', 'Viego')",1,0,1
"('Ashe', 'Ornn', 'Taliyah', 'Talon', 'Varus')",0,1,1
"('Bard', 'Lillia', 'Yone', 'Zeri', 'Zoe')",0,1,1
"('Ashe', 'Braum', 'Jayce', 'Twisted Fate', 'Vi')",0,1,1
"('Illaoi', 'Jinx', 'Thresh', 'Tristana', 'Zyra')",0,1,1
"('Camille', 'Jinx', 'Orianna', 'Rell', 'Shaco')",0,1,1
"('Alistar', 'Ashe', 'Cassiopeia', 'Jayce', 'Nidalee')",1,0,1
"(""Bel'Veth"", 'Diana', 'Jayce', 'Leona', 'Miss Fortune')",1,0,1
"('Cassiopeia', 'Corki', 'Jinx', 'Thresh', 'Viego')",0,1,1
"('Jax', 'Kindred', 'Rell', 'Taliyah', 'Varus')",1,0,1
"('Ashe', 'Braum', 'Cassiopeia', 'Skarner', 'Warwick')",0,1,1
"('Braum', 'Diana', ""K'Sante"", 'Lee Sin', 'Tristana')",0,1,1
"('Alistar', 'Anivia', 'Draven', 'Gragas', 'Kindred')",0,1,1
"('Hwei', 'LeBlanc', 'Lucian', 'Swain', 'Viego')",1,0,1
"('Karthus', 'Rakan', 'Urgot', 'Varus', 'Zed')",1,0,1
"('Cassiopeia', 'Corki', 'Lee Sin', 'Orianna', 'Pyke')",1,0,1
"('Aurelion Sol', ""Bel'Veth"", 'Rakan', ""Rek'Sai"", 'Zeri')",0,1,1
"('Aurelion Sol', 'Jinx', 'Skarner', 'Xin Zhao', 'Zilean')",1,0,1
"('Galio', 'Graves', ""Kai'Sa"", 'Pyke', 'Skarner')",1,0,1
"('Aurelion Sol', 'Camille', 'Galio', 'Kalista', 'Vi')",1,0,1
"('Ashe', 'Camille', 'Lulu', 'Syndra', 'Xin Zhao')",1,0,1
"('Aatrox', 'Ashe', 'Karma', 'Katarina', ""Rek'Sai"")",0,1,1
"('Jinx', 'Nautilus', 'Taliyah', 'Viego', 'Zed')",1,0,1
"('Lillia', 'Pantheon', 'Rell', 'Skarner', 'Varus')",1,0,1
"('Akshan', 'Kennen', 'Lucian', 'Milio', 'Zac')",1,0,1
"('Aurelion Sol', 'Graves', 'Rakan', 'Riven', 'Zeri')",1,0,1
"(""Kai'Sa"", 'Master Yi', 'Rammus', 'Rell', 'Rumble')",1,0,1
"('Aurelion Sol', 'Bard', 'Cassiopeia', 'Jayce', ""Kai'Sa"")",1,0,1
"('Aurelion Sol', ""K'Sante"", 'Lucian', 'Poppy', 'Sona')",0,1,1
"('Gnar', 'Nautilus', 'Nidalee', 'Syndra', 'Varus')",1,0,1
"('Akshan', 'Corki', 'Gragas', 'Seraphine', 'Zac')",1,0,1
"('Corki', 'Graves', 'Jax', 'Pyke', 'Sylas')",0,1,1
"('Ashe', 'Graves', 'Milio', 'Poppy', 'Zoe')",1,0,1
"('Ashe', ""K'Sante"", 'Skarner', 'Taliyah', 'Tryndamere')",0,1,1
"('Aurelion Sol', 'Hecarim', 'Lucian', 'Renekton', 'Zyra')",1,0,1
"('Galio', 'Kalista', 'Kindred', 'Renata Glasc', 'Rumble')",1,0,1
"('Corki', 'Lee Sin', 'Rakan', 'Taliyah', 'Twisted Fate')",0,1,1
"('Elise', 'Jinx', 'Mordekaiser', 'Thresh', 'Tristana')",1,0,1
"('Hwei', 'Kalista', 'Senna', 'Singed', 'Xin Zhao')",0,1,1
"('Draven', 'Hwei', 'Jax', 'Karma', 'Master Yi')",0,1,1
"('Aphelios', 'LeBlanc', 'Neeko', 'Skarner', 'Vi')",1,0,1
"('Aatrox', 'Alistar', 'Jhin', 'Nidalee', 'Tristana')",0,1,1
"('Fizz', 'Galio', 'Rell', 'Twitch', 'Vi')",1,0,1
"('Alistar', 'Aurelion Sol', 'Lee Sin', 'Samira', 'Warwick')",1,0,1
"(""K'Sante"", 'Neeko', 'Nidalee', 'Swain', 'Urgot')",1,0,1
"('Alistar', 'Jax', 'Jhin', ""K'Sante"", 'Orianna')",0,1,1
"('Akali', 'Kennen', 'Smolder', 'Thresh', 'Xin Zhao')",1,0,1
"('Blitzcrank', 'Jayce', ""Kai'Sa"", 'Taliyah', 'Zac')",0,1,1
"('Akali', 'Heimerdinger', 'Lee Sin', 'Thresh', 'Zeri')",0,1,1
"('Cassiopeia', 'Corki', 'Leona', 'Pantheon', 'Vayne')",1,0,1
"('Alistar', 'Heimerdinger', ""Kai'Sa"", 'Lee Sin', 'Syndra')",1,0,1
"('Alistar', 'Aurelion Sol', 'Lee Sin', 'Nasus', 'Samira')",0,1,1
"('Aphelios', ""K'Sante"", 'LeBlanc', 'Lee Sin', 'Lulu')",1,0,1
"('Camille', 'Lee Sin', 'Rell', 'Samira', 'Taliyah')",1,0,1
"('Ivern', 'Jinx', 'Kennen', 'Nautilus', 'Rengar')",1,0,1
"('Jax', 'Maokai', 'Nidalee', 'Sivir', 'Tristana')",1,0,1
"('Akali', 'Jinx', 'Kennen', 'Lee Sin', 'Rell')",1,0,1
"('Bard', ""Cho'Gath"", 'Ezreal', 'Graves', 'Vayne')",0,1,1
"('Ahri', 'Aphelios', 'Jayce', 'Rakan', ""Rek'Sai"")",0,1,1
"('Hwei', ""Rek'Sai"", 'Renekton', 'Senna', 'Swain')",0,1,1
"('Bard', 'Jinx', 'Nidalee', 'Renekton', 'Viktor')",1,0,1
"(""Bel'Veth"", 'Hwei', 'Jayce', 'Lucian', 'Rell')",0,1,1
"('Caitlyn', 'Nami', 'Nasus', 'Nidalee', 'Renekton')",1,0,1
"('Bard', 'Camille', 'Corki', 'Lucian', 'Sejuani')",1,0,1
"('Galio', 'Kled', 'Nasus', 'Olaf', ""Vel'Koz"")",1,0,1
"('Anivia', ""K'Sante"", 'Kalista', 'Karthus', 'Taric')",1,0,1
"('Heimerdinger', 'Nocturne', 'Seraphine', 'Taliyah', 'Tristana')",1,0,1
"('Ashe', 'Corki', 'Leona', 'Mordekaiser', 'Skarner')",1,0,1
"('Bard', 'Corki', 'Fiddlesticks', 'Renekton', 'Yone')",1,0,1
"('Jax', 'Jinx', 'Nautilus', 'Skarner', 'Zac')",0,1,1
"('Lillia', 'Renekton', 'Senna', 'Swain', 'Twisted Fate')",0,1,1
"('Heimerdinger', 'Katarina', 'Kennen', 'Xin Zhao', 'Zeri')",0,1,1
"('Jarvan IV', 'LeBlanc', 'Rakan', 'Skarner', 'Zeri')",0,1,1
"('Graves', 'Rell', 'Shen', 'Taliyah', 'Zeri')",1,0,1
"('Anivia', 'Jax', 'Kindred', 'Rakan', 'Sivir')",0,1,1
"('Ahri', 'Aphelios', 'Gragas', 'Jax', 'Kennen')",0,1,1
"('Dr. Mundo', 'Gnar', 'Jhin', 'Nidalee', 'Yone')",0,1,1
"('Jax', 'LeBlanc', 'Pyke', 'Skarner', 'Zeri')",0,1,1
"('Elise', ""K'Sante"", ""Kai'Sa"", 'Katarina', 'Nautilus')",1,0,1
"('Gwen', 'Hwei', 'Jhin', 'Kindred', 'Orianna')",1,0,1
"('Aatrox', ""Kai'Sa"", 'Pyke', 'Rammus', 'Singed')",0,1,1
"('Corki', 'Lillia', 'Malphite', 'Poppy', 'Viego')",0,1,1
"('Aatrox', ""K'Sante"", 'Nidalee', 'Seraphine', 'Xayah')",1,0,1
"('Corki', 'Hwei', 'Jinx', 'Lee Sin', 'Nautilus')",0,1,1
"('Ashe', 'Jax', 'Nidalee', 'Thresh', 'Tristana')",1,0,1
"('Akali', 'Ashe', 'Lee Sin', 'Nautilus', 'Rumble')",1,0,1
"('Jayce', 'Lucian', 'Nami', 'Nasus', 'Nidalee')",1,0,1
"('Aurelion Sol', 'Irelia', 'Karthus', ""Kog'Maw"", 'Lulu')",1,0,1
"('Caitlyn', 'Hwei', 'Kled', ""Rek'Sai"", 'Rumble')",1,0,1
"('Jayce', 'Nidalee', 'Rakan', 'Urgot', 'Varus')",1,0,1
"('Aurelion Sol', 'Braum', 'Caitlyn', 'Viego', 'Warwick')",0,1,1
"('Hwei', 'Jhin', 'Pyke', 'Shen', 'Vi')",1,0,1
"('Orianna', 'Rell', 'Samira', 'Skarner', 'Viego')",1,0,1
"('Lillia', 'Lux', 'Miss Fortune', 'Orianna', 'Skarner')",0,1,1
"('Corki', 'Gnar', ""K'Sante"", 'Karthus', 'Zyra')",0,1,1
"('Ashe', 'Corki', 'Ekko', 'Renata Glasc', 'Twisted Fate')",1,0,1
"('Draven', ""Kha'Zix"", 'Pyke', 'Vayne', 'Volibear')",0,1,1
"('Aatrox', 'Caitlyn', 'LeBlanc', 'Lee Sin', 'Zyra')",1,0,1
"('Fiddlesticks', 'Jayce', 'Jinx', 'Nasus', 'Seraphine')",0,1,1
"('Ashe', 'Braum', 'Poppy', 'Taliyah', 'Tryndamere')",1,0,1
"(""Bel'Veth"", 'Cassiopeia', 'Kennen', 'Lucian', 'Nami')",0,1,1
"('Camille', 'Lillia', 'Lucian', 'Nautilus', 'Tristana')",0,1,1
"('Fiora', 'Hwei', 'Jhin', 'Rell', 'Skarner')",0,1,1
"('Camille', 'Hwei', 'Lee Sin', 'Tristana', 'Viego')",0,1,1
"(""Kai'Sa"", 'Lissandra', 'Nautilus', 'Nidalee', 'Renekton')",0,1,1
"('Illaoi', 'Ivern', 'Leona', 'Nilah', 'Tristana')",1,0,1
"('Irelia', ""K'Sante"", 'Leona', 'Viego', 'Ziggs')",1,0,1
"('Blitzcrank', 'Graves', 'Jax', ""Kai'Sa"", 'Orianna')",0,1,1
"('Leona', ""Rek'Sai"", 'Taliyah', 'Teemo', 'Zeri')",0,1,1
"('Lucian', 'Milio', 'Renekton', 'Taliyah', 'Viego')",1,0,1
"('Ashe', 'Caitlyn', 'Corki', ""Rek'Sai"", 'Warwick')",0,1,1
"('Akali', ""Kai'Sa"", 'Nautilus', 'Talon', 'Viego')",0,1,1
"('Ashe', 'Bard', ""Rek'Sai"", 'Sett', 'Taliyah')",0,1,1
"('Braum', 'Caitlyn', 'Skarner', 'Taliyah', 'Viego')",1,0,1
"('Aphelios', 'Rell', 'Sion', 'Skarner', 'Vex')",1,0,1
"('Diana', 'Jayce', ""Kog'Maw"", 'Skarner', 'Thresh')",0,1,1
"('Corki', 'Nautilus', 'Nidalee', 'Tristana', 'Tryndamere')",1,0,1
"('Akali', 'Neeko', 'Poppy', 'Varus', 'Viego')",0,1,1
"('Kalista', 'Lillia', 'Ornn', 'Skarner', 'Tristana')",1,0,1
"(""K'Sante"", 'Kalista', 'Poppy', 'Thresh', 'Twisted Fate')",1,0,1
"('Bard', 'Camille', 'Ezreal', 'Nidalee', 'Twisted Fate')",1,0,1
"('Annie', 'Jayce', 'Lillia', 'Varus', 'Volibear')",0,1,1
"('Fiora', 'Kindred', 'Lux', 'Sylas', 'Ziggs')",0,1,1
"('Hecarim', 'Hwei', 'Jinx', 'Lulu', 'Shen')",1,0,1
"('Brand', 'Ezreal', 'Karma', 'Sylas', 'Yone')",1,0,1
"('Alistar', 'Camille', 'Draven', 'Malzahar', 'Skarner')",1,0,1
"('Fiora', ""Kai'Sa"", 'Nidalee', 'Rell', 'Yone')",0,1,1
"('Galio', 'Jayce', 'Nidalee', 'Rakan', 'Zeri')",1,0,1
"('Nautilus', 'Neeko', 'Tahm Kench', 'Viego', 'Zeri')",1,0,1
"('Draven', 'Fiora', 'Karthus', 'Taliyah', 'Thresh')",0,1,1
"(""K'Sante"", 'Nilah', 'Sejuani', 'Taliyah', 'Viego')",1,0,1
"('Aurelion Sol', 'Cassiopeia', 'Nautilus', 'Pantheon', 'Tristana')",1,0,1
"('Corki', 'Graves', ""K'Sante"", 'Nautilus', 'Taliyah')",1,0,1
"('Hwei', 'Smolder', 'Taliyah', 'Tristana', 'Yasuo')",1,0,1
"('Blitzcrank', 'Hecarim', ""Kai'Sa"", 'Ornn', 'Syndra')",0,1,1
"('Blitzcrank', 'Jinx', 'Quinn', 'Rengar', 'Twisted Fate')",1,0,1
"('Corki', 'Hwei', 'Pyke', 'Skarner', 'Viego')",1,0,1
"('Draven', 'Lee Sin', 'Mordekaiser', 'Pyke', 'Sylas')",1,0,1
"('Alistar', 'Corki', 'Diana', 'Sett', 'Yasuo')",1,0,1
"('Ashe', 'Fiora', 'Rell', 'Taliyah', 'Yone')",0,1,1
"('Jayce', 'Lillia', 'Nautilus', 'Twisted Fate', 'Zeri')",1,0,1
"('Akali', 'Hecarim', 'Jinx', 'Qiyana', 'Thresh')",1,0,1
"('Aatrox', 'Kalista', 'Kindred', 'Nautilus', 'Orianna')",0,1,1
"('Bard', 'Gnar', 'Graves', 'Jhin', 'Sylas')",0,1,1
"('Aphelios', 'Aurelion Sol', 'Brand', 'Riven', 'Skarner')",0,1,1
"('Akali', 'Caitlyn', 'Kindred', 'Milio', 'Warwick')",1,0,1
"('Alistar', 'Corki', 'Nidalee', 'Renekton', 'Skarner')",1,0,1
"('Akali', 'Gangplank', 'Hecarim', ""Kai'Sa"", 'Maokai')",0,1,1
"('Ashe', 'Gangplank', 'Lee Sin', 'Lulu', 'Rumble')",1,0,1
"('Aurelion Sol', 'Lucian', 'Renekton', 'Skarner', 'Sona')",1,0,1
"('Jinx', 'LeBlanc', 'Leona', 'Mordekaiser', 'Viego')",0,1,1
"('Bard', 'Caitlyn', 'Corki', 'Fiora', 'Taliyah')",1,0,1
"('Galio', 'Lulu', 'Nunu & Willump', 'Varus', 'Vayne')",0,1,1
"('Fizz', ""Kai'Sa"", 'Olaf', 'Senna', 'Vi')",0,1,1
"('Azir', 'Graves', 'Lux', 'Urgot', 'Varus')",0,1,1
"(""Bel'Veth"", 'Jinx', 'Nautilus', 'Ornn', 'Sylas')",0,1,1
"('Aphelios', 'Gwen', 'LeBlanc', 'Lulu', 'Urgot')",1,0,1
"(""Kai'Sa"", 'LeBlanc', 'Nautilus', 'Renekton', 'Udyr')",1,0,1
"('Akali', 'Anivia', 'Graves', ""Kai'Sa"", 'Rakan')",1,0,1
"('Karthus', 'Poppy', 'Sivir', 'Teemo', 'Zed')",1,0,1
"('Corki', 'Garen', 'Karthus', 'Neeko', 'Tristana')",1,0,1
"('Camille', 'Kalista', 'Neeko', 'Viego', 'Zoe')",1,0,1
"('Ahri', ""Kai'Sa"", 'Nautilus', ""Rek'Sai"", 'Tryndamere')",1,0,1
"('Anivia', 'Aphelios', 'Blitzcrank', 'Lee Sin', 'Syndra')",0,1,1
"('Braum', 'Jayce', ""Kai'Sa"", 'Karthus', 'Swain')",0,1,1
"('Brand', 'Kalista', 'Kennen', 'Taric', 'Tristana')",0,1,1
"('Gragas', 'Gwen', 'Irelia', ""Kai'Sa"", 'Poppy')",1,0,1
"('Alistar', ""Kai'Sa"", 'Lee Sin', 'Neeko', 'Urgot')",1,0,1
"('Kindred', 'Rakan', 'Rumble', 'Tristana', 'Xayah')",0,1,1
"('Akali', 'Ashe', 'Rell', 'Urgot', 'Viego')",1,0,1
"('Aphelios', 'Aurelion Sol', 'Nautilus', ""Rek'Sai"", 'Renekton')",1,0,1
"('Akali', ""K'Sante"", ""Kai'Sa"", 'Lillia', 'Nautilus')",0,1,1
"(""Kai'Sa"", 'LeBlanc', 'Nautilus', 'Renekton', 'Viego')",1,0,1
"('Aatrox', 'Alistar', 'Rumble', 'Tristana', 'Varus')",0,1,1
"('Kalista', 'Karthus', 'Nasus', 'Rumble', 'Yone')",1,0,1
"(""Bel'Veth"", ""Kai'Sa"", 'Kennen', 'Leona', 'Rengar')",0,1,1
"('Ashe', 'Lillia', 'Urgot', 'Varus', 'Yone')",0,1,1
"('Camille', ""Kai'Sa"", 'Nami', 'Renekton', 'Taliyah')",1,0,1
"('Dr. Mundo', 'Gragas', 'Jhin', 'Talon', 'Zilean')",1,0,1
"('Lee Sin', 'Skarner', 'Taliyah', 'Varus', 'Zyra')",0,1,1
"('Corki', 'Jayce', 'Karthus', 'Poppy', 'Tristana')",0,1,1
"(""K'Sante"", 'Kindred', 'Nautilus', 'Rumble', 'Ziggs')",0,1,1
"('Draven', 'Hwei', 'Nidalee', 'Pyke', 'Renekton')",1,0,1
"('Irelia', ""Kai'Sa"", 'Nidalee', 'Rell', 'Tristana')",1,0,1
"('Ahri', 'Aphelios', 'Graves', 'Nautilus', 'Renekton')",0,1,1
"('Aatrox', 'Jayce', 'Nidalee', 'Rakan', 'Twitch')",0,1,1
"('Ashe', 'Karthus', 'Ornn', 'Rumble', 'Yone')",1,0,1
"('Ashe', 'Braum', 'Qiyana', 'Taliyah', 'Urgot')",0,1,1
"('Akshan', 'Ekko', ""Kai'Sa"", 'Nautilus', 'Skarner')",0,1,1
"('Alistar', ""Kai'Sa"", 'Ornn', ""Rek'Sai"", 'Syndra')",1,0,1
"('Corki', 'Nautilus', 'Nidalee', 'Twisted Fate', 'Yone')",1,0,1
"('Blitzcrank', ""Kai'Sa"", 'LeBlanc', 'Urgot', 'Viego')",0,1,1
"('Jinx', 'LeBlanc', 'Master Yi', 'Nautilus', 'Renekton')",0,1,1
"('Jhin', 'Rakan', 'Taliyah', 'Urgot', 'Viego')",0,1,1
"('Bard', 'Corki', 'Kindred', 'Olaf', 'Sylas')",1,0,1
"('Akali', 'Darius', 'Graves', 'Pyke', 'Zeri')",0,1,1
"('Aurelion Sol', 'Sivir', 'Urgot', 'Xin Zhao', 'Yuumi')",0,1,1
"('Aatrox', 'Lucian', 'Pyke', 'Taliyah', 'Yone')",0,1,1
"(""Cho'Gath"", 'Nunu & Willump', 'Skarner', 'Talon', 'Urgot')",0,1,1
"('Anivia', 'Bard', 'Corki', 'Gnar', 'Lee Sin')",1,0,1
"('Ahri', 'Bard', 'Skarner', 'Tryndamere', 'Zeri')",1,0,1
"('Bard', 'Fiora', 'Hwei', 'Jinx', 'Viego')",1,0,1
"('Fiddlesticks', 'Jayce', 'Jhin', 'Sona', 'Twisted Fate')",0,1,1
"('Diana', 'Thresh', 'Twisted Fate', 'Urgot', 'Varus')",0,1,1
"('Gwen', 'Poppy', 'Rengar', 'Rumble', 'Ziggs')",1,0,1
"('Aurelion Sol', 'Bard', 'Gwen', 'Jhin', 'Xin Zhao')",0,1,1
"('Aurelion Sol', ""Kai'Sa"", 'Lee Sin', 'Pyke', 'Urgot')",1,0,1
"('Bard', 'Corki', 'Renekton', 'Taliyah', 'Xin Zhao')",1,0,1
"('Fiddlesticks', 'Kalista', 'LeBlanc', 'Renata Glasc', 'Urgot')",1,0,1
"('Ashe', 'Gragas', 'Lee Sin', 'Thresh', 'Twisted Fate')",1,0,1
"('Alistar', 'Jhin', 'Kennen', 'LeBlanc', 'Skarner')",0,1,1
"('Alistar', 'Corki', 'Taliyah', 'Talon', 'Urgot')",1,0,1
"('Braum', 'Jayce', 'Lillia', 'Urgot', 'Zeri')",0,1,1
"('Graves', 'Orianna', 'Rakan', 'Shen', 'Zeri')",1,0,1
"('Lillia', 'Lucian', 'Nami', 'Qiyana', 'Urgot')",1,0,1
"('Akali', 'Gragas', 'Heimerdinger', 'Skarner', 'Viego')",1,0,1
"('Aphelios', 'Fiddlesticks', 'Ornn', 'Seraphine', 'Tristana')",1,0,1
"('Poppy', 'Seraphine', 'Varus', 'Vex', 'Viego')",1,0,1
"('Ashe', 'Hwei', 'Nautilus', ""Rek'Sai"", 'Twisted Fate')",1,0,1
"('Bard', 'Cassiopeia', 'Ezreal', 'Galio', 'Lee Sin')",0,1,1
"('Akshan', 'Hwei', 'Jhin', 'Rengar', 'Syndra')",0,1,1
"('Ashe', 'Hwei', 'Lee Sin', 'Rumble', 'Varus')",1,0,1
"('Ashe', 'Heimerdinger', 'Nasus', 'Nidalee', 'Tristana')",1,0,1
"('Braum', 'Corki', 'Irelia', 'Lissandra', 'Viego')",1,0,1
"('Fiddlesticks', 'Gragas', 'Irelia', ""Kai'Sa"", 'Nautilus')",1,0,1
"('Alistar', 'Jinx', 'Taliyah', 'Twisted Fate', 'Volibear')",0,1,1
"('Kindred', 'Rakan', 'Udyr', 'Veigar', 'Zeri')",1,0,1
"('Caitlyn', 'Hwei', 'Lee Sin', 'Thresh', 'Zyra')",1,0,1
"('Hwei', 'Jinx', ""Kha'Zix"", 'Rell', 'Zyra')",0,1,1
"('Diana', 'Jinx', 'Nautilus', 'Renekton', 'Sion')",1,0,1
"('Malphite', 'Rakan', 'Varus', 'Viego', 'Zac')",1,0,1
"('Gwen', 'Kalista', 'Pantheon', 'Renata Glasc', 'Skarner')",1,0,1
"('Ashe', 'Braum', 'Lee Sin', 'Lux', 'Nasus')",0,1,1
"('Aurelion Sol', 'Renekton', 'Thresh', 'Viego', 'Xayah')",1,0,1
"('Gragas', ""Kai'Sa"", 'Rell', 'Taliyah', 'Viego')",0,1,1
"('Galio', 'Gnar', 'Lucian', 'Nami', 'Taliyah')",1,0,1
"(""Kai'Sa"", 'Rumble', 'Tristana', 'Veigar', 'Xin Zhao')",1,0,1
"('Irelia', 'Jinx', 'Lee Sin', 'Taliyah', 'Thresh')",1,0,1
"('Aurelion Sol', 'Graves', 'Rakan', 'Soraka', 'Zeri')",1,0,1
"('Akali', 'Hwei', 'Jhin', 'Lee Sin', 'Sett')",1,0,1
"('Diana', 'Jinx', 'Lee Sin', 'Thresh', 'Tryndamere')",1,0,1
"('Bard', ""Bel'Veth"", 'Shen', 'Smolder', 'Twisted Fate')",1,0,1
"('Annie', 'Jayce', 'Jinx', 'Thresh', 'Wukong')",1,0,1
"('Braum', 'Lee Sin', 'Lucian', 'Rumble', 'Zed')",1,0,1
"('Hwei', 'Jhin', ""K'Sante"", 'Rammus', 'Zyra')",0,1,1
"('Aurelion Sol', 'Draven', 'Lee Sin', 'Renekton', 'Thresh')",1,0,1
"('Aurelion Sol', 'Jhin', 'Master Yi', 'Rumble', 'Twisted Fate')",0,1,1
"('Bard', 'Gragas', 'Jax', ""Kai'Sa"", 'Kindred')",0,1,1
"('Ashe', 'Bard', 'Pantheon', 'Xin Zhao', 'Zac')",1,0,1
"('Aurelion Sol', 'Camille', ""Kai'Sa"", ""Kha'Zix"", 'Maokai')",1,0,1
"('Corki', 'Jinx', 'Nautilus', 'Taliyah', 'Viego')",0,1,1
"('Camille', 'Corki', 'Leona', 'Sylas', 'Vi')",1,0,1
"('Alistar', ""Kai'Sa"", 'Karthus', 'Ryze', 'Viego')",0,1,1
"('Ashe', 'Rumble', 'Skarner', 'Taliyah', 'Tristana')",1,0,1
"(""Bel'Veth"", 'Jinx', 'Sejuani', 'Thresh', 'Zoe')",1,0,1
"('Jayce', 'Katarina', 'Leona', 'Talon', ""Vel'Koz"")",0,1,1
"('Annie', 'Lee Sin', 'Rakan', 'Rumble', 'Varus')",1,0,1
"(""Bel'Veth"", 'Camille', ""Kai'Sa"", 'LeBlanc', 'Olaf')",0,1,1
"('Heimerdinger', 'Irelia', 'Lillia', 'Nautilus', 'Tristana')",0,1,1
"('Corki', 'Hwei', 'Nautilus', 'Udyr', 'Vi')",1,0,1
"('Anivia', 'Jayce', ""Kai'Sa"", 'Rell', 'Xin Zhao')",1,0,1
"('Jax', 'Lillia', 'Poppy', 'Swain', 'Zed')",1,0,1
"('Alistar', 'Jax', 'Jhin', 'Lillia', 'Yone')",0,1,1
"('Akshan', 'Ashe', 'Leona', 'Taliyah', 'Urgot')",0,1,1
"(""Kai'Sa"", 'Poppy', ""Rek'Sai"", 'Skarner', 'Syndra')",1,0,1
"('Hwei', ""Kog'Maw"", 'Lee Sin', 'Nautilus', 'Sion')",0,1,1
"('Aphelios', 'Graves', 'Singed', 'Sylas', 'Thresh')",0,1,1
"('Ahri', 'Galio', ""Kog'Maw"", 'Lulu', 'Viego')",0,1,1
"('Irelia', 'Leona', 'Orianna', 'Varus', 'Vi')",1,0,1
"('Azir', 'Nautilus', 'Senna', 'Tryndamere', 'Viego')",1,0,1
"('Annie', 'Blitzcrank', 'Graves', 'Urgot', 'Zeri')",0,1,1
"('Aatrox', 'Jinx', 'Karthus', 'Lulu', 'Yasuo')",1,0,1
"('Cassiopeia', 'Corki', ""Kha'Zix"", 'Poppy', 'Rell')",1,0,1
"('Jayce', 'Nidalee', 'Seraphine', 'Urgot', 'Varus')",0,1,1
"('Graves', 'Rakan', 'Urgot', 'Vex', 'Zeri')",1,0,1
"('Aurelion Sol', 'Kalista', 'Master Yi', 'Rell', 'Vayne')",0,1,1
"('Jinx', 'Katarina', 'Renata Glasc', 'Taliyah', 'Urgot')",0,1,1
"('Aurelion Sol', 'Lee Sin', 'Renekton', 'Senna', ""Vel'Koz"")",1,0,1
"('Corki', ""K'Sante"", 'Lee Sin', 'Nautilus', 'Taliyah')",0,1,1
"('Bard', 'Diana', 'Jhin', 'Renekton', 'Shaco')",1,0,1
"('Jhin', 'Orianna', 'Rakan', 'Rumble', 'Shaco')",0,1,1
"('Amumu', 'Ezreal', 'Hwei', 'Jayce', 'Zac')",0,1,1
"('Alistar', 'Irelia', 'Urgot', 'Viego', 'Zeri')",0,1,1
"('Aphelios', 'Diana', 'Qiyana', 'Skarner', 'Thresh')",0,1,1
"('Ashe', 'Azir', 'Graves', 'Poppy', 'Vayne')",1,0,1
"('Jinx', 'Rumble', 'Thresh', 'Vex', 'Wukong')",0,1,1
"('Alistar', 'Gwen', 'Hwei', 'Jinx', 'Kindred')",0,1,1
"('Caitlyn', 'Nautilus', 'Skarner', 'Sylas', 'Viego')",0,1,1
"('Aatrox', 'Hwei', 'LeBlanc', 'Varus', 'Viego')",0,1,1
"('Ashe', 'Kindred', 'Lissandra', 'Rell', 'Skarner')",1,0,1
"('Ahri', 'Corki', ""K'Sante"", 'Kindred', 'Rell')",1,0,1
"('Corki', 'LeBlanc', 'Leona', 'Tahm Kench', 'Trundle')",1,0,1
"('Blitzcrank', 'Corki', 'Renekton', 'Taliyah', 'Zed')",1,0,1
"('Akshan', 'Alistar', 'Mordekaiser', 'Nidalee', 'Twitch')",1,0,1
"('Bard', 'Brand', 'Corki', 'Riven', 'Viego')",1,0,1
"('Braum', 'Corki', 'Naafiri', 'Rumble', 'Vladimir')",1,0,1
"('Brand', 'Corki', 'Kindred', 'Pantheon', 'Poppy')",0,1,1
"('Corki', 'Graves', 'Shen', 'Tahm Kench', 'Xerath')",0,1,1
"('Kennen', 'Lucian', 'Nami', 'Renekton', 'Taliyah')",1,0,1
"('Azir', 'Heimerdinger', ""Kai'Sa"", 'Olaf', 'Rell')",1,0,1
"('Corki', 'Hwei', 'Jax', 'Rell', 'Seraphine')",0,1,1
"('Leona', 'Lillia', 'Miss Fortune', 'Tryndamere', 'Yone')",1,0,1
"('Akshan', 'Kalista', 'Nidalee', 'Renekton', 'Zyra')",1,0,1
"('Aatrox', 'Poppy', ""Rek'Sai"", 'Zeri', 'Zoe')",0,1,1
"('Gragas', 'Jax', 'Nidalee', 'Pantheon', 'Varus')",1,0,1
"('Alistar', 'Dr. Mundo', 'Taliyah', 'Talon', 'Zeri')",0,1,1
"('Aurelion Sol', 'Camille', 'Corki', ""Kha'Zix"", 'Malphite')",1,0,1
"('Ashe', 'Galio', 'Kalista', 'Shen', 'Taliyah')",0,1,1
"('Corki', 'Katarina', 'Lillia', 'Ornn', 'Pyke')",1,0,1
"('Aphelios', 'Corki', 'Maokai', 'Poppy', 'Taliyah')",0,1,1
"('Camille', 'Galio', 'Renekton', 'Wukong', 'Ziggs')",0,1,1
"('Corki', 'Kindred', 'Nautilus', 'Warwick', 'Zoe')",0,1,1
"('Seraphine', 'Sivir', 'Syndra', 'Tryndamere', 'Viego')",1,0,1
"('Corki', 'Galio', 'Leona', 'Vi', 'Viego')",0,1,1
"('Braum', 'Corki', 'Gnar', 'Sylas', 'Wukong')",1,0,1
"('Corki', 'Nidalee', 'Poppy', 'Skarner', 'Yasuo')",1,0,1
"('Lucian', 'Nami', 'Nidalee', 'Tristana', 'Tryndamere')",0,1,1
"('Hwei', 'Janna', 'Kalista', 'Varus', 'Viego')",0,1,1
"('Blitzcrank', 'Ezreal', 'Kennen', 'Lee Sin', 'Tryndamere')",1,0,1
"('Akshan', 'Nautilus', ""Rek'Sai"", 'Tryndamere', 'Zeri')",1,0,1
"('Hwei', 'Lulu', 'Skarner', 'Varus', 'Viego')",0,1,1
"('Diana', 'Galio', 'Lucian', 'Nami', 'Skarner')",0,1,1
"('Lillia', 'Poppy', 'Renekton', 'Tristana', 'Zeri')",1,0,1
"('Corki', 'Fiora', 'Jayce', 'Morgana', 'Rell')",1,0,1
"('Akali', 'Aphelios', 'Braum', 'Fiora', 'Lee Sin')",1,0,1
"('Kalista', 'Kindred', 'Neeko', 'Pyke', 'Riven')",0,1,1
"('Diana', 'Jax', 'Jinx', 'Rakan', 'Talon')",0,1,1
"('Brand', 'Gnar', ""Kai'Sa"", 'Nautilus', 'Yasuo')",1,0,1
"('Corki', 'Illaoi', 'Jax', 'Pyke', 'Varus')",0,1,1
"(""Kai'Sa"", 'Katarina', 'Pyke', 'Quinn', 'Warwick')",0,1,1
"('Amumu', 'Kalista', ""Kha'Zix"", 'Neeko', 'Tryndamere')",1,0,1
"('Ashe', 'Blitzcrank', 'Camille', 'Graves', 'Kennen')",1,0,1
"('Blitzcrank', 'Corki', 'Fiora', 'Lillia', 'Tristana')",1,0,1
"('Braum', 'LeBlanc', 'Renekton', 'Taliyah', 'Zeri')",0,1,1
"('Braum', 'Hwei', 'Lee Sin', 'Skarner', 'Varus')",1,0,1
"('Aatrox', 'Hecarim', 'Hwei', 'Renata Glasc', 'Zeri')",1,0,1
"('Bard', 'Hwei', 'Olaf', 'Viego', 'Zeri')",0,1,1
"('Aatrox', 'Jhin', 'Kayn', 'LeBlanc', 'Senna')",0,1,1
"('Camille', 'Jayce', 'Jinx', 'Lillia', 'Rell')",0,1,1
"('Camille', 'Gragas', 'Rumble', 'Samira', 'Tristana')",1,0,1
"('Aatrox', 'Annie', 'Ashe', 'Rakan', 'Viego')",0,1,1
"('Darius', 'Irelia', 'Lillia', 'Seraphine', 'Ziggs')",0,1,1
"('Ashe', 'Elise', 'Jax', 'Jayce', 'Twisted Fate')",1,0,1
"('Bard', 'Jayce', 'Lillia', 'Tristana', 'Zeri')",0,1,1
"('Alistar', 'Ashe', 'Sylas', 'Tryndamere', 'Viego')",0,1,1
"('Aphelios', 'Azir', 'Braum', 'Twisted Fate', 'Xin Zhao')",1,0,1
"('Kalista', 'Nautilus', 'Skarner', 'Taliyah', 'Yone')",1,0,1
"('Corki', 'Elise', 'Taliyah', 'Vayne', 'Viego')",0,1,1
"('Aphelios', 'Aurelion Sol', 'Nautilus', 'Skarner', 'Viego')",1,0,1
"('Elise', 'Irelia', 'Kindred', 'Rumble', 'Varus')",1,0,1
"('Corki', 'Gragas', 'Hwei', 'Kindred', 'Nautilus')",0,1,1
"('Corki', 'Galio', 'Rakan', 'Rumble', 'Viego')",1,0,1
"('Gnar', 'Gragas', ""Kai'Sa"", 'Leona', 'Tristana')",1,0,1
"('Alistar', 'Jax', 'Jayce', 'Nidalee', 'Ziggs')",1,0,1
"(""Kai'Sa"", 'LeBlanc', 'Lee Sin', 'Ryze', 'Skarner')",1,0,1
"('Graves', 'Kalista', 'LeBlanc', 'Rell', 'Varus')",1,0,1
"('Lillia', 'Thresh', 'Tristana', 'Tryndamere', 'Zeri')",1,0,1
"(""Kai'Sa"", 'Pantheon', 'Rakan', 'Sylas', 'Taliyah')",1,0,1
"('Ashe', 'Gwen', 'Nautilus', 'Skarner', 'Tristana')",1,0,1
"('Galio', 'Kindred', 'Tryndamere', 'Twitch', 'Zoe')",1,0,1
"('Corki', 'Lee Sin', 'Nautilus', 'Shen', 'Yasuo')",0,1,1
"('Blitzcrank', 'Cassiopeia', 'Lissandra', 'Nilah', 'Shaco')",1,0,1
"('Galio', 'Jinx', ""Kha'Zix"", 'LeBlanc', 'Twisted Fate')",0,1,1
"('Jax', 'Lucian', 'Nami', 'Nidalee', 'Zed')",1,0,1
"('Aatrox', 'Bard', 'Nidalee', 'Tryndamere', 'Zeri')",1,0,1
"('Ezreal', 'Lissandra', 'Nautilus', 'Skarner', 'Viego')",1,0,1
"('Cassiopeia', 'Kalista', 'Leona', 'Poppy', 'Tryndamere')",0,1,1
"('Bard', 'Jhin', 'Rumble', 'Tristana', 'Udyr')",0,1,1
"('Cassiopeia', 'Corki', 'Elise', 'Leona', 'Tryndamere')",0,1,1
"('Camille', 'Graves', 'Lissandra', 'Rakan', 'Zeri')",1,0,1
"('Graves', 'Hwei', 'Jhin', 'Karma', 'Olaf')",1,0,1
"('Annie', 'Aphelios', 'Bard', 'Elise', 'Twisted Fate')",1,0,1
"('Nidalee', 'Orianna', 'Poppy', 'Tristana', 'Viego')",0,1,1
"('Anivia', 'Draven', 'Kindred', 'Sylas', 'Tryndamere')",1,0,1
"('Akshan', 'Cassiopeia', 'Karthus', 'Thresh', 'Xerath')",1,0,1
"('Bard', 'Jinx', 'LeBlanc', ""Rek'Sai"", 'Skarner')",0,1,1
"('Lissandra', 'Rakan', 'Renekton', 'Viego', 'Zeri')",0,1,1
"('Camille', 'Ekko', 'Jayce', 'Kalista', 'Skarner')",1,0,1
"('Gwen', 'Ivern', 'Jinx', 'Lissandra', 'Thresh')",1,0,1
"(""Bel'Veth"", 'Fiddlesticks', 'Hwei', 'Jinx', 'Riven')",0,1,1
"('Ashe', ""Bel'Veth"", 'Lissandra', 'Skarner', 'Zoe')",1,0,1
"('Ashe', 'Elise', 'Fiora', 'Karma', 'Lissandra')",0,1,1
"('Akali', 'Camille', 'Corki', 'Gragas', 'Viego')",1,0,1
"('Corki', 'Darius', 'Fiddlesticks', 'Jinx', 'Nautilus')",1,0,1
"('Fiddlesticks', 'Illaoi', ""Kai'Sa"", 'Rell', 'Urgot')",0,1,1
"('Heimerdinger', 'Maokai', ""Vel'Koz"", 'Xin Zhao', 'Zeri')",1,0,1
"(""Kai'Sa"", 'Lee Sin', 'Lissandra', 'Vladimir', 'Zoe')",1,0,1
"('Blitzcrank', 'Gragas', 'Lissandra', 'Master Yi', 'Zeri')",1,0,1
"('Jinx', 'Lillia', 'Lissandra', 'Lulu', 'Viego')",0,1,1
"('Akali', 'Jinx', 'Pantheon', 'Shaco', 'Zac')",1,0,1
"('Illaoi', 'Kindred', 'Lissandra', 'Poppy', 'Xayah')",1,0,1
"('Galio', 'Jinx', 'Morgana', 'Pantheon', 'Sett')",0,1,1
"('Blitzcrank', 'Corki', 'Karthus', 'Tristana', 'Tryndamere')",0,1,1
"('Alistar', 'Jax', ""Kai'Sa"", 'Morgana', 'Tristana')",1,0,1
"('Draven', ""K'Sante"", 'Lillia', 'Maokai', 'Orianna')",1,0,1
"('Lillia', 'Lucian', 'Nautilus', 'Renekton', 'Zeri')",1,0,1
"('Miss Fortune', 'Taliyah', 'Taric', 'Tristana', 'Yone')",1,0,1
"('Aatrox', 'Aurelion Sol', 'Draven', 'Lee Sin', 'Thresh')",1,0,1
"(""Kog'Maw"", 'Lulu', ""Rek'Sai"", 'Ryze', 'Tryndamere')",0,1,1
"('Hwei', ""Kai'Sa"", 'Rell', 'Viego', 'Yone')",1,0,1
"('Camille', 'Miss Fortune', 'Skarner', 'Tristana', 'Udyr')",1,0,1
"('Neeko', ""Rek'Sai"", 'Renekton', 'Varus', 'Zoe')",0,1,1
"('Aphelios', 'Braum', 'Graves', 'Katarina', 'Qiyana')",0,1,1
"('Akali', 'Jinx', 'Malphite', 'Viego', 'Xerath')",1,0,1
"('Aurelion Sol', 'Caitlyn', 'Lee Sin', 'Lux', 'Skarner')",1,0,1
"('Camille', 'Hwei', ""Kai'Sa"", ""Kha'Zix"", 'Taric')",0,1,1
"('Alistar', 'Aurelion Sol', 'Garen', 'Jinx', 'Volibear')",1,0,1
"('Blitzcrank', ""Kai'Sa"", 'LeBlanc', 'Skarner', 'Viego')",1,0,1
"('Ashe', 'Fiddlesticks', 'Maokai', 'Skarner', 'Tristana')",1,0,1
"('Jhin', 'Nautilus', 'Orianna', 'Renekton', 'Taliyah')",1,0,1
"('Bard', 'Graves', 'Gwen', 'LeBlanc', 'Sivir')",1,0,1
"('Kalista', 'Lee Sin', 'Rumble', 'Sylas', 'Tryndamere')",0,1,1
"(""Bel'Veth"", 'Ezreal', 'Karma', 'Orianna', 'Vayne')",1,0,1
"('Irelia', 'Jinx', 'Rumble', 'Thresh', 'Viego')",1,0,1
"('Corki', 'Jayce', 'LeBlanc', 'Lee Sin', 'Skarner')",0,1,1
"('Ezreal', 'Fiddlesticks', 'Rell', 'Tristana', 'Twisted Fate')",0,1,1
"('Aphelios', 'Master Yi', 'Soraka', 'Twisted Fate', 'Viktor')",0,1,1
"('Aphelios', 'Lillia', 'Skarner', 'Tristana', 'Tryndamere')",0,1,1
"('Jinx', 'Lee Sin', 'Rumble', 'Skarner', 'Sylas')",1,0,1
"('Rell', 'Smolder', 'Sylas', 'Taliyah', 'Tryndamere')",1,0,1
"('Braum', ""Kai'Sa"", 'Lee Sin', 'Syndra', 'Twisted Fate')",1,0,1
"('Gnar', 'Hwei', ""Kai'Sa"", 'Nautilus', ""Rek'Sai"")",1,0,1
"('Aatrox', 'Aurelion Sol', 'Hwei', 'Lee Sin', 'Varus')",0,1,1
"('Bard', ""K'Sante"", 'Nunu & Willump', 'Xayah', 'Yone')",1,0,1
"('Jhin', 'Kled', 'Nautilus', 'Taliyah', 'Tristana')",0,1,1
"('Jhin', 'Kindred', 'Leona', 'Tristana', 'Tryndamere')",0,1,1
"('Alistar', 'Brand', 'Kindred', 'Ryze', 'Tryndamere')",1,0,1
"('Akali', 'Corki', 'Jarvan IV', 'Rell', 'Sylas')",1,0,1
"(""Bel'Veth"", ""Kai'Sa"", 'Rumble', 'Skarner', 'Zoe')",0,1,1
"('Caitlyn', 'Camille', 'Graves', 'Nautilus', 'Sylas')",1,0,1
"('Corki', 'Karthus', 'Pyke', 'Skarner', 'Yasuo')",0,1,1
"(""K'Sante"", ""Kai'Sa"", 'Nautilus', 'Nidalee', 'Twisted Fate')",1,0,1
"('Gwen', 'Jhin', 'Rell', 'Rumble', 'Yone')",0,1,1
"('Brand', 'Gwen', 'Jinx', 'Nautilus', 'Yone')",1,0,1
"(""Kai'Sa"", 'Karthus', 'Rell', 'Tristana', 'Twisted Fate')",1,0,1
"('Corki', 'Nautilus', 'Skarner', 'Taliyah', 'Talon')",1,0,1
"('Aatrox', 'Lee Sin', 'Lux', 'Nautilus', 'Xayah')",0,1,1
"('Annie', 'Jhin', 'Kennen', 'Rell', 'Rengar')",1,0,1
"('Aurelion Sol', 'Pyke', 'Skarner', 'Tristana', 'Viego')",1,0,1
"('Aphelios', ""K'Sante"", 'Nautilus', 'Renekton', 'Taliyah')",1,0,1
"(""Bel'Veth"", 'Cassiopeia', 'Jinx', ""K'Sante"", 'Karma')",0,1,1
"('Alistar', 'Graves', 'Skarner', 'Tristana', 'Twisted Fate')",0,1,1
"('Corki', 'Nautilus', 'Skarner', 'Taliyah', 'Tristana')",1,0,1
"('Kalista', 'LeBlanc', 'Pyke', 'Skarner', 'Viego')",1,0,1
"('Akshan', 'Camille', 'Draven', 'Nidalee', 'Zyra')",1,0,1
"(""Kai'Sa"", ""Kha'Zix"", 'Sett', 'Skarner', 'Taliyah')",0,1,1
"('Nidalee', 'Nilah', 'Pyke', 'Skarner', 'Viego')",1,0,1
"('Jax', ""Kai'Sa"", 'Nautilus', 'Skarner', 'Xerath')",1,0,1
"('Azir', ""Kai'Sa"", 'Rell', 'Skarner', 'Viego')",1,0,1
"('Akali', 'Lucian', 'Renekton', 'Taric', 'Viego')",1,0,1
"('Caitlyn', 'Rell', 'Renekton', 'Sion', 'Taliyah')",1,0,1
"('Lucian', 'Nami', 'Pantheon', 'Rumble', 'Zoe')",0,1,1
"('Akali', ""Kai'Sa"", 'Lee Sin', 'Rell', 'Skarner')",1,0,1
"('Aurelion Sol', 'Nautilus', 'Rengar', 'Samira', 'Skarner')",1,0,1
"('Aatrox', 'Lucian', 'Nami', 'Rumble', 'Viego')",0,1,1
"('Alistar', 'Dr. Mundo', 'Jayce', 'Nidalee', 'Ziggs')",1,0,1
"('Aurelion Sol', 'Nautilus', 'Nilah', ""Rek'Sai"", 'Skarner')",1,0,1
"('Diana', 'Malphite', 'Thresh', 'Yasuo', 'Ziggs')",0,1,1
"('Blitzcrank', 'Diana', 'Jhin', 'Pantheon', 'Skarner')",0,1,1
"('Ezreal', 'Heimerdinger', 'Karthus', 'Skarner', 'Taliyah')",1,0,1
"('Aphelios', 'Malphite', 'Master Yi', 'Thresh', 'Twisted Fate')",1,0,1
"('Kennen', 'Lillia', 'Nautilus', 'Samira', 'Tristana')",0,1,1
"('Jax', 'Miss Fortune', 'Seraphine', 'Skarner', 'Zoe')",1,0,1
"('Camille', ""Kai'Sa"", 'Lee Sin', 'Nasus', 'Zoe')",0,1,1
"('Lucian', 'Nami', ""Rek'Sai"", 'Rumble', 'Viktor')",1,0,1
"('Corki', 'Jax', 'Shaco', 'Skarner', 'Sylas')",0,1,1
"('Caitlyn', 'Fiora', 'Gragas', 'Lee Sin', 'Vex')",1,0,1
"('Corki', 'Skarner', 'Taliyah', 'Vi', 'Zilean')",1,0,1
"('Camille', 'Nidalee', 'Renekton', 'Rumble', 'Varus')",1,0,1
"('Graves', 'LeBlanc', 'Lucian', 'Lulu', 'Skarner')",1,0,1
"('Bard', ""Kai'Sa"", 'Lillia', 'Malphite', 'Yasuo')",1,0,1
"('Katarina', 'Senna', 'Skarner', 'Varus', 'Vi')",1,0,1
"('Corki', 'Fiddlesticks', 'Jayce', 'Seraphine', 'Viego')",0,1,1
"('Corki', 'Galio', 'Lee Sin', 'Poppy', 'Twisted Fate')",0,1,1
"('Corki', 'Nami', 'Nunu & Willump', 'Xin Zhao', 'Yone')",1,0,1
"('Alistar', 'Corki', 'Irelia', 'Jax', 'Karthus')",0,1,1
"('Akali', 'Cassiopeia', 'Corki', 'Nautilus', 'Viego')",0,1,1
"('Jinx', 'Poppy', 'Renata Glasc', 'Sylas', 'Viego')",1,0,1
"('Ahri', 'Corki', 'Rell', 'Rengar', 'Rumble')",0,1,1
"('Jinx', 'Karthus', 'Kennen', 'Maokai', 'Yasuo')",1,0,1
"('Jayce', 'Kindred', 'Lucian', 'Taliyah', ""Vel'Koz"")",0,1,1
"('Irelia', 'Jinx', 'Kennen', 'Nautilus', 'Nidalee')",1,0,1
"('Caitlyn', 'Camille', 'Jax', 'Lee Sin', ""Vel'Koz"")",0,1,1
"('Ashe', 'Lux', 'Master Yi', 'Skarner', 'Talon')",1,0,1
"('Aphelios', 'Kindred', 'Rell', 'Skarner', 'Sylas')",1,0,1
"('Ahri', 'Blitzcrank', 'Kalista', 'Lee Sin', 'Skarner')",0,1,1
"('Corki', ""Rek'Sai"", 'Rumble', 'Seraphine', 'Viego')",1,0,1
"('Corki', 'Jinx', 'Kennen', 'Nautilus', 'Nunu & Willump')",0,1,1
"('Lucian', 'Milio', 'Neeko', 'Skarner', 'Udyr')",1,0,1
"('Azir', 'Cassiopeia', 'Kindred', 'Skarner', 'Varus')",0,1,1
"('Jayce', 'Kalista', 'Nautilus', 'Nidalee', 'Sion')",1,0,1
"('Azir', 'Caitlyn', 'Gragas', 'Kindred', 'Rell')",1,0,1
"('Brand', 'Kennen', 'Rell', 'Smolder', 'Yone')",0,1,1
"('Alistar', 'Corki', 'Kennen', 'Pyke', ""Rek'Sai"")",1,0,1
"('Jinx', 'Skarner', 'Thresh', 'Veigar', 'Viego')",0,1,1
"('Draven', 'Maokai', 'Rengar', 'Smolder', 'Xerath')",1,0,1
"('Hwei', 'Kennen', 'Kindred', 'Twitch', 'Yuumi')",0,1,1
"(""Bel'Veth"", 'Camille', ""Kai'Sa"", 'Neeko', 'Twisted Fate')",1,0,1
"('Akali', 'Jax', 'Jinx', 'Lillia', 'Pyke')",1,0,1
"('Ashe', 'Elise', 'LeBlanc', ""Rek'Sai"", 'Vladimir')",0,1,1
"('Hwei', 'Jax', 'Jayce', ""Rek'Sai"", 'Varus')",1,0,1
"('Aatrox', 'Elise', 'Galio', ""Kai'Sa"", 'Kindred')",1,0,1
"('Akali', 'Rell', 'Skarner', 'Udyr', 'Varus')",0,1,1
"('Camille', ""K'Sante"", ""Kha'Zix"", 'Lucian', 'Ziggs')",1,0,1
"('Akali', 'Ezreal', 'Jax', 'Kindred', 'Poppy')",0,1,1
"('Camille', 'Cassiopeia', 'Hwei', ""Kai'Sa"", 'Viego')",1,0,1
"('Ashe', 'Elise', 'Irelia', 'Jax', 'Tristana')",1,0,1
"('Ahri', 'Lucian', 'Nami', 'Renekton', 'Vi')",0,1,1
"('Kalista', 'Rell', 'Renekton', 'Sylas', 'Tristana')",0,1,1
"('Aphelios', 'Braum', 'Ekko', ""Rek'Sai"", 'Skarner')",0,1,1
"('Alistar', 'Corki', 'Jhin', 'Skarner', 'Taliyah')",0,1,1
"('Ahri', 'Camille', ""Kai'Sa"", ""Kha'Zix"", 'Rell')",0,1,1
"('Aphelios', ""K'Sante"", 'Karthus', 'Nautilus', 'Skarner')",0,1,1
"('Azir', 'Jax', 'Jhin', 'Karthus', 'Nautilus')",1,0,1
"('Aphelios', 'Jax', 'Karthus', 'Leona', 'Syndra')",1,0,1
"('Galio', 'Graves', 'Illaoi', 'Rell', 'Zeri')",0,1,1
"('Aurelion Sol', 'Gnar', 'Jhin', 'Karthus', 'Poppy')",1,0,1
"('Aphelios', ""Bel'Veth"", 'Malphite', 'Taliyah', 'Taric')",1,0,1
"('Gnar', ""Kha'Zix"", 'Rakan', 'Smolder', 'Taliyah')",0,1,1
"('Ashe', 'LeBlanc', 'Rumble', 'Taric', 'Viego')",1,0,1
"('Aphelios', 'Camille', 'Lee Sin', 'Lulu', 'Yasuo')",1,0,1
"('Akshan', 'Ashe', ""Bel'Veth"", 'Gwen', 'Seraphine')",1,0,1
"('Galio', 'Jinx', 'Lulu', 'Pantheon', ""Rek'Sai"")",1,0,1
"('Gnar', 'Jinx', ""Kha'Zix"", 'Nautilus', 'Tristana')",1,0,1
"('Ashe', 'Elise', 'Karthus', 'Skarner', 'Tristana')",1,0,1
"('Ashe', 'Fiddlesticks', 'Gangplank', 'Varus', 'Yasuo')",1,0,1
"('Ashe', 'Mordekaiser', 'Nidalee', 'Seraphine', 'Tristana')",0,1,1
"('Akshan', 'Draven', 'Elise', 'Fiddlesticks', 'Olaf')",0,1,1
"('Gnar', ""Kai'Sa"", 'Katarina', 'Nunu & Willump', 'Poppy')",1,0,1
"('Ahri', 'Jhin', ""Kha'Zix"", 'Senna', 'Zac')",0,1,1
"('Blitzcrank', 'Jinx', 'Lissandra', 'Nidalee', 'Tryndamere')",0,1,1
"('Elise', ""Kai'Sa"", 'Lillia', 'Skarner', 'Sylas')",1,0,1
"('Kennen', ""Kha'Zix"", 'Nautilus', 'Taliyah', 'Twitch')",1,0,1
"('Gangplank', 'Nautilus', 'Nidalee', 'Talon', 'Varus')",1,0,1
"('Jinx', 'Kayn', 'Poppy', 'Skarner', 'Thresh')",1,0,1
"('Irelia', 'Jax', 'Nidalee', 'Yuumi', 'Zeri')",0,1,1
"('Corki', 'Fiddlesticks', 'Kennen', 'Taric', 'Tristana')",1,0,1
"('Jax', 'Karthus', 'Skarner', 'Swain', 'Tristana')",0,1,1
"('Gnar', 'Lee Sin', 'Nautilus', 'Viktor', 'Zeri')",1,0,1
"('Jinx', 'Malphite', 'Neeko', 'Rell', 'Viego')",0,1,1
"('Aurelion Sol', 'Camille', 'Corki', 'Hecarim', 'Janna')",1,0,1
"('Jhin', ""K'Sante"", 'Nidalee', 'Senna', 'Taliyah')",0,1,1
"('Dr. Mundo', 'Lucian', 'Nami', 'Nidalee', 'Yasuo')",0,1,1
"('Galio', 'Jax', ""Kai'Sa"", 'Rell', 'Viego')",1,0,1
"('Fiddlesticks', 'Nautilus', 'Pantheon', 'Skarner', 'Varus')",1,0,1
"('Ezreal', 'Kennen', 'Maokai', 'Nidalee', 'Qiyana')",0,1,1
"('Akali', 'Aphelios', 'Nautilus', 'Twisted Fate', 'Urgot')",1,0,1
"('Aatrox', 'Ashe', 'Rell', ""Vel'Koz"", 'Viego')",1,0,1
"('Ezreal', 'Graves', 'Poppy', 'Skarner', 'Vayne')",0,1,1
"('Akali', 'Corki', 'Nautilus', 'Nunu & Willump', 'Skarner')",1,0,1
"('Bard', 'Caitlyn', 'Hwei', 'Kindred', 'Zac')",0,1,1
"('Ashe', 'Braum', 'Skarner', 'Vayne', 'Viego')",0,1,1
"('Jhin', 'Rakan', 'Skarner', 'Viego', 'Viktor')",0,1,1
"('Aurelion Sol', 'Dr. Mundo', 'Jarvan IV', 'Jinx', 'Nautilus')",0,1,1
"('Ashe', 'Bard', 'Jarvan IV', 'Skarner', 'Viego')",0,1,1
"('Corki', 'Ekko', 'Hwei', 'Rakan', 'Skarner')",1,0,1
"('Jinx', 'Nidalee', 'Pantheon', 'Skarner', 'Taric')",1,0,1
"('Braum', 'Galio', ""Kai'Sa"", 'Kindred', 'Skarner')",1,0,1
"('Ivern', 'Katarina', 'Leona', 'Lucian', 'Malphite')",0,1,1
"('Akshan', 'Lucian', 'Malphite', 'Nami', 'Viego')",1,0,1
"('Corki', 'Fiddlesticks', 'Jax', 'Skarner', 'Talon')",0,1,1
"('Ashe', 'Hwei', 'Kalista', 'Kennen', 'Xin Zhao')",0,1,1
"('Corki', 'Graves', ""K'Sante"", 'Master Yi', 'Rell')",0,1,1
"('Bard', 'Gwen', 'Hecarim', 'Hwei', 'Varus')",1,0,1
"('Aphelios', 'Jayce', 'Master Yi', 'Sona', 'Viego')",0,1,1
"('Blitzcrank', 'Draven', 'Neeko', 'Skarner', 'Viego')",1,0,1
"('Ashe', 'Bard', 'Fiddlesticks', 'Renekton', 'Tristana')",1,0,1
"('Ashe', 'Garen', 'Neeko', 'Varus', 'Viego')",1,0,1
"('Jax', 'Lucian', 'Nami', 'Neeko', 'Talon')",1,0,1
"('Cassiopeia', 'Draven', 'Lee Sin', 'Neeko', 'Thresh')",1,0,1
"('Gwen', 'Jinx', 'Nidalee', 'Rell', 'Talon')",1,0,1
"('Nautilus', 'Neeko', 'Pantheon', 'Shaco', 'Varus')",0,1,1
"('Corki', 'Kennen', 'Maokai', 'Neeko', 'Viego')",0,1,1
"('Graves', ""Kai'Sa"", 'Neeko', 'Ornn', 'Rakan')",1,0,1
"('Ashe', 'Hwei', 'Karthus', 'Ornn', 'Tristana')",0,1,1
"('Aatrox', 'Hwei', 'Nidalee', 'Thresh', 'Tristana')",1,0,1
"('Jayce', 'Nautilus', 'Nidalee', 'Tristana', 'Zeri')",1,0,1
"('Ezreal', 'Graves', 'Lux', 'Malzahar', 'Skarner')",1,0,1
"('Ashe', 'Nidalee', 'Rakan', 'Renekton', 'Tristana')",0,1,1
"('Ashe', 'Gangplank', 'Gragas', 'Nidalee', 'Thresh')",1,0,1
"('Ashe', ""K'Sante"", 'Leona', 'Nidalee', 'Pantheon')",0,1,1
"('Kalista', 'Nidalee', 'Tristana', 'Twisted Fate', 'Zyra')",0,1,1
"('Bard', 'Fiora', 'Lillia', 'Tristana', 'Varus')",1,0,1
"('Lucian', 'Nidalee', 'Pantheon', 'Pyke', 'Twisted Fate')",1,0,1
"('Corki', 'Maokai', 'Neeko', 'Rumble', 'Viego')",0,1,1
"('Corki', 'Neeko', 'Skarner', 'Thresh', 'Xin Zhao')",1,0,1
"('Galio', 'Taric', 'Volibear', 'Wukong', 'Zeri')",1,0,1
"('Akshan', 'Kalista', ""Kha'Zix"", 'Rumble', 'Syndra')",0,1,1
"('Elise', 'Pantheon', 'Rell', 'Renekton', 'Sivir')",0,1,1
"('Jarvan IV', 'Katarina', 'Seraphine', 'Varus', 'Vladimir')",1,0,1
"('Renata Glasc', 'Smolder', 'Viego', 'Vladimir', 'Zac')",1,0,1
"('Corki', 'Fiora', 'Ivern', 'Syndra', 'Zoe')",1,0,1
"('Ashe', 'Brand', 'Braum', 'Twisted Fate', 'Yone')",0,1,1
"('Maokai', 'Neeko', 'Nilah', 'Rumble', 'Viego')",0,1,1
"('Ashe', 'Fiddlesticks', 'Lulu', 'Pantheon', 'Renekton')",0,1,1
"(""Kha'Zix"", 'Neeko', 'Rumble', 'Shen', 'Twitch')",1,0,1
"('Akshan', 'Camille', 'Darius', 'Jinx', 'Nidalee')",1,0,1
"('Cassiopeia', 'Lee Sin', 'Neeko', 'Rakan', 'Zeri')",0,1,1
"('Camille', ""Kai'Sa"", 'Pantheon', 'Syndra', 'Viego')",1,0,1
"('Kennen', 'LeBlanc', 'Lee Sin', 'Nautilus', 'Zeri')",1,0,1
"('Ezreal', 'Karthus', 'Pantheon', 'Poppy', 'Varus')",1,0,1
"('Diana', 'Gangplank', 'Lucian', 'Neeko', 'Renekton')",0,1,1
"('Jayce', 'Lee Sin', 'Seraphine', 'Twisted Fate', 'Zeri')",1,0,1
"('Blitzcrank', ""Kai'Sa"", 'Lee Sin', 'Neeko', 'Sion')",1,0,1
"('Ashe', 'Caitlyn', 'Gragas', 'Graves', 'Rumble')",0,1,1
"('Gragas', ""K'Sante"", 'Kindred', 'Miss Fortune', 'Zilean')",0,1,1
"('Corki', 'Gragas', 'Leona', 'Samira', 'Zac')",1,0,1
"('Gragas', 'Graves', 'Jinx', 'Seraphine', 'Sylas')",1,0,1
"(""Kai'Sa"", 'Pantheon', ""Rek'Sai"", 'Taliyah', 'Viego')",0,1,1
"('Draven', 'Lee Sin', 'Leona', 'Singed', 'Viktor')",0,1,1
"('Gragas', 'Riven', 'Samira', 'Taric', 'Vi')",1,0,1
"('Gragas', 'Lee Sin', 'Shaco', 'Smolder', 'Tryndamere')",1,0,1
"('Alistar', 'Gragas', 'Samira', 'Varus', 'Viego')",0,1,1
"('Gnar', 'Gragas', ""Kai'Sa"", 'Nidalee', 'Thresh')",1,0,1
"('Akali', 'Kalista', 'Lee Sin', 'Nautilus', 'Singed')",0,1,1
"('Gragas', 'Lucian', 'Nidalee', 'Renekton', 'Thresh')",1,0,1
"('Ashe', 'Gragas', 'Lucian', ""Rek'Sai"", 'Seraphine')",1,0,1
"('Aatrox', 'Corki', 'Gragas', 'Rell', 'Viego')",1,0,1
"('Corki', 'Gragas', 'Kennen', 'Rengar', 'Thresh')",1,0,1
"('Gragas', 'Lucian', 'Nami', 'Skarner', 'Viego')",1,0,1
"('Ezreal', 'Gragas', 'Graves', ""K'Sante"", 'Zoe')",0,1,1
"('Alistar', 'Gragas', 'Jinx', 'Kindred', 'Zyra')",0,1,1
"('Hwei', 'Lulu', 'Mordekaiser', 'Vayne', 'Viego')",0,1,1
"('Braum', 'Camille', 'Gragas', 'Lillia', 'Lucian')",1,0,1
"('Camille', 'Gragas', 'Shaco', 'Smolder', 'Twitch')",1,0,1
"('Gragas', 'Graves', 'Seraphine', 'Skarner', 'Zeri')",1,0,1
"('Ezreal', 'Kindred', 'Rakan', 'Skarner', 'Taliyah')",0,1,1
"('Corki', 'Garen', 'Gragas', 'Rammus', 'Zoe')",0,1,1
"('Gragas', 'Nidalee', 'Rell', 'Rengar', 'Samira')",1,0,1
"('Gragas', 'Lee Sin', 'Nautilus', 'Samira', 'Yone')",1,0,1
"('Gragas', 'Lee Sin', 'Nautilus', 'Samira', 'Sett')",0,1,1
"('Gragas', ""K'Sante"", 'Lee Sin', 'Yuumi', 'Zeri')",0,1,1
"('Akali', 'Gragas', 'Jinx', ""Rek'Sai"", 'Thresh')",1,0,1
"('Blitzcrank', 'Gragas', ""K'Sante"", 'Nidalee', 'Tristana')",0,1,1
"('Gragas', ""Kai'Sa"", 'Maokai', 'Seraphine', 'Viego')",1,0,1
"('Ezreal', 'Rakan', 'Taliyah', 'Twisted Fate', 'Viego')",1,0,1
"('Aatrox', 'Alistar', 'Gragas', 'Samira', 'Xin Zhao')",1,0,1
"('Aurelion Sol', 'Jax', 'Lee Sin', 'Renata Glasc', 'Varus')",0,1,1
"('Braum', 'Jayce', ""Kai'Sa"", 'Nidalee', 'Viego')",0,1,1
"('Blitzcrank', 'Gragas', 'Lee Sin', 'Samira', 'Teemo')",0,1,1
"('Camille', 'Graves', 'Nautilus', 'Taliyah', 'Xayah')",1,0,1
"('Caitlyn', 'Gragas', 'Irelia', 'Twisted Fate', 'Viego')",0,1,1
"('Karthus', 'Lucian', 'Pyke', 'Skarner', 'Tristana')",0,1,1
"('Ahri', 'Ezreal', 'Lee Sin', 'Seraphine', 'Wukong')",0,1,1
"('Aatrox', 'Alistar', 'Graves', 'Kalista', 'LeBlanc')",0,1,1
"('Camille', 'Ezreal', 'Hwei', 'Viego', 'Zac')",1,0,1
"('Corki', 'Fiora', 'Mordekaiser', 'Pantheon', 'Rakan')",1,0,1
"('Aphelios', 'Rumble', 'Seraphine', 'Wukong', 'Yasuo')",1,0,1
"('Irelia', 'Janna', 'Kennen', ""Rek'Sai"", 'Varus')",1,0,1
"('Irelia', 'Kalista', 'Karthus', 'Renata Glasc', 'Wukong')",1,0,1
"('Caitlyn', 'Morgana', 'Syndra', 'Viego', 'Wukong')",1,0,1
"('Camille', 'Galio', 'Graves', 'Sivir', 'Wukong')",0,1,1
"('Blitzcrank', 'Caitlyn', 'Camille', 'Taliyah', 'Viego')",0,1,1
"('Kennen', 'Miss Fortune', 'Nautilus', 'Shaco', 'Yasuo')",0,1,1
"('Caitlyn', 'Galio', 'Graves', 'Lux', 'Rumble')",0,1,1
"('Katarina', 'Rumble', 'Wukong', 'Yuumi', 'Zeri')",0,1,1
"('Corki', 'Jayce', 'Nautilus', 'Taliyah', 'Wukong')",0,1,1
"('Akshan', 'Blitzcrank', ""Kai'Sa"", 'Nidalee', 'Skarner')",1,0,1
"('LeBlanc', 'Rakan', 'Twitch', 'Viego', 'Wukong')",1,0,1
"('Akali', ""K'Sante"", ""Kai'Sa"", 'Rell', 'Shaco')",1,0,1
"('Karthus', ""Kog'Maw"", 'Lucian', 'Lulu', 'Wukong')",1,0,1
"('Lucian', 'Nidalee', 'Thresh', 'Tristana', 'Wukong')",1,0,1
"('Graves', 'Jinx', 'Malphite', 'Thresh', 'Wukong')",1,0,1
"('Fizz', 'Kalista', 'Nautilus', 'Shaco', 'Xin Zhao')",0,1,1
"('Alistar', 'Elise', 'Jinx', 'Wukong', 'Yasuo')",0,1,1
"('Ashe', 'Blitzcrank', 'Fiora', 'Gragas', 'Zoe')",1,0,1
"('Aatrox', 'Braum', 'Graves', 'Jinx', 'Taliyah')",0,1,1
"('Camille', 'Corki', 'Irelia', 'Rumble', 'Yone')",1,0,1
"('Jinx', 'Poppy', 'Thresh', 'Wukong', 'Yasuo')",0,1,1
"('Ezreal', 'Graves', 'Hwei', 'Nami', 'Wukong')",0,1,1
"('Jhin', 'Nidalee', 'Rakan', 'Wukong', 'Yasuo')",1,0,1
"('Aurelion Sol', 'Jinx', 'Thresh', 'Viego', 'Wukong')",1,0,1
"('Camille', 'Galio', 'Jhin', 'Neeko', 'Taliyah')",1,0,1
"('Draven', 'Graves', 'Hwei', 'Nautilus', 'Skarner')",0,1,1
"('Camille', 'Corki', 'Rakan', 'Taliyah', 'Tristana')",1,0,1
"('Diana', ""Kai'Sa"", 'Pyke', 'Wukong', 'Yasuo')",0,1,1
"('Ashe', 'Graves', 'Katarina', 'Wukong', 'Yuumi')",1,0,1
"('Camille', 'Lee Sin', 'Lucian', 'Senna', 'Zoe')",0,1,1
"('Ahri', 'Blitzcrank', 'Camille', 'Corki', 'Viego')",0,1,1
"('Camille', 'Corki', 'Hecarim', 'Katarina', 'Rell')",1,0,1
"('Corki', 'Kennen', 'Pyke', 'Rengar', 'Talon')",0,1,1
"('Corki', 'Kalista', 'Nidalee', 'Pyke', 'Wukong')",0,1,1
"('Ahri', 'Aphelios', 'Braum', 'Lee Sin', 'Wukong')",1,0,1
"('Jhin', 'Nidalee', 'Talon', 'Wukong', 'Xerath')",0,1,1
"('Graves', 'Gwen', 'Hwei', 'Nautilus', 'Sivir')",1,0,1
"(""Kha'Zix"", 'Rakan', 'Taliyah', 'Wukong', 'Xayah')",1,0,1
"('Gnar', 'Janna', ""Kai'Sa"", 'Lillia', 'Zed')",1,0,1
"('Graves', 'Janna', 'LeBlanc', 'Twisted Fate', 'Varus')",1,0,1
"('Hecarim', 'Janna', ""Kai'Sa"", 'Kassadin', 'Kennen')",1,0,1
"('Hwei', 'Jinx', 'Thresh', 'Viego', 'Wukong')",1,0,1
"('Hwei', 'Janna', 'Ryze', 'Viego', 'Zeri')",0,1,1
"('Ashe', 'Camille', 'Graves', 'Neeko', 'Skarner')",0,1,1
"('Hwei', 'Jinx', 'Nidalee', 'Rakan', 'Wukong')",1,0,1
"('Ashe', 'Gragas', ""Kha'Zix"", 'Neeko', 'Seraphine')",0,1,1
"(""Kai'Sa"", 'Pyke', 'Talon', 'Viego', 'Volibear')",0,1,1
"(""Kai'Sa"", 'Lee Sin', 'Neeko', 'Pyke', 'Renekton')",1,0,1
"('Nautilus', 'Senna', 'Sylas', 'Wukong', 'Xin Zhao')",0,1,1
"('Aphelios', 'Kindred', 'Neeko', 'Taric', 'Twisted Fate')",0,1,1
"('Cassiopeia', 'Nilah', 'Senna', 'Skarner', 'Wukong')",1,0,1
"('Aphelios', 'Katarina', 'Thresh', 'Viego', 'Wukong')",0,1,1
"('Ashe', 'Kayle', 'Neeko', 'Taliyah', 'Thresh')",1,0,1
"('Blitzcrank', 'Camille', 'Karthus', 'Seraphine', 'Tristana')",1,0,1
"('Gragas', 'Hecarim', 'Janna', ""Kai'Sa"", 'Taliyah')",0,1,1
"('Dr. Mundo', 'Graves', 'Janna', 'Seraphine', 'Tristana')",1,0,1
"(""Kai'Sa"", 'Pyke', 'Talon', 'Twisted Fate', 'Wukong')",1,0,1
"('Hwei', 'Janna', 'Kindred', 'Skarner', 'Zeri')",0,1,1
"(""Kog'Maw"", 'LeBlanc', 'Lulu', 'Ornn', 'Viego')",1,0,1
"('Aurelion Sol', 'Corki', 'Rumble', 'Wukong', 'Xin Zhao')",1,0,1
"('Ashe', 'Braum', 'Illaoi', 'Kindred', 'LeBlanc')",1,0,1
"('Ashe', 'Leona', 'Nidalee', 'Talon', 'Tristana')",1,0,1
"('Aurelion Sol', 'Corki', 'Leona', 'Nidalee', 'Wukong')",0,1,1
"('Ashe', 'Fizz', 'Lillia', 'Thresh', 'Vayne')",1,0,1
"('Diana', ""Kai'Sa"", 'Nautilus', 'Twisted Fate', 'Wukong')",0,1,1
"('Aphelios', 'Diana', 'Rell', 'Wukong', 'Yasuo')",1,0,1
"('Draven', 'LeBlanc', 'Nautilus', 'Viego', 'Volibear')",0,1,1
"('Aphelios', ""Bel'Veth"", 'Janna', 'Syndra', 'Twisted Fate')",0,1,1
"('Rakan', 'Wukong', 'Xin Zhao', 'Zeri', 'Ziggs')",1,0,1
"('Corki', 'Lee Sin', 'Wukong', 'Yuumi', 'Ziggs')",0,1,1
"('Caitlyn', 'Hwei', 'Syndra', 'Taliyah', 'Wukong')",0,1,1
"('Ashe', 'Camille', 'Irelia', 'Leona', 'Nidalee')",0,1,1
"('Graves', 'Janna', 'Rumble', 'Twisted Fate', 'Varus')",1,0,1
"('Akshan', 'Gragas', 'Lee Sin', 'Ornn', 'Sivir')",1,0,1
"('Gragas', 'Irelia', 'Jax', 'Rell', 'Samira')",1,0,1
"('Braum', 'Caitlyn', 'Taliyah', 'Viego', 'Wukong')",1,0,1
"('Ashe', 'Galio', 'Kindred', 'Pyke', 'Sion')",1,0,1
"('Akali', 'Kennen', 'Nautilus', 'Samira', 'Viego')",0,1,1
"('Corki', 'Pantheon', ""Rek'Sai"", 'Thresh', 'Tristana')",1,0,1
"('Aphelios', 'Galio', 'Maokai', 'Thresh', 'Viego')",1,0,1
"('Akshan', 'Jinx', 'Maokai', 'Nunu & Willump', 'Rakan')",0,1,1
"('Jinx', ""Kha'Zix"", 'Rell', 'Skarner', 'Twisted Fate')",1,0,1
"('Hwei', 'Jax', 'Poppy', 'Skarner', 'Varus')",1,0,1
"('Jhin', 'Neeko', 'Sion', 'Sylas', 'Vi')",1,0,1
"('Blitzcrank', 'Hwei', 'Miss Fortune', 'Smolder', 'Viego')",1,0,1
"('Aatrox', 'Hwei', 'Jhin', ""Kha'Zix"", 'Shaco')",1,0,1
"('Fiora', 'Fizz', 'Graves', 'Miss Fortune', 'Shaco')",0,1,1
"('Hwei', ""Kai'Sa"", 'Kled', 'Pyke', ""Rek'Sai"")",0,1,1
"('Bard', 'Ekko', 'Hwei', 'Skarner', 'Smolder')",0,1,1
"('Braum', 'Hecarim', 'Jhin', ""K'Sante"", 'Orianna')",0,1,1
"('Ashe', 'Orianna', 'Sion', 'Skarner', 'Vi')",1,0,1
"('Corki', 'Lucian', 'Rell', 'Vayne', 'Xin Zhao')",0,1,1
"('Jinx', 'Pyke', 'Sion', 'Tristana', 'Viego')",0,1,1
"('Aphelios', 'Lulu', 'Sion', 'Syndra', 'Viego')",1,0,1
"('Aphelios', 'Karthus', 'Lulu', 'Sion', 'Zed')",0,1,1
"('Aurelion Sol', 'Draven', 'Lillia', 'Lux', 'Sion')",0,1,1
"('Brand', 'Draven', 'Malzahar', 'Rakan', 'Renekton')",1,0,1
"('Blitzcrank', 'Ezreal', 'Teemo', 'Tryndamere', 'Viktor')",0,1,1
"('Karthus', 'Olaf', 'Rakan', 'Viego', 'Xayah')",1,0,1
"('Aatrox', 'Lee Sin', 'Nautilus', 'Orianna', 'Samira')",0,1,1
"('Blitzcrank', 'Corki', 'Graves', 'Hwei', 'Tryndamere')",1,0,1
"('Akshan', 'Draven', 'Nidalee', 'Sion', 'Thresh')",0,1,1
"('Jax', ""Kai'Sa"", 'Rell', 'Sylas', 'Viego')",1,0,1
"('Diana', ""Kha'Zix"", 'Pyke', 'Renekton', 'Varus')",0,1,1
"(""Kai'Sa"", 'Nautilus', 'Sion', 'Taliyah', 'Viego')",1,0,1
"('Alistar', 'Corki', 'Nunu & Willump', 'Sion', 'Taliyah')",0,1,1
"('Ashe', ""Bel'Veth"", 'Diana', 'Fiora', 'Thresh')",1,0,1
"('Gragas', 'Graves', 'Hwei', 'Senna', 'Seraphine')",0,1,1
"(""Kai'Sa"", 'Morgana', 'Nautilus', 'Sion', 'Talon')",1,0,1
"('Brand', 'Cassiopeia', 'Hwei', 'Jhin', 'Pantheon')",0,1,1
"('Blitzcrank', 'Hwei', 'Jayce', ""Kai'Sa"", 'Lee Sin')",0,1,1
"('Hwei', 'Nasus', ""Rek'Sai"", 'Skarner', 'Zeri')",0,1,1
"('Galio', 'Maokai', 'Pyke', 'Zac', 'Zeri')",1,0,1
"('Hwei', 'Rakan', 'Riven', 'Smolder', 'Xin Zhao')",0,1,1
"('Kalista', 'Master Yi', 'Sion', 'Soraka', 'Zoe')",1,0,1
"('Ashe', 'Cassiopeia', 'Gragas', ""Rek'Sai"", 'Seraphine')",0,1,1
"('Draven', 'Nidalee', 'Pantheon', 'Sion', 'Zac')",1,0,1
"('Naafiri', 'Nidalee', 'Sion', 'Tristana', 'Warwick')",1,0,1
"('Alistar', 'Hwei', 'Samira', 'Sion', 'Skarner')",1,0,1
"('Jhin', 'LeBlanc', 'Pyke', 'Sion', 'Viego')",0,1,1
"('Graves', ""Kai'Sa"", 'LeBlanc', 'Rell', 'Sion')",1,0,1
"('Lee Sin', 'Pyke', 'Sion', 'Syndra', 'Xayah')",1,0,1
"('Corki', 'Ekko', 'Rakan', 'Sion', 'Xin Zhao')",0,1,1
"('Graves', 'Nasus', 'Poppy', 'Singed', 'Varus')",1,0,1
"(""Bel'Veth"", 'Camille', 'Hwei', 'Kalista', 'Sion')",1,0,1
"('Braum', 'Jax', 'Kassadin', 'Skarner', 'Zeri')",0,1,1
"('Diana', 'Galio', ""Kai'Sa"", 'Sion', 'Viego')",0,1,1
"('Akshan', 'Mordekaiser', 'Nautilus', 'Senna', 'Taliyah')",1,0,1
"('Ivern', 'Jinx', 'Katarina', 'Nautilus', 'Sion')",1,0,1
"('Akshan', ""Kai'Sa"", 'Nasus', 'Nautilus', 'Nidalee')",0,1,1
"('Jinx', 'Lee Sin', 'Rumble', 'Sion', 'Syndra')",1,0,1
"('Akshan', 'Galio', 'Lulu', 'Nidalee', 'Zeri')",0,1,1
"('Hwei', 'Jhin', 'Morgana', 'Shaco', 'Sion')",1,0,1
"('Camille', 'Cassiopeia', 'Karthus', 'Sion', 'Twitch')",1,0,1
"('Corki', 'Hwei', 'Nidalee', 'Seraphine', 'Sion')",1,0,1
"('Blitzcrank', 'Fizz', 'Graves', 'Jhin', 'Nidalee')",0,1,1
"('Ahri', 'Lucian', 'Sion', 'Taric', 'Vi')",1,0,1
"('Hwei', 'Rakan', 'Rengar', 'Tryndamere', 'Zeri')",0,1,1
"('Akshan', 'Draven', 'Gragas', 'Nautilus', 'Pantheon')",0,1,1
"('Corki', 'Gwen', 'Maokai', 'Sion', 'Tristana')",1,0,1
"('Lucian', 'Nidalee', 'Rakan', 'Sion', 'Tryndamere')",0,1,1
"('Ashe', 'Hwei', 'Lillia', 'Lucian', 'Sion')",1,0,1
"('Fizz', 'Jax', 'Jinx', 'Tahm Kench', 'Zac')",1,0,1
"('Azir', 'Kalista', 'Poppy', 'Sion', 'Skarner')",1,0,1
"('Galio', 'Jinx', 'Sion', 'Taliyah', 'Thresh')",1,0,1
"('Irelia', 'Jinx', 'Lulu', 'Sion', 'Taliyah')",0,1,1
"('Alistar', 'Camille', 'Fiddlesticks', 'Sion', 'Zeri')",1,0,1
"('Akali', 'Camille', 'Lillia', 'Sion', 'Vayne')",0,1,1
"('Ashe', 'Hwei', 'Jinx', 'Lee Sin', 'Maokai')",0,1,1
"('Lissandra', 'Rell', 'Sion', 'Taliyah', 'Varus')",0,1,1
"('Jinx', 'Sion', 'Thresh', 'Vi', 'Zoe')",1,0,1
"('Graves', 'Jhin', 'Maokai', 'Rell', 'Taliyah')",1,0,1
"('Ashe', 'Jax', 'Miss Fortune', 'Nidalee', 'Zoe')",1,0,1
"('Blitzcrank', 'Camille', 'Fizz', 'Hecarim', ""Kai'Sa"")",0,1,1
"('Camille', 'Nidalee', 'Qiyana', 'Viktor', 'Zeri')",1,0,1
"('Aphelios', 'Qiyana', 'Taliyah', 'Thresh', 'Tristana')",1,0,1
"('Aphelios', 'Darius', ""Kha'Zix"", 'Neeko', 'Sylas')",1,0,1
"('Garen', 'Gragas', 'Lee Sin', 'Seraphine', 'Zeri')",1,0,1
"('Jinx', 'Lissandra', 'Master Yi', 'Nautilus', 'Rumble')",0,1,1
"('Aatrox', 'Ahri', 'Alistar', 'Viego', 'Zeri')",1,0,1
"('Aatrox', 'Briar', 'Seraphine', 'Twisted Fate', 'Varus')",0,1,1
"('Braum', 'Katarina', 'Lee Sin', 'Teemo', 'Zeri')",1,0,1
"('Aphelios', 'Dr. Mundo', 'Lulu', 'Nidalee', 'Sylas')",1,0,1
"('Akali', 'Nautilus', 'Nidalee', 'Poppy', 'Smolder')",0,1,1
"('Akali', 'LeBlanc', 'Nautilus', 'Samira', 'Viego')",0,1,1
"(""Kai'Sa"", 'Nunu & Willump', 'Rell', 'Taliyah', 'Vayne')",1,0,1
"('Ashe', 'Lee Sin', 'Rumble', 'Sylas', 'Varus')",0,1,1
"('Galio', 'Jinx', 'Nautilus', 'Urgot', 'Viego')",1,0,1
"('Fiora', 'Hwei', ""Kha'Zix"", 'Senna', 'Seraphine')",1,0,1
"('Amumu', 'Anivia', ""Kai'Sa"", 'Quinn', 'Viego')",1,0,1
"('Akali', 'Seraphine', 'Smolder', 'Tryndamere', 'Warwick')",1,0,1
"('Ahri', ""K'Sante"", ""Kai'Sa"", 'Nidalee', 'Rell')",0,1,1
"('Aatrox', 'Caitlyn', 'Katarina', ""Kha'Zix"", 'Lux')",0,1,1
"('Diana', 'Kindred', 'Varus', 'Viego', 'Zyra')",0,1,1
"('Karthus', 'Rell', 'Samira', 'Yone', 'Zed')",1,0,1
"(""Kai'Sa"", 'Kindred', 'Nautilus', 'Skarner', 'Vladimir')",1,0,1
"('Gragas', 'Hwei', ""Kai'Sa"", 'Lee Sin', 'Skarner')",1,0,1
"('Kennen', 'Maokai', 'Varus', 'Viego', 'Yone')",1,0,1
"('Aatrox', 'Ashe', 'Gragas', 'Thresh', 'Xin Zhao')",0,1,1
"('Gangplank', 'Gragas', 'Kalista', 'Lee Sin', 'Neeko')",0,1,1
"('Ashe', 'Fiddlesticks', 'Gragas', 'Nautilus', 'Olaf')",1,0,1
"('Gragas', 'Hecarim', 'Karma', 'LeBlanc', 'Varus')",0,1,1
"('Gragas', ""Kai'Sa"", 'Leona', 'Poppy', 'Sion')",0,1,1
"('Hwei', 'Jinx', 'Lee Sin', 'Sona', 'Xin Zhao')",0,1,1
"('Draven', 'Gragas', 'Jax', 'Lillia', 'Thresh')",1,0,1
"('Fiora', ""Kai'Sa"", 'Katarina', 'Master Yi', 'Sylas')",0,1,1
"('Gragas', 'Graves', 'Illaoi', 'Jhin', ""Kai'Sa"")",0,1,1
"('Fiddlesticks', 'Gragas', 'Kalista', 'Rell', 'Skarner')",1,0,1
"('Graves', 'Hwei', 'Jhin', 'Naafiri', 'Seraphine')",0,1,1
"('Aphelios', 'Aurelion Sol', 'Nidalee', 'Skarner', 'Thresh')",0,1,1
"('Ahri', 'Jax', 'Lee Sin', 'Seraphine', 'Sivir')",0,1,1
"('Ahri', ""K'Sante"", ""Kai'Sa"", 'Nautilus', 'Vi')",1,0,1
"('Ashe', 'Malphite', 'Nidalee', 'Rell', 'Tristana')",0,1,1
"('Jax', 'Rell', 'Rumble', 'Tryndamere', 'Varus')",0,1,1
"('Ezreal', 'Karma', 'Karthus', 'Skarner', 'Yone')",1,0,1
"('Ahri', 'Ashe', 'Garen', 'Neeko', 'Taliyah')",0,1,1
"('Ashe', 'Darius', 'Janna', 'Nidalee', 'Rumble')",0,1,1
"('Jinx', 'Kassadin', 'Rell', 'Rengar', 'Tryndamere')",0,1,1
"('Hecarim', 'Jinx', 'Kassadin', 'Pyke', 'Skarner')",0,1,1
"('Diana', ""Kai'Sa"", 'Lee Sin', 'Mordekaiser', 'Rell')",1,0,1
"(""Kai'Sa"", 'Kled', 'Lillia', 'Nautilus', 'Skarner')",1,0,1
"('Fiddlesticks', 'Jayce', 'Nautilus', 'Samira', 'Vayne')",1,0,1
"('Akali', 'Ashe', ""K'Sante"", 'Lee Sin', 'Milio')",0,1,1
"('Gnar', ""Kai'Sa"", 'LeBlanc', 'Lillia', 'Rell')",1,0,1
"('Braum', 'Camille', 'Fiddlesticks', ""Kai'Sa"", 'Pantheon')",1,0,1
"('Graves', 'Jhin', 'Orianna', 'Twisted Fate', 'Xerath')",1,0,1
"('Aphelios', 'Camille', 'Gragas', 'Lillia', 'Tristana')",1,0,1
"('Ahri', 'Camille', ""Kai'Sa"", 'Leona', 'Volibear')",1,0,1
"('Ahri', 'Ashe', ""Bel'Veth"", ""K'Sante"", 'Rumble')",0,1,1
"('Hwei', 'Kindred', 'Lux', 'Riven', 'Sivir')",0,1,1
"('Jayce', ""Kai'Sa"", 'Nautilus', 'Viego', 'Viktor')",1,0,1
"('Camille', 'Lucian', 'Nami', 'Nidalee', 'Zed')",0,1,1
"('Aatrox', ""K'Sante"", ""Kai'Sa"", 'Nidalee', 'Senna')",0,1,1
"('Corki', 'Graves', 'Renata Glasc', 'Shen', 'Taliyah')",1,0,1
"('Dr. Mundo', 'Jinx', 'Malphite', 'Singed', 'Viego')",0,1,1
"('Jinx', 'Malzahar', 'Pantheon', 'Poppy', 'Skarner')",1,0,1
"('Draven', 'Irelia', 'Nidalee', 'Thresh', 'Viego')",1,0,1
"('Ashe', 'Karthus', 'Nautilus', 'Renekton', 'Zed')",1,0,1
"('Akali', 'Alistar', 'Graves', 'Jayce', ""Kai'Sa"")",0,1,1
"('Brand', 'Caitlyn', 'Corki', 'Nasus', 'Zyra')",0,1,1
"('Aatrox', 'Aurelion Sol', 'Draven', ""Kha'Zix"", 'Thresh')",1,0,1
"('Ashe', 'Corki', 'Karthus', 'Seraphine', 'Sion')",1,0,1
"('Akali', 'Dr. Mundo', ""Kha'Zix"", 'Lucian', 'Rell')",1,0,1
"('Aatrox', 'Evelynn', ""Kai'Sa"", 'Maokai', 'Skarner')",1,0,1
"('Ashe', 'Lillia', 'Seraphine', 'Skarner', 'Viktor')",0,1,1
"('Karthus', 'Lulu', 'Maokai', 'Tristana', 'Xayah')",0,1,1
"('Ahri', 'Brand', 'Corki', 'Kled', 'Rakan')",1,0,1
"('Darius', 'Ezreal', 'Renekton', 'Taliyah', 'Zoe')",1,0,1
"(""Kai'Sa"", 'Leona', 'Lillia', 'Olaf', 'Yone')",1,0,1
"('Jax', 'Jinx', ""Kha'Zix"", 'Rell', 'Vex')",1,0,1
"('Caitlyn', 'Karthus', 'Neeko', 'Skarner', 'Syndra')",1,0,1
"('Anivia', 'Blitzcrank', 'Jhin', 'Nidalee', 'Warwick')",1,0,1
"('Caitlyn', 'Graves', 'Irelia', 'Janna', ""K'Sante"")",1,0,1
"('Bard', 'Caitlyn', 'Gragas', 'Jayce', ""Rek'Sai"")",1,0,1
"('Hwei', 'Jhin', 'Nautilus', 'Sion', 'Viego')",0,1,1
"('Ahri', 'Gragas', ""Kai'Sa"", 'Nautilus', 'Viego')",1,0,1
"('Blitzcrank', 'Camille', 'Hwei', ""Kai'Sa"", 'Viego')",0,1,1
"('Karthus', ""Kog'Maw"", 'Leona', 'Skarner', 'Tristana')",1,0,1
"('Irelia', 'Maokai', 'Rammus', 'Taliyah', 'Varus')",1,0,1
"('Graves', 'Hwei', 'Rell', 'Rengar', 'Zeri')",1,0,1
"('Ashe', ""Bel'Veth"", 'Gragas', 'Katarina', 'Rell')",0,1,1
"('Aurelion Sol', 'Graves', 'Seraphine', 'Sylas', 'Yone')",0,1,1
"('Ezreal', 'Hwei', ""Kha'Zix"", 'Singed', 'Taliyah')",1,0,1
"('Ashe', 'Jax', 'Katarina', 'Renekton', 'Sona')",1,0,1
"('Ashe', 'Fiora', 'Karma', 'Sylas', 'Viego')",1,0,1
"('Brand', 'Gragas', 'Jax', 'Smolder', 'Wukong')",0,1,1
"('Akali', 'Jayce', 'Kalista', ""Kha'Zix"", 'Pyke')",0,1,1
"('Ezreal', 'Jax', 'Seraphine', 'Taliyah', 'Yasuo')",0,1,1
"('Ahri', 'Hecarim', 'Heimerdinger', 'Nautilus', 'Varus')",1,0,1
"('Aphelios', 'Jax', 'LeBlanc', 'Skarner', 'Tristana')",1,0,1
"(""Kai'Sa"", 'Nautilus', 'Nidalee', 'Viego', 'Volibear')",0,1,1
"('Hwei', 'Jhin', 'Mordekaiser', 'Vi', 'Zyra')",1,0,1
"('Gnar', ""Kai'Sa"", 'Rell', 'Twisted Fate', 'Xin Zhao')",1,0,1
"('Darius', 'Hwei', ""Kai'Sa"", 'Lulu', 'Viego')",0,1,1
"('Akshan', 'Ashe', 'Lillia', 'Lucian', 'Riven')",1,0,1
"('Ashe', 'Hwei', ""Rek'Sai"", 'Rell', 'Skarner')",1,0,1
"('Jinx', 'Nautilus', 'Nidalee', 'Pantheon', 'Tristana')",0,1,1
"('Dr. Mundo', 'Jinx', 'Thresh', 'Viktor', 'Xin Zhao')",1,0,1
"('Braum', 'Hwei', ""Kog'Maw"", 'Pantheon', 'Rumble')",0,1,1
"('Graves', 'Nautilus', 'Renekton', 'Varus', 'Viktor')",0,1,1
"('Corki', 'Shen', 'Sylas', 'Taliyah', 'Thresh')",0,1,1
"('Gragas', 'Jayce', 'Lucian', 'Lulu', 'Yone')",0,1,1
"('Braum', 'Jayce', ""K'Sante"", 'Lucian', 'Nidalee')",1,0,1
"('Caitlyn', 'Camille', 'Graves', 'Hwei', 'Lux')",0,1,1
"('Dr. Mundo', 'Pantheon', 'Sivir', 'Syndra', 'Thresh')",1,0,1
"('Hwei', 'Kalista', 'Nautilus', 'Nidalee', 'Vayne')",0,1,1
"(""Cho'Gath"", 'Jhin', ""Rek'Sai"", 'Rumble', 'Twisted Fate')",1,0,1
"('Caitlyn', 'Corki', 'Kindred', 'Malphite', 'Neeko')",0,1,1
"('Graves', ""K'Sante"", 'Pyke', 'Sivir', 'Twisted Fate')",1,0,1
"('Heimerdinger', 'Jayce', 'Jhin', 'Viego', 'Volibear')",0,1,1
"('Camille', 'Ivern', 'Kennen', 'Samira', 'Tristana')",1,0,1
"('Ahri', 'Kalista', 'Mordekaiser', 'Nautilus', 'Poppy')",1,0,1
"('Fizz', 'Renekton', 'Thresh', 'Warwick', 'Zeri')",0,1,1
"(""Kai'Sa"", 'Kennen', ""Kha'Zix"", 'Naafiri', 'Tristana')",1,0,1
"(""K'Sante"", 'Lillia', 'Seraphine', 'Varus', 'Yone')",1,0,1
"('Ashe', 'Camille', 'Lillia', 'Soraka', 'Yasuo')",1,0,1
"(""Kai'Sa"", 'Lillia', 'Rell', 'Twisted Fate', 'Yone')",1,0,1
"(""Kai'Sa"", 'Nidalee', 'Olaf', 'Rell', 'Viego')",1,0,1
"('Irelia', 'Jhin', 'Karma', 'Lillia', 'Skarner')",0,1,1
"(""Kai'Sa"", 'Singed', 'Taliyah', 'Yasuo', 'Zyra')",1,0,1
"('Braum', ""Kai'Sa"", 'Nidalee', 'Volibear', 'Yone')",1,0,1
"('Fiora', 'Nidalee', 'Rell', 'Yone', 'Zeri')",1,0,1
"('Bard', 'Graves', 'Hwei', 'Jax', 'Xerath')",1,0,1
"('Blitzcrank', 'Jayce', ""Kai'Sa"", 'Nidalee', 'Yasuo')",1,0,1
"('Jhin', 'Lee Sin', 'Poppy', 'Ryze', 'Udyr')",0,1,1
"('Ashe', 'Caitlyn', 'Lillia', 'Tryndamere', 'Yasuo')",0,1,1
"(""Kai'Sa"", ""Kha'Zix"", 'Seraphine', 'Swain', 'Yasuo')",1,0,1
"('Gwen', 'Jinx', 'Nautilus', 'Shen', 'Talon')",1,0,1
"('Lulu', ""Rek'Sai"", 'Rumble', 'Twitch', 'Yasuo')",0,1,1
"('Gragas', 'Jayce', ""Kai'Sa"", 'Nautilus', 'Yasuo')",1,0,1
"('Ashe', 'Hwei', 'Jax', ""Rek'Sai"", 'Rumble')",0,1,1
"(""Kai'Sa"", 'Lillia', 'Rell', 'Riven', 'Yone')",1,0,1
"('Lucian', 'Master Yi', 'Nami', 'Skarner', 'Yone')",1,0,1
"('Kindred', 'Leona', 'Swain', 'Vayne', 'Yasuo')",0,1,1
"('Darius', 'Jhin', 'Rakan', 'Syndra', 'Udyr')",0,1,1
"('Galio', ""Kai'Sa"", 'Kled', 'Taliyah', 'Tristana')",0,1,1
"('Corki', 'Fiora', 'Lucian', 'Nidalee', 'Seraphine')",1,0,1
"('Ashe', 'Braum', 'Hwei', ""Rek'Sai"", 'Udyr')",1,0,1
"('Akshan', 'Ashe', 'Morgana', 'Rell', 'Zed')",1,0,1
"('Akali', 'Corki', 'Jinx', 'Rakan', 'Viego')",1,0,1
"('Aphelios', 'Camille', 'Karthus', 'LeBlanc', 'Thresh')",0,1,1
"('Jinx', 'LeBlanc', 'Lee Sin', 'Thresh', 'Tryndamere')",0,1,1
"('Dr. Mundo', 'Fizz', ""Kai'Sa"", 'Taliyah', 'Thresh')",1,0,1
"('Aatrox', ""Kai'Sa"", 'Nautilus', 'Rumble', 'Tristana')",1,0,1
"(""K'Sante"", 'Lillia', 'Lucian', 'Nami', 'Yone')",1,0,1
"(""Kai'Sa"", ""Kha'Zix"", 'Nautilus', 'Yasuo', 'Zed')",1,0,1
"('Gragas', 'Renata Glasc', 'Taliyah', 'Varus', 'Yasuo')",1,0,1
"('Kennen', 'Nidalee', 'Rell', 'Samira', 'Yone')",1,0,1
"('Corki', 'Gragas', ""Kai'Sa"", 'Kennen', 'Nautilus')",1,0,1
"('Nautilus', 'Samira', 'Skarner', 'Taliyah', 'Tristana')",0,1,1
"('Ashe', 'Cassiopeia', 'Gragas', 'Xin Zhao', 'Yasuo')",1,0,1
"('Ashe', 'Corki', ""Kai'Sa"", 'Kennen', 'Poppy')",1,0,1
"('Hwei', 'Nautilus', 'Varus', 'Xin Zhao', 'Zeri')",1,0,1
"('Ahri', 'Kennen', 'Seraphine', 'Viego', 'Zeri')",1,0,1
"('Alistar', 'Ashe', 'Rumble', 'Tristana', 'Viego')",1,0,1
"('Alistar', 'Aurelion Sol', 'Rumble', 'Samira', 'Viego')",1,0,1
"('Aatrox', 'Elise', 'Lucian', 'Lux', 'Nautilus')",1,0,1
"('Azir', 'Lee Sin', 'Lucian', 'Milio', 'Tryndamere')",1,0,1
"('Akshan', 'Ashe', 'Bard', 'Jax', 'Lillia')",1,0,1
"('Aatrox', 'Bard', 'Camille', 'Ezreal', 'Lillia')",1,0,1
"('Ahri', ""K'Sante"", ""Kai'Sa"", 'Kayn', 'Rell')",1,0,1
"('Hwei', 'Jinx', ""K'Sante"", 'Lee Sin', 'Leona')",0,1,1
"('Graves', 'Kalista', 'Leona', 'Orianna', 'Rumble')",1,0,1
"('Camille', 'Draven', 'Rumble', 'Skarner', 'Viego')",0,1,1
"('Annie', 'Corki', 'Kennen', ""Kha'Zix"", 'Senna')",0,1,1
"('Aatrox', 'Neeko', 'Taliyah', 'Twisted Fate', 'Varus')",0,1,1
"(""Kai'Sa"", 'Rumble', 'Skarner', 'Veigar', 'Viego')",1,0,1
"('Jarvan IV', 'Jayce', ""Kai'Sa"", 'Nautilus', 'Zoe')",0,1,1
"('Ahri', 'Graves', 'Karma', 'Rumble', 'Varus')",1,0,1
"('Ahri', 'Jhin', 'Renata Glasc', 'Rumble', 'Viego')",1,0,1
"('Aatrox', ""Bel'Veth"", 'Orianna', 'Rakan', 'Twitch')",1,0,1
"('Galio', 'Kalista', 'Lucian', 'Nidalee', 'Rell')",1,0,1
"('Ashe', 'Hwei', 'Jax', 'Rell', 'Viego')",1,0,1
"('Jax', ""Kha'Zix"", 'LeBlanc', 'Senna', 'Xerath')",0,1,1
"('Bard', 'Camille', 'Kindred', 'Taliyah', 'Varus')",1,0,1
"('Akali', 'Jax', 'Jinx', 'Thresh', 'Viego')",1,0,1
"('Graves', 'Jayce', 'Jhin', 'Rumble', 'Zyra')",1,0,1
"('Hecarim', 'Irelia', 'Kennen', 'Maokai', 'Varus')",0,1,1
"('Kindred', 'Rell', 'Sivir', 'Skarner', 'Zac')",0,1,1
"('Jhin', 'Orianna', 'Renekton', 'Skarner', 'Trundle')",0,1,1
"('Ashe', 'Gragas', 'Jarvan IV', 'Kindred', 'Lissandra')",0,1,1
"('Hecarim', 'Orianna', 'Pyke', 'Renekton', 'Zeri')",1,0,1
"('Azir', 'Blitzcrank', 'Camille', 'Draven', 'Jax')",0,1,1
"(""Kai'Sa"", 'LeBlanc', 'Lee Sin', 'Orianna', 'Pantheon')",0,1,1
"('Jax', 'Orianna', 'Rakan', 'Skarner', 'Zeri')",1,0,1
"('Brand', 'Corki', ""K'Sante"", ""Kai'Sa"", 'Pyke')",0,1,1
"('Akali', 'Alistar', 'Aurelion Sol', 'Draven', 'Jax')",0,1,1
"(""Bel'Veth"", ""K'Sante"", 'LeBlanc', 'Lulu', 'Zeri')",1,0,1
"('Garen', 'Master Yi', 'Twisted Fate', 'Yuumi', 'Zyra')",0,1,1
"('Akshan', ""Kai'Sa"", 'Lee Sin', 'Nautilus', 'Rumble')",1,0,1
"('Rakan', 'Rumble', 'Taliyah', 'Xayah', 'Zed')",0,1,1
"('Jax', 'Nautilus', 'Tristana', 'Urgot', 'Varus')",1,0,1
"('Aphelios', 'Camille', 'Lulu', 'Taliyah', 'Viego')",0,1,1
"('Jax', ""Kai'Sa"", 'Pyke', 'Syndra', 'Vi')",1,0,1
"(""Kai'Sa"", 'Rell', 'Sylas', 'Twisted Fate', 'Viego')",1,0,1
"('Dr. Mundo', 'Hwei', 'Jayce', 'Shaco', 'Smolder')",1,0,1
"('Ahri', 'Draven', ""Rek'Sai"", 'Senna', 'Vladimir')",1,0,1
"('Corki', 'Kennen', ""Kha'Zix"", 'Nautilus', 'Neeko')",1,0,1
"('Ashe', ""Bel'Veth"", 'Braum', 'Hwei', 'Vayne')",0,1,1
"('Ashe', 'Cassiopeia', 'Gragas', 'Nidalee', 'Varus')",1,0,1
"('Annie', 'Jax', ""Kai'Sa"", 'Nautilus', 'Twisted Fate')",1,0,1
"('Galio', 'Jinx', ""K'Sante"", 'Nidalee', 'Rell')",0,1,1
"('Hecarim', ""Kai'Sa"", 'Katarina', 'Leona', 'Tryndamere')",0,1,1
"('Draven', 'Hwei', 'Poppy', 'Pyke', 'Yone')",1,0,1
"('Blitzcrank', 'Jax', 'Nidalee', 'Tristana', 'Viego')",1,0,1
"('Ashe', 'Camille', 'Leona', 'Master Yi', 'Tristana')",0,1,1
"('Azir', 'Caitlyn', 'Fiora', 'Janna', 'Viego')",1,0,1
"('Hecarim', 'Kled', 'Viktor', 'Yuumi', 'Zeri')",1,0,1
"('Hwei', 'Jinx', 'Kennen', 'Master Yi', 'Rell')",1,0,1
"('Caitlyn', 'Gragas', 'Neeko', 'Viego', 'Yasuo')",0,1,1
"('Cassiopeia', 'Hecarim', 'Katarina', 'Taric', 'Varus')",1,0,1
"(""Bel'Veth"", 'Hwei', 'Jinx', 'Kennen', 'Thresh')",1,0,1
"('Ashe', 'Jayce', 'Jinx', 'Lee Sin', 'Twisted Fate')",0,1,1
"('Fiora', 'Graves', 'Thresh', 'Viktor', 'Zeri')",1,0,1
"('Aphelios', 'Nunu & Willump', 'Sett', 'Thresh', 'Tristana')",1,0,1
"('Aphelios', 'Graves', 'Hwei', 'Irelia', 'Nautilus')",1,0,1
"('Blitzcrank', 'Rumble', 'Taliyah', 'Viego', 'Zeri')",0,1,1
"('Corki', 'LeBlanc', 'Rengar', 'Rumble', 'Seraphine')",0,1,1
"(""Bel'Veth"", 'Draven', 'Nautilus', 'Rumble', 'Tristana')",0,1,1
"('Ashe', 'Gwen', 'Jarvan IV', 'Taliyah', 'Twisted Fate')",1,0,1
"('Kalista', 'Poppy', 'Rammus', 'Rumble', 'Yasuo')",1,0,1
"('Alistar', ""Kai'Sa"", ""Kha'Zix"", 'Pantheon', 'Tristana')",0,1,1
"('Ekko', 'Gragas', ""Kai'Sa"", 'Lee Sin', 'Thresh')",0,1,1
"('Ashe', ""K'Sante"", 'LeBlanc', 'Lee Sin', 'Thresh')",1,0,1
"('Anivia', 'Aphelios', 'Cassiopeia', 'Hecarim', 'Vex')",1,0,1
"('Lillia', 'Nautilus', 'Renekton', 'Tristana', 'Varus')",1,0,1
"('Hecarim', 'Lucian', 'Milio', 'Skarner', 'Zoe')",1,0,1
"('Ezreal', 'Jax', 'Rumble', 'Skarner', 'Talon')",0,1,1
"('Jinx', ""Kha'Zix"", 'Rumble', 'Taliyah', 'Taric')",1,0,1
"('Alistar', 'LeBlanc', 'Nidalee', 'Sion', 'Varus')",0,1,1
"('Hwei', 'Jayce', ""K'Sante"", 'Nidalee', 'Smolder')",1,0,1
"('Aatrox', ""Bel'Veth"", 'LeBlanc', 'Rakan', 'Ziggs')",0,1,1
"('Ashe', 'Brand', 'Braum', 'Urgot', 'Yone')",1,0,1
"('Caitlyn', 'Corki', 'Lillia', 'Nautilus', 'Rumble')",1,0,1
"('Draven', 'Orianna', 'Wukong', 'Xin Zhao', 'Zoe')",0,1,1
"('Braum', 'Jinx', 'Lee Sin', 'Rumble', 'Twisted Fate')",0,1,1
"('Corki', 'Kalista', 'Lillia', 'Nautilus', 'Udyr')",0,1,1
"('Jinx', 'Neeko', 'Olaf', 'Teemo', 'Yone')",1,0,1
"('Nasus', 'Rakan', 'Taliyah', 'Tristana', 'Zeri')",1,0,1
"('Draven', 'Hecarim', 'Nautilus', 'Wukong', 'Xerath')",1,0,1
"('Ahri', 'Graves', 'Jinx', 'Nautilus', 'Wukong')",1,0,1
"('Corki', 'Galio', 'Karthus', 'Shen', 'Yone')",1,0,1
"('Kalista', 'Neeko', 'Riven', 'Skarner', 'Tristana')",1,0,1
"('Anivia', 'Graves', 'Jhin', ""K'Sante"", 'Rumble')",1,0,1
"('Ashe', 'Galio', 'Kennen', 'Pantheon', 'Taliyah')",0,1,1
"(""Bel'Veth"", 'Draven', 'Lillia', 'Milio', 'Renekton')",1,0,1
"('Corki', 'Elise', 'Irelia', 'Maokai', 'Viego')",0,1,1
"('Ahri', 'Draven', 'Janna', 'Viego', 'Wukong')",1,0,1
"('Corki', 'Hwei', 'Pyke', 'Sett', 'Viego')",1,0,1
"('Cassiopeia', 'Corki', ""Rek'Sai"", 'Rell', 'Wukong')",1,0,1
"('Rakan', 'Sylas', 'Varus', 'Viego', 'Zoe')",1,0,1
"('Jinx', 'Karthus', 'Nautilus', 'Pantheon', 'Twisted Fate')",1,0,1
"('Ahri', ""Kai'Sa"", 'Lee Sin', 'Renekton', 'Thresh')",0,1,1
"('Ashe', 'Braum', 'Jayce', 'Lee Sin', 'Zoe')",0,1,1
"('Fizz', 'Hecarim', 'Lucian', 'Nami', 'Yone')",0,1,1
"('Ashe', 'Azir', 'Irelia', ""Rek'Sai"", 'Rumble')",0,1,1
"(""Bel'Veth"", 'Braum', 'Camille', 'Galio', 'Jinx')",1,0,1
"('Gragas', 'Graves', ""Kai'Sa"", 'Nautilus', 'Nunu & Willump')",0,1,1
"('Jayce', 'Jinx', 'Kled', 'Taliyah', 'Thresh')",1,0,1
"('Aatrox', 'Akshan', 'Lee Sin', 'Thresh', 'Varus')",1,0,1
"('Amumu', 'Camille', 'Urgot', 'Varus', 'Zoe')",1,0,1
"('Gnar', 'Jinx', 'Nautilus', 'Vex', 'Zac')",0,1,1
"('Elise', ""Kai'Sa"", 'Rell', 'Rumble', 'Tryndamere')",1,0,1
"('Corki', 'Heimerdinger', ""Kai'Sa"", 'Kindred', 'Nautilus')",0,1,1
"('Kalista', 'Nidalee', 'Renata Glasc', 'Renekton', 'Tristana')",0,1,1
"('Cassiopeia', 'Miss Fortune', 'Nidalee', 'Rell', 'Tristana')",0,1,1
"('Akshan', 'Jinx', 'Nautilus', ""Rek'Sai"", 'Rumble')",0,1,1
"('Jhin', 'Nautilus', 'Nidalee', 'Rumble', 'Zed')",1,0,1
"('Rell', 'Rumble', 'Swain', 'Viego', 'Yone')",1,0,1
"('Corki', 'Nautilus', 'Nidalee', 'Ryze', 'Yone')",0,1,1
"('Galio', 'Kindred', 'Neeko', 'Tryndamere', 'Varus')",1,0,1
"('Fizz', 'Gragas', 'Karma', 'Kindred', 'Varus')",1,0,1
"('Corki', 'Draven', 'Taliyah', 'Thresh', 'Wukong')",0,1,1
"('Akali', 'Ashe', 'Nautilus', 'Poppy', 'Yasuo')",0,1,1
"('Aurelion Sol', 'Camille', 'Ezreal', 'Rengar', 'Wukong')",1,0,1
"('Corki', 'Darius', 'Lee Sin', 'Pyke', 'Sylas')",1,0,1
"('Lee Sin', 'Orianna', 'Rell', 'Samira', 'Wukong')",0,1,1
"('Akali', 'Draven', 'Rell', 'Rengar', 'Volibear')",1,0,1
"('Caitlyn', ""K'Sante"", 'Soraka', 'Wukong', 'Zoe')",0,1,1
"('Camille', 'Lee Sin', 'Sylas', 'Varus', 'Wukong')",1,0,1
"('Blitzcrank', ""Kai'Sa"", 'Neeko', ""Rek'Sai"", 'Teemo')",1,0,1
"('Draven', 'Hwei', 'Kindred', 'Maokai', 'Renata Glasc')",1,0,1
"('Jinx', 'Nidalee', 'Rell', 'Sylas', 'Wukong')",1,0,1
"('Akshan', 'Corki', 'Hwei', 'Nautilus', 'Wukong')",1,0,1
"('Caitlyn', 'Hwei', 'Jax', 'Lee Sin', 'Rakan')",0,1,1
"('Fizz', 'Jinx', 'Olaf', 'Twisted Fate', 'Zilean')",1,0,1
"('Akali', ""Kai'Sa"", 'Thresh', 'Viego', 'Wukong')",0,1,1
"('Ahri', 'Blitzcrank', ""Kai'Sa"", 'Twisted Fate', 'Wukong')",1,0,1
"(""Bel'Veth"", 'Camille', 'Jhin', 'Sona', 'Vex')",1,0,1
"('Draven', 'Hwei', 'Karthus', 'Nautilus', 'Wukong')",1,0,1
"('Cassiopeia', 'Lux', 'Varus', 'Warwick', 'Wukong')",1,0,1
"('Camille', 'Draven', 'Fiora', 'Sylas', 'Viego')",1,0,1
"('Corki', 'Hwei', 'Lulu', ""Rek'Sai"", 'Teemo')",1,0,1
"('Aatrox', 'Ahri', 'Corki', 'Lulu', 'Viego')",1,0,1
"('Alistar', 'Taliyah', 'Twisted Fate', 'Varus', 'Wukong')",1,0,1
"('Katarina', 'Kindred', 'Nautilus', 'Nilah', 'Zac')",1,0,1
"('Braum', 'Irelia', 'Jhin', 'Nidalee', 'Wukong')",1,0,1
"('Corki', 'Nautilus', 'Sylas', 'Udyr', 'Xin Zhao')",0,1,1
"('Corki', 'Gragas', 'Nautilus', 'Skarner', 'Talon')",1,0,1
"('Anivia', 'Braum', 'Corki', ""Kha'Zix"", 'Wukong')",0,1,1
"('Caitlyn', 'Lux', 'Pantheon', 'Taliyah', 'Wukong')",0,1,1
"('Janna', 'Katarina', 'Lee Sin', 'Lucian', 'Wukong')",0,1,1
"('Corki', 'Irelia', 'Karthus', 'Nautilus', 'Viego')",0,1,1
"('Corki', 'Graves', 'Jayce', 'Nautilus', 'Orianna')",0,1,1
"('Ashe', 'Graves', 'Pyke', 'Tristana', ""Vel'Koz"")",0,1,1
"('Camille', 'Dr. Mundo', 'Graves', 'Rakan', 'Xayah')",0,1,1
"('Hecarim', 'Rell', 'Rumble', 'Varus', 'Wukong')",1,0,1
"('Ashe', 'Fiora', 'Qiyana', 'Taliyah', 'Thresh')",1,0,1
"('Aurelion Sol', 'Corki', 'Nidalee', 'Pyke', 'Rengar')",1,0,1
"('Aphelios', 'Nidalee', 'Thresh', 'Tristana', 'Wukong')",1,0,1
"('Gwen', 'Jhin', 'Karma', 'LeBlanc', 'Lee Sin')",1,0,1
"('Ashe', 'Fizz', 'Pantheon', 'Rammus', 'Singed')",1,0,1
"('Ekko', 'Jhin', 'Nasus', 'Rell', 'Tristana')",0,1,1
"('Aatrox', 'Ashe', 'Gwen', 'Neeko', 'Viego')",1,0,1
"('Ashe', 'Hwei', 'Jarvan IV', 'Nautilus', 'Rumble')",0,1,1
"('Camille', ""Rek'Sai"", 'Swain', 'Varus', 'Zoe')",1,0,1
"('Jhin', 'Kennen', 'Nautilus', 'Taliyah', 'Tristana')",0,1,1
"('Ahri', 'Nidalee', 'Rell', 'Skarner', 'Varus')",1,0,1
"('Ashe', 'Ivern', ""K'Sante"", ""Kha'Zix"", 'Seraphine')",1,0,1
"('Camille', 'Hwei', 'Jarvan IV', 'Jhin', 'Riven')",0,1,1
"('Ashe', 'Graves', 'Katarina', 'Seraphine', 'Volibear')",1,0,1
"('Galio', ""Kai'Sa"", 'Kindred', 'Skarner', 'Thresh')",0,1,1
"('Caitlyn', 'Seraphine', 'Vex', 'Viego', 'Zac')",1,0,1
"('Aatrox', 'Lee Sin', 'Pyke', 'Samira', 'Zac')",0,1,1
"('Gragas', 'Jinx', 'Karthus', 'Lee Sin', 'Thresh')",1,0,1
"('Hwei', 'Lucian', 'Singed', 'Taric', 'Viego')",1,0,1
"('Azir', ""Bel'Veth"", 'Ezreal', 'Skarner', 'Twisted Fate')",0,1,1
"(""K'Sante"", 'Lillia', 'Rell', 'Varus', 'Yone')",1,0,1
"('Camille', 'Lee Sin', 'Lucian', 'Pantheon', 'Zoe')",1,0,1
"('Akshan', 'Gwen', 'Jinx', 'Lee Sin', 'Rakan')",1,0,1
"('Ashe', 'Bard', ""Bel'Veth"", 'Darius', 'Sylas')",0,1,1
"('Corki', 'Graves', 'Malphite', 'Malzahar', 'Seraphine')",1,0,1
"('Lucian', 'Nautilus', 'Nidalee', 'Skarner', 'Tristana')",0,1,1
"('Ashe', 'Corki', 'Graves', ""K'Sante"", 'Thresh')",0,1,1
"(""Kai'Sa"", 'Malphite', 'Nautilus', 'Orianna', 'Rengar')",0,1,1
"('Graves', 'Irelia', 'Kalista', 'Kassadin', 'Rumble')",1,0,1
"(""Bel'Veth"", ""Kai'Sa"", 'Rakan', 'Twisted Fate', 'Yasuo')",1,0,1
"('Camille', ""Kai'Sa"", 'Nidalee', 'Thresh', 'Yasuo')",1,0,1
"('Draven', 'Hwei', 'Lee Sin', 'Renata Glasc', 'Renekton')",1,0,1
"('Kindred', 'Nasus', 'Neeko', 'Syndra', 'Varus')",1,0,1
"('Blitzcrank', 'Brand', ""Kai'Sa"", 'Nasus', 'Yasuo')",1,0,1
"('Gangplank', 'Kindred', 'Leona', 'Varus', 'Veigar')",0,1,1
"(""Bel'Veth"", 'Blitzcrank', 'Brand', 'Jhin', 'Shaco')",0,1,1
"('Heimerdinger', 'Jhin', ""Kha'Zix"", 'Pyke', 'Twisted Fate')",1,0,1
"('Hwei', 'Kled', 'Nidalee', 'Rell', 'Samira')",0,1,1
"('Alistar', 'Cassiopeia', 'Lee Sin', 'Orianna', 'Xayah')",1,0,1
"('Ahri', 'Elise', ""Kai'Sa"", 'Renekton', 'Seraphine')",1,0,1
"(""K'Sante"", 'Nautilus', 'Taliyah', 'Tristana', 'Varus')",0,1,1
"('Akali', 'Jax', 'Jayce', 'Seraphine', 'Taric')",1,0,1
"(""Bel'Veth"", 'Jhin', 'Kassadin', 'Rammus', 'Rumble')",1,0,1
"(""Bel'Veth"", 'Blitzcrank', 'Corki', 'Twisted Fate', 'Viktor')",1,0,1
"('Lucian', 'Malzahar', 'Nami', 'Poppy', 'Rumble')",1,0,1
"('Blitzcrank', ""K'Sante"", ""Kai'Sa"", ""Rek'Sai"", 'Taliyah')",1,0,1
"('Braum', 'Fizz', 'Poppy', ""Rek'Sai"", 'Varus')",0,1,1
"('Ashe', 'Fizz', 'Lee Sin', 'Mordekaiser', 'Zilean')",0,1,1
"('Amumu', 'Katarina', 'Lucian', 'Neeko', 'Warwick')",1,0,1
"('Anivia', 'Ashe', 'Malphite', 'Taric', 'Viego')",0,1,1
"('Ashe', 'Lillia', 'Nautilus', 'Tristana', 'Tryndamere')",0,1,1
"('Nasus', 'Seraphine', 'Taliyah', 'Varus', 'Viego')",1,0,1
"('Graves', 'Jhin', ""K'Sante"", 'Orianna', 'Zyra')",1,0,1
"('Aatrox', 'Brand', ""Kai'Sa"", 'Rell', 'Zac')",0,1,1
"('Alistar', 'Hwei', 'Lee Sin', 'Skarner', 'Vayne')",0,1,1
"('Akshan', 'Ashe', 'Graves', 'Karma', 'Rumble')",1,0,1
"('Cassiopeia', 'Draven', 'Renata Glasc', 'Viego', 'Yasuo')",0,1,1
"(""Bel'Veth"", 'Kled', 'Seraphine', 'Taliyah', 'Zeri')",0,1,1
"(""Kai'Sa"", 'Kennen', 'Orianna', 'Rell', 'Skarner')",1,0,1
"('Braum', 'Graves', ""Kai'Sa"", 'Riven', 'Syndra')",1,0,1
"('Fiora', 'Hwei', 'Jhin', 'Rell', 'Viego')",0,1,1
"('Aphelios', 'Lulu', 'Nautilus', 'Nidalee', 'Twisted Fate')",1,0,1
"(""Kai'Sa"", 'Lillia', 'Neeko', 'Tristana', 'Vi')",1,0,1
"('Akshan', 'Lucian', 'Milio', 'Nasus', 'Ryze')",0,1,1
"('Aatrox', 'Ashe', 'Braum', 'Pantheon', 'Vex')",1,0,1
"('Heimerdinger', ""Kai'Sa"", 'LeBlanc', 'Rell', 'Skarner')",0,1,1
"('Ashe', 'Fiora', 'Hwei', ""Rek'Sai"", 'Zoe')",1,0,1
"('Corki', 'Graves', 'Leona', ""Vel'Koz"", 'Warwick')",0,1,1
"('Azir', 'Draven', 'Olaf', 'Renata Glasc', 'Viego')",1,0,1
"('Hwei', 'Jayce', 'Jinx', 'Qiyana', 'Rakan')",0,1,1
"('Ashe', ""K'Sante"", 'Nautilus', 'Nidalee', 'Xerath')",1,0,1
"('Ashe', 'Graves', 'Lulu', 'Taliyah', 'Urgot')",0,1,1
"('Lee Sin', 'Leona', 'Varus', 'Vayne', 'Viktor')",0,1,1
"('Akali', 'Ekko', 'Hecarim', ""Kai'Sa"", 'Nautilus')",1,0,1
"('Corki', 'Kalista', 'Nautilus', 'Riven', 'Taliyah')",1,0,1
"('Azir', 'Dr. Mundo', 'Jinx', 'Nautilus', 'Nidalee')",1,0,1
"('Jinx', 'Nidalee', 'Seraphine', 'Twisted Fate', 'Zac')",0,1,1
"('Camille', 'Corki', 'Galio', 'Nautilus', 'Viego')",1,0,1
"(""K'Sante"", ""Kai'Sa"", 'Nautilus', 'Nidalee', 'Zoe')",1,0,1
"('Alistar', 'Ashe', 'Lee Sin', 'Orianna', 'Udyr')",1,0,1
"('Gangplank', 'Lee Sin', 'Nautilus', 'Senna', 'Syndra')",0,1,1
"('Ahri', 'Lee Sin', 'Senna', 'Udyr', 'Varus')",0,1,1
"('Hecarim', 'Lucian', 'Milio', 'Mordekaiser', 'Zeri')",1,0,1
"('Alistar', 'Fizz', 'Jhin', 'Warwick', 'Zed')",0,1,1
"('Hwei', 'Lucian', 'Maokai', 'Rengar', 'Zoe')",0,1,1
"('Heimerdinger', ""Kha'Zix"", 'Master Yi', 'Rakan', 'Varus')",1,0,1
"('Irelia', ""Kai'Sa"", 'Pantheon', 'Taliyah', 'Zilean')",1,0,1
"('Aatrox', 'Braum', 'Jinx', 'Nidalee', 'Tristana')",0,1,1
"('Ahri', 'Braum', 'Graves', ""Kai'Sa"", 'Kayle')",1,0,1
"('Aatrox', 'Aphelios', 'Nautilus', 'Taliyah', 'Tristana')",1,0,1
"('Akali', ""Kai'Sa"", 'Nautilus', 'Sylas', 'Tryndamere')",1,0,1
"(""Bel'Veth"", ""Kai'Sa"", 'Kled', 'Nautilus', 'Syndra')",0,1,1
"('Fiddlesticks', 'Jayce', ""Kai'Sa"", 'Lee Sin', 'Nautilus')",0,1,1
"('Alistar', 'Jhin', 'LeBlanc', 'Rengar', 'Rumble')",0,1,1
"('Akali', 'Fiora', 'Graves', 'Lux', 'Zeri')",0,1,1
"('Ashe', 'Braum', 'Hwei', 'Shen', 'Viego')",0,1,1
"('Ashe', 'Braum', 'Hwei', 'Renekton', 'Taliyah')",0,1,1
"('Corki', 'Hwei', 'Irelia', 'Jayce', 'Rumble')",0,1,1
"('Blitzcrank', 'Gwen', ""Rek'Sai"", 'Samira', 'Tristana')",0,1,1
"('Akshan', 'Braum', 'Hwei', 'Irelia', ""Rek'Sai"")",1,0,1
"('Graves', 'Hwei', 'Lucian', 'Mordekaiser', 'Yuumi')",0,1,1
"('Anivia', 'Ashe', 'Heimerdinger', ""K'Sante"", 'Lee Sin')",1,0,1
"(""Kai'Sa"", 'Katarina', 'Lee Sin', 'Poppy', 'Shen')",1,0,1
"(""K'Sante"", ""Kai'Sa"", 'Leona', 'Rumble', 'Taliyah')",0,1,1
"('Annie', 'Heimerdinger', ""Kai'Sa"", 'Lee Sin', 'Rell')",0,1,1
"(""Kai'Sa"", 'Lux', 'Riven', 'Swain', 'Viego')",0,1,1
"('Corki', 'Jinx', ""K'Sante"", 'Nunu & Willump', 'Poppy')",0,1,1
"('Akshan', 'Caitlyn', 'Lux', 'Skarner', 'Taliyah')",0,1,1
"('Caitlyn', 'Lux', 'Renekton', 'Taliyah', 'Talon')",0,1,1
"('Ashe', 'Jarvan IV', 'Neeko', 'Rell', 'Renekton')",1,0,1
"('Jhin', ""K'Sante"", 'Karthus', 'Nautilus', 'Twisted Fate')",0,1,1
"('Draven', 'Rell', 'Taliyah', 'Tristana', 'Zac')",1,0,1
"(""Rek'Sai"", 'Rell', 'Rumble', 'Zeri', 'Zoe')",1,0,1
"('Brand', 'Rell', 'Skarner', 'Sylas', 'Zeri')",0,1,1
"('Ashe', 'Graves', 'Jayce', 'LeBlanc', 'Nautilus')",0,1,1
"('Illaoi', 'Neeko', 'Rell', 'Viego', 'Zeri')",1,0,1
"('Alistar', 'Jax', 'Olaf', 'Tristana', 'Viktor')",0,1,1
"('Hwei', 'Nautilus', 'Nocturne', 'Rammus', 'Samira')",0,1,1
"('Hwei', ""Kai'Sa"", ""Rek'Sai"", 'Rell', 'Tryndamere')",0,1,1
"('Braum', 'Ivern', 'Jinx', ""Rek'Sai"", 'Sylas')",0,1,1
"('Corki', 'Ezreal', 'Fiddlesticks', 'Lux', 'Ornn')",1,0,1
"('Hwei', 'Ivern', ""Kai'Sa"", 'Poppy', 'Skarner')",1,0,1
"('Ashe', 'Gangplank', 'Leona', 'Zoe', 'Zyra')",0,1,1
"('Bard', 'Jhin', 'Teemo', 'Vex', 'Viego')",0,1,1
"('Camille', 'Hwei', 'Jax', 'Rengar', 'Smolder')",1,0,1
"('Amumu', 'Bard', 'Diana', 'Jax', 'Smolder')",0,1,1
"('Corki', 'Jax', 'LeBlanc', 'Lee Sin', 'Thresh')",1,0,1
"('Ashe', 'Hwei', 'Poppy', ""Rek'Sai"", 'Rumble')",1,0,1
"('Ashe', 'Irelia', 'Nidalee', 'Sett', 'Zac')",0,1,1
"('Caitlyn', 'Hwei', 'Lux', 'Skarner', 'Xin Zhao')",0,1,1
"('Blitzcrank', 'Corki', ""Kai'Sa"", 'Malphite', 'Nidalee')",1,0,1
"('Karthus', 'Lux', 'Skarner', 'Talon', 'Varus')",0,1,1
"('Gangplank', ""Kai'Sa"", 'Lillia', 'Poppy', 'Viego')",1,0,1
"('Hwei', ""Kha'Zix"", 'Rell', 'Shen', 'Varus')",0,1,1
"('Akali', 'Poppy', 'Rakan', 'Varus', 'Xin Zhao')",1,0,1
"('Darius', 'Jinx', 'Lulu', 'Nidalee', 'Yone')",0,1,1
"('Diana', 'Fiora', 'Jinx', 'Taliyah', 'Thresh')",0,1,1
"('Ashe', 'Karthus', 'Morgana', 'Tristana', 'Urgot')",0,1,1
"('Akshan', 'Aphelios', 'Lulu', 'Poppy', 'Viktor')",0,1,1
"('Hwei', ""Kai'Sa"", 'Kindred', 'Nautilus', 'Riven')",0,1,1
"('Camille', 'Corki', 'Hecarim', 'LeBlanc', 'Nocturne')",1,0,1
"('Aurelion Sol', 'Bard', 'Fiora', ""Kha'Zix"", 'Varus')",0,1,1
"('Ashe', 'Hwei', 'Kennen', 'Viego', 'Zyra')",1,0,1
"('Ashe', 'Gwen', 'Pantheon', 'Poppy', 'Tristana')",1,0,1
"('Poppy', 'Renekton', 'Taliyah', 'Tristana', 'Varus')",0,1,1
"('Akshan', 'Jinx', 'Nautilus', 'Shaco', 'Tryndamere')",0,1,1
"('Aphelios', 'Brand', ""Cho'Gath"", 'Thresh', 'Yone')",1,0,1
"('Corki', 'Jax', 'LeBlanc', 'Rell', 'Skarner')",1,0,1
"('Akshan', 'Jinx', ""Rek'Sai"", 'Rell', 'Rumble')",1,0,1
"(""Bel'Veth"", 'Jhin', 'Karma', 'Kayle', 'Syndra')",0,1,1
"('Blitzcrank', 'Skarner', 'Vex', 'Viego', 'Zeri')",0,1,1
"('Jayce', 'Orianna', 'Rakan', 'Shaco', 'Xayah')",1,0,1
"('Akali', 'Ezreal', 'Graves', 'Nautilus', 'Shyvana')",0,1,1
"('Ahri', 'Draven', 'Renata Glasc', 'Sett', 'Viego')",1,0,1
"('Aatrox', 'Akali', 'Rakan', 'Rengar', 'Xayah')",0,1,1
"('Garen', 'Hwei', 'Master Yi', 'Rell', 'Samira')",0,1,1
"('Jax', ""Kai'Sa"", 'Nidalee', 'Skarner', 'Tristana')",1,0,1
"('Leona', 'Sejuani', 'Varus', 'Warwick', 'Yone')",1,0,1
"('Gwen', 'Jinx', 'LeBlanc', 'Lee Sin', 'Thresh')",1,0,1
"('Ashe', 'Corki', 'Fiora', 'Pyke', 'Taliyah')",0,1,1
"('Aphelios', 'LeBlanc', 'Poppy', 'Rumble', 'Senna')",1,0,1
"('Aatrox', 'Hwei', ""Kai'Sa"", 'Pyke', 'Viego')",1,0,1
"(""K'Sante"", 'Lillia', 'Lucian', 'Nami', 'Tristana')",0,1,1
"('Akali', 'Caitlyn', 'Galio', 'Karma', 'Wukong')",0,1,1
"('Ezreal', 'Hwei', ""K'Sante"", 'Nautilus', ""Rek'Sai"")",0,1,1
"('Lillia', 'Nautilus', 'Sivir', 'Talon', 'Tryndamere')",0,1,1
"('Nautilus', 'Taliyah', 'Twisted Fate', 'Varus', 'Volibear')",0,1,1
"(""Kai'Sa"", ""Kha'Zix"", 'LeBlanc', 'Lulu', 'Mordekaiser')",0,1,1
"('Ezreal', 'Pyke', 'Tryndamere', 'Volibear', 'Zoe')",1,0,1
"('Ashe', 'LeBlanc', 'Rell', 'Vladimir', 'Volibear')",1,0,1
"('Akali', 'Bard', 'Gwen', 'Vi', 'Zeri')",0,1,1
"('Aatrox', 'Blitzcrank', 'Diana', ""Kai'Sa"", 'Volibear')",0,1,1
"('Akali', 'Gragas', 'Jinx', 'Pyke', 'Yasuo')",1,0,1
"(""Kai'Sa"", 'Nidalee', 'Rell', 'Twisted Fate', 'Yone')",1,0,1
"('Gnar', 'Heimerdinger', 'Jinx', 'Lulu', ""Rek'Sai"")",1,0,1
"('Karthus', 'Pantheon', 'Senna', 'Sett', 'Varus')",1,0,1
"('Ezreal', 'Graves', 'Rumble', 'Swain', 'Syndra')",1,0,1
"('Alistar', 'Diana', 'Garen', 'Pantheon', 'Varus')",0,1,1
"('Bard', 'Ekko', ""Kai'Sa"", 'Ryze', 'Tristana')",1,0,1
"('Alistar', 'Ashe', 'Kayle', 'Vi', 'Zoe')",1,0,1
"('Braum', 'Corki', 'Jax', 'Karthus', 'Smolder')",1,0,1
"('Alistar', 'Ashe', 'Garen', 'Lillia', 'Tristana')",1,0,1
"('Ashe', 'Braum', 'Fiora', 'Nidalee', 'Tristana')",0,1,1
"('Blitzcrank', ""Kai'Sa"", 'LeBlanc', 'Pantheon', 'Taliyah')",0,1,1
"('Ashe', 'Darius', 'Hwei', 'Lee Sin', 'Poppy')",0,1,1
"('Alistar', 'Hwei', 'Jhin', ""Rek'Sai"", 'Ryze')",1,0,1
"('Aatrox', 'Ahri', 'Ashe', 'Blitzcrank', 'Graves')",0,1,1
"('Akali', 'Master Yi', 'Poppy', 'Varus', 'Volibear')",1,0,1
"('Ashe', 'Aurelion Sol', 'Braum', 'Malphite', 'Master Yi')",0,1,1
"('Hwei', ""K'Sante"", ""Kai'Sa"", 'Leona', 'Master Yi')",1,0,1
"('Corki', 'Malphite', 'Orianna', 'Poppy', 'Viego')",1,0,1
"('Braum', 'Ezreal', 'Hwei', ""Kha'Zix"", 'Twisted Fate')",1,0,1
"('Blitzcrank', 'Jax', ""Kai'Sa"", 'Neeko', 'Shaco')",0,1,1
"('Graves', 'Lulu', 'Poppy', 'Rumble', 'Varus')",0,1,1
"('Aphelios', 'Bard', 'Brand', 'Irelia', 'Pantheon')",0,1,1
"('Aurelion Sol', 'Jinx', 'Lee Sin', 'Poppy', 'Rumble')",0,1,1
"('Aatrox', 'Braum', 'Graves', 'Viktor', 'Zeri')",1,0,1
"('Ahri', 'Braum', 'Lee Sin', 'Varus', 'Zed')",0,1,1
"('Aphelios', 'Camille', 'Graves', 'Nautilus', 'Talon')",1,0,1
"('Aatrox', 'Alistar', 'Aphelios', 'Galio', 'Graves')",0,1,1
"('Aurelion Sol', 'Bard', 'Gragas', 'Graves', 'Sivir')",1,0,1
"(""Bel'Veth"", 'Cassiopeia', 'Hwei', 'Nautilus', 'Poppy')",1,0,1
"('Corki', 'Garen', 'Poppy', 'Rumble', 'Skarner')",0,1,1
"('Ashe', 'Irelia', 'Jax', 'Nidalee', 'Poppy')",0,1,1
"('Corki', 'Gragas', 'Hecarim', 'Hwei', 'Renata Glasc')",0,1,1
"('Gnar', 'Jinx', 'Nautilus', 'Syndra', 'Viego')",0,1,1
"('Amumu', 'Graves', 'Jayce', ""Kai'Sa"", 'Malphite')",1,0,1
"('Ahri', 'Caitlyn', 'Gnar', 'Nocturne', 'Seraphine')",0,1,1
"('Ashe', 'Corki', 'Illaoi', 'Seraphine', 'Shaco')",0,1,1
"('Ashe', 'Jax', 'Katarina', 'Lux', 'Skarner')",0,1,1
"('Kennen', 'Nidalee', 'Thresh', 'Tristana', 'Zeri')",1,0,1
"('Elise', 'Fizz', 'Jayce', 'Kalista', 'Thresh')",0,1,1
"('Ashe', 'Renekton', 'Syndra', 'Taliyah', 'Thresh')",1,0,1
"('Ahri', 'Corki', 'Jayce', 'Lee Sin', 'Thresh')",1,0,1
"('Corki', ""K'Sante"", 'Sylas', 'Thresh', 'Xin Zhao')",0,1,1
"('Alistar', 'Ashe', 'Gnar', 'Hecarim', 'Twisted Fate')",1,0,1
"('Jinx', 'Skarner', 'Taliyah', 'Thresh', 'Yone')",0,1,1
"('Draven', 'Gragas', 'Master Yi', 'Orianna', 'Pyke')",1,0,1
"('Akshan', 'Hecarim', ""Kai'Sa"", 'Kennen', 'Maokai')",1,0,1
"(""Kai'Sa"", ""Kha'Zix"", 'Rell', 'Rumble', 'Zoe')",0,1,1
"('Ashe', 'Hecarim', 'Mordekaiser', 'Poppy', 'Zed')",1,0,1
"('Akali', 'Ashe', 'Gnar', 'Nidalee', 'Seraphine')",0,1,1
"('Corki', 'Graves', 'Leona', 'Mordekaiser', 'Zac')",1,0,1
"('Darius', 'LeBlanc', 'Lee Sin', 'Lux', 'Varus')",1,0,1
"('Ivern', 'Jinx', 'Maokai', 'Twisted Fate', 'Yasuo')",0,1,1
"('Anivia', 'Caitlyn', ""Kha'Zix"", 'Thresh', 'Zac')",0,1,1
"('Ashe', 'Camille', 'Graves', 'Hwei', 'Seraphine')",1,0,1
"('Ezreal', 'Gragas', 'Hecarim', 'Orianna', 'Rakan')",1,0,1
"('Corki', 'Gragas', 'Graves', ""Kai'Sa"", 'Leona')",0,1,1
"('Aphelios', 'Braum', 'Hwei', ""Rek'Sai"", 'Teemo')",0,1,1
"('Ahri', 'Corki', 'Hecarim', 'Nautilus', 'Viego')",0,1,1
"('Cassiopeia', 'Dr. Mundo', 'Elise', 'Jinx', 'Renata Glasc')",0,1,1
"('Caitlyn', 'Corki', 'Nidalee', 'Pantheon', 'Rell')",0,1,1
"('Garen', 'Jhin', 'Lee Sin', 'Leona', 'Twisted Fate')",0,1,1
"('Ashe', 'Elise', 'Lux', 'Tryndamere', 'Zed')",1,0,1
"('Aurelion Sol', 'Draven', 'Ivern', 'Nautilus', 'Tryndamere')",1,0,1
"('Aphelios', 'Darius', 'Lee Sin', 'Thresh', 'Zoe')",1,0,1
"('Ashe', 'Galio', 'Seraphine', 'Skarner', 'Viego')",1,0,1
"('Gragas', 'Graves', 'Pyke', 'Taliyah', 'Varus')",1,0,1
"('Aurelion Sol', ""Kai'Sa"", 'Olaf', ""Rek'Sai"", 'Thresh')",1,0,1
"('Corki', ""Kai'Sa"", 'Malphite', ""Rek'Sai"", 'Thresh')",1,0,1
"('Cassiopeia', 'Jhin', 'Nunu & Willump', 'Poppy', 'Rell')",1,0,1
"('Graves', 'Hwei', 'Poppy', 'Sivir', 'Udyr')",1,0,1
"('Jhin', 'Kindred', 'Smolder', 'Syndra', 'Zac')",1,0,1
"('Akshan', ""K'Sante"", 'Nautilus', 'Nidalee', 'Zeri')",0,1,1
"('Corki', 'Dr. Mundo', 'Fiddlesticks', 'Heimerdinger', ""Kai'Sa"")",0,1,1
"('Ashe', 'Fiora', 'LeBlanc', 'Lee Sin', 'Lux')",1,0,1
"('Kalista', 'Karthus', 'Renata Glasc', 'Riven', 'Zoe')",1,0,1
"('Corki', 'Kennen', 'Orianna', 'Renata Glasc', 'Sylas')",1,0,1
"('Hwei', 'Kindred', 'Lux', 'Sivir', 'Twisted Fate')",1,0,1
"('Alistar', 'Graves', 'Jinx', 'Nocturne', 'Orianna')",1,0,1
"('Ezreal', 'Lux', 'Nidalee', 'Renekton', 'Tristana')",0,1,1
"('Brand', ""Kai'Sa"", 'Ornn', ""Rek'Sai"", 'Renata Glasc')",1,0,1
"('Draven', 'Jax', 'Katarina', 'Nidalee', 'Renata Glasc')",0,1,1
"('Ahri', 'Caitlyn', 'Camille', ""Kha'Zix"", 'Lux')",0,1,1
"('Azir', 'Corki', 'Lillia', 'Rell', 'Yone')",0,1,1
"('Corki', 'Fiora', 'Lux', 'Miss Fortune', 'Poppy')",0,1,1
"('Akali', 'Blitzcrank', ""Kai'Sa"", 'Nidalee', 'Tristana')",1,0,1
"('Akali', 'Caitlyn', 'Lux', 'Singed', 'Xin Zhao')",1,0,1
"('Galio', 'Jax', ""Kai'Sa"", 'Lee Sin', 'Rell')",1,0,1
"('Galio', ""Kai'Sa"", 'Lux', ""Rek'Sai"", 'Vayne')",1,0,1
"('Brand', ""Kai'Sa"", 'Skarner', 'Viego', 'Yone')",1,0,1
"('Caitlyn', 'Jayce', 'Kled', 'Lux', 'Nidalee')",0,1,1
"('Corki', 'Galio', 'Kayn', 'Nocturne', 'Renata Glasc')",1,0,1
"('Jayce', 'Lux', 'Nidalee', 'Varus', 'Viktor')",0,1,1
"('Braum', ""Kai'Sa"", 'Lillia', 'Rumble', 'Yone')",0,1,1
"('Jax', 'Jhin', 'Lillia', 'Lux', 'Tristana')",1,0,1
"('Graves', 'Lux', 'Olaf', 'Swain', 'Viego')",1,0,1
"('Katarina', 'Lux', 'Nunu & Willump', 'Renekton', 'Xayah')",0,1,1
"('Ashe', 'Blitzcrank', 'Katarina', 'Ornn', 'Taliyah')",1,0,1
"('Corki', 'Kennen', 'Lux', ""Rek'Sai"", 'Twitch')",1,0,1
"('Aurelion Sol', 'Kindred', 'Lux', 'Rumble', 'Zeri')",0,1,1
"('Akali', 'Jax', 'Lee Sin', 'Lux', 'Varus')",1,0,1
"('Heimerdinger', 'LeBlanc', 'Twisted Fate', 'Varus', 'Vi')",0,1,1
"('Kalista', 'Renata Glasc', 'Rumble', 'Skarner', 'Tristana')",0,1,1
"('Caitlyn', 'Fiora', 'Lux', 'Xin Zhao', 'Zoe')",1,0,1
"('Graves', 'Jayce', 'Lux', 'Ryze', 'Zeri')",0,1,1
"('Corki', 'Lux', 'Poppy', ""Rek'Sai"", 'Sylas')",0,1,1
"('Bard', 'Jayce', ""Kai'Sa"", 'Taliyah', 'Yone')",1,0,1
"('Caitlyn', 'Heimerdinger', 'Kindred', 'Lux', 'Zed')",1,0,1
"('Caitlyn', 'Fiora', 'Hwei', 'Lux', 'Rengar')",0,1,1
"('Corki', 'Kindred', 'Lux', 'Nasus', 'Yasuo')",1,0,1
"('Irelia', 'Jinx', 'Lillia', 'Milio', 'Ornn')",1,0,1
"('Caitlyn', 'Ekko', ""K'Sante"", 'Kindred', 'Lux')",1,0,1
"('Alistar', 'Cassiopeia', ""Kai'Sa"", 'LeBlanc', 'Viego')",1,0,1
"('Jax', 'Nidalee', 'Pantheon', 'Rakan', 'Zeri')",0,1,1
"('Blitzcrank', 'Graves', 'Hwei', 'Renekton', 'Zyra')",1,0,1
"('Bard', 'Gangplank', 'Hwei', 'Jinx', ""Kha'Zix"")",0,1,1
"('Aphelios', 'Lee Sin', 'Mordekaiser', 'Qiyana', 'Seraphine')",0,1,1
"('Hwei', 'Irelia', 'Jhin', 'Lee Sin', 'Lux')",1,0,1
"('Ashe', 'Bard', 'Graves', 'Nasus', 'Orianna')",1,0,1
"(""Kai'Sa"", 'Karthus', 'Mordekaiser', 'Rakan', 'Tristana')",0,1,1
"('Camille', 'Cassiopeia', 'Graves', 'Katarina', 'Vayne')",1,0,1
"('Ashe', ""Bel'Veth"", 'Katarina', 'Neeko', 'Rumble')",1,0,1
"('Ashe', 'Kindred', 'Mordekaiser', 'Pyke', 'Taliyah')",1,0,1
"('Akshan', 'Ashe', ""K'Sante"", 'Nautilus', 'Nidalee')",1,0,1
"('Jayce', 'Renekton', 'Skarner', 'Taliyah', 'Tristana')",1,0,1
"('Braum', 'Caitlyn', 'Camille', 'Syndra', 'Warwick')",0,1,1
"('Ashe', 'Ezreal', ""K'Sante"", 'Orianna', 'Taliyah')",0,1,1
"('Jayce', ""Kai'Sa"", 'Katarina', 'Rumble', 'Skarner')",0,1,1
"('Corki', 'Hwei', ""K'Sante"", 'Nidalee', 'Senna')",0,1,1
"(""Kog'Maw"", 'Lillia', 'Renata Glasc', 'Twisted Fate', 'Yone')",1,0,1
"('Nidalee', 'Pantheon', 'Renekton', 'Skarner', 'Tristana')",0,1,1
"('Camille', 'Ezreal', 'Graves', ""K'Sante"", 'Vex')",0,1,1
"('Akali', 'Caitlyn', 'Kayn', 'Lux', 'Pantheon')",1,0,1
"('Camille', 'Hecarim', 'Pyke', 'Samira', 'Zoe')",1,0,1
"('Akshan', 'Gragas', 'Jhin', 'Lux', ""Rek'Sai"")",1,0,1
"('Caitlyn', ""K'Sante"", 'Lee Sin', 'Lux', 'Rumble')",0,1,1
"('Anivia', 'Caitlyn', 'Lux', 'Skarner', 'Viego')",0,1,1
"('Caitlyn', 'Fiora', 'Hecarim', 'Lux', 'Twisted Fate')",1,0,1
"('Jayce', 'Karthus', 'Skarner', 'Varus', 'Yasuo')",1,0,1
"('Lux', 'Nidalee', 'Tristana', 'Twisted Fate', 'Varus')",1,0,1
"('Caitlyn', 'Jayce', 'Katarina', 'Lee Sin', 'Lux')",1,0,1
"('Akali', 'Graves', 'Hwei', 'Lux', 'Varus')",1,0,1
"('Kennen', 'LeBlanc', 'Skarner', 'Viego', 'Zeri')",0,1,1
"('Brand', 'Hecarim', 'Jax', 'Jinx', 'Skarner')",0,1,1
"('Camille', ""Kai'Sa"", 'Karthus', 'Qiyana', 'Skarner')",1,0,1
"('Aatrox', 'Jinx', 'Lux', 'Taliyah', 'Tristana')",0,1,1
"('Gnar', 'LeBlanc', 'Nautilus', 'Taliyah', 'Zeri')",1,0,1
"('Caitlyn', 'Kindred', 'Lux', 'Rumble', 'Talon')",0,1,1
"('Jayce', 'Kalista', 'Nasus', 'Nidalee', 'Renata Glasc')",0,1,1
"('Anivia', 'Camille', 'Kalista', 'Nautilus', 'Taliyah')",1,0,1
"('Caitlyn', 'Galio', ""K'Sante"", 'Lux', 'Xin Zhao')",0,1,1
"(""Bel'Veth"", 'Caitlyn', 'Lux', 'Twisted Fate', 'Vex')",1,0,1
"('Amumu', 'Ashe', 'Katarina', 'Lux', 'Riven')",1,0,1
"('Akshan', 'Hecarim', 'Heimerdinger', ""Kai'Sa"", 'Kennen')",0,1,1
"('Akali', 'Ashe', 'Graves', ""K'Sante"", 'Nautilus')",1,0,1
"(""Cho'Gath"", 'Graves', 'Hwei', 'Varus', 'Viego')",0,1,1
"('Jinx', ""K'Sante"", 'Thresh', 'Vex', 'Viego')",1,0,1
"('Ashe', 'Braum', 'Cassiopeia', ""Kha'Zix"", 'LeBlanc')",1,0,1
"('Fiddlesticks', 'Gragas', 'Hwei', 'Kalista', 'Renekton')",1,0,1
"('Cassiopeia', 'Corki', 'LeBlanc', 'Nautilus', 'Vi')",1,0,1
"(""Kai'Sa"", 'Kennen', 'Neeko', 'Yasuo', 'Zac')",1,0,1
"('Jax', ""K'Sante"", 'Seraphine', 'Zeri', 'Zyra')",0,1,1
"('Corki', 'Hwei', 'Jax', 'Lulu', 'Skarner')",1,0,1
"('Akali', 'Jax', 'Shen', 'Varus', 'Viego')",1,0,1
"('Jax', 'Rumble', 'Shen', 'Varus', 'Yasuo')",0,1,1
"('Alistar', 'Gwen', 'Kalista', 'Viego', 'Yone')",0,1,1
"('Braum', 'Jinx', 'Rumble', 'Viego', 'Yone')",0,1,1
"('Brand', 'Jhin', 'Kindred', 'Sylas', 'Teemo')",1,0,1
"('Jhin', 'Kindred', 'Leona', 'Orianna', 'Udyr')",1,0,1
"('Alistar', 'Darius', 'Draven', 'Elise', 'Twisted Fate')",1,0,1
"('Ashe', 'Blitzcrank', 'Graves', 'Hwei', 'Skarner')",1,0,1
"('Aatrox', 'Corki', 'Hecarim', 'Katarina', 'Nautilus')",0,1,1
"('Elise', 'Jax', 'Lux', 'Talon', 'Twitch')",1,0,1
"('Jayce', 'Lillia', 'Sivir', 'Yuumi', 'Ziggs')",0,1,1
"('Ashe', 'Darius', 'Lulu', 'Orianna', 'Viego')",1,0,1
"('Blitzcrank', ""K'Sante"", 'Kassadin', ""Kog'Maw"", 'Viego')",0,1,1
"('Blitzcrank', 'Ekko', 'Jax', ""Kai'Sa"", 'Tristana')",0,1,1
"('Hwei', ""Kai'Sa"", 'Rumble', 'Viego', 'Zyra')",1,0,1
"('Caitlyn', 'Fiora', 'Jax', 'Rell', 'Sylas')",1,0,1
"('Hecarim', 'Olaf', 'Soraka', 'Vex', 'Zeri')",0,1,1
"('Braum', 'Jinx', 'Lee Sin', 'Shen', 'Taliyah')",1,0,1
"('Akshan', 'Camille', 'Nidalee', 'Udyr', 'Varus')",1,0,1
"('Cassiopeia', 'Kindred', 'Nautilus', 'Renekton', 'Talon')",0,1,1
"('Ashe', 'Kennen', 'Nidalee', 'Rakan', 'Tristana')",1,0,1
"('Camille', 'Karthus', ""Kog'Maw"", 'Lulu', 'Yasuo')",0,1,1
"('Hwei', 'Nautilus', 'Olaf', 'Samira', 'Viego')",1,0,1
"('Darius', ""Kai'Sa"", ""Kha'Zix"", 'Rakan', 'Tristana')",0,1,1
"('Ahri', 'Corki', 'Kindred', 'Nautilus', 'Ryze')",0,1,1
"('Jhin', 'Maokai', 'Renata Glasc', 'Skarner', 'Tristana')",1,0,1
"('Corki', 'LeBlanc', 'Nautilus', 'Nidalee', 'Skarner')",1,0,1
"('Ahri', 'Alistar', 'Kennen', 'Samira', 'Viego')",1,0,1
"('Jinx', ""Kha'Zix"", 'Lulu', 'Neeko', 'Skarner')",0,1,1
"('Akali', 'Ashe', ""K'Sante"", 'Milio', 'Viego')",0,1,1
"('Caitlyn', 'Camille', 'Hwei', 'Kindred', 'Lux')",1,0,1
"('Heimerdinger', ""K'Sante"", 'Lee Sin', 'Lux', 'Zed')",0,1,1
"('Ahri', 'Caitlyn', 'Dr. Mundo', 'Lee Sin', 'Lux')",1,0,1
"(""Kai'Sa"", 'Lux', 'Qiyana', 'Rumble', 'Xin Zhao')",1,0,1
"('Caitlyn', 'Hwei', 'Jax', 'Lee Sin', 'Lux')",1,0,1
"('Caitlyn', 'Camille', 'Lillia', 'Lux', 'Tristana')",1,0,1
"('Kalista', 'Nidalee', 'Riven', 'Thresh', 'Yone')",0,1,1
"('Ashe', 'Jhin', 'Kennen', ""Rek'Sai"", 'Syndra')",0,1,1
"('Corki', 'Ezreal', 'Gragas', 'Rakan', 'Taliyah')",0,1,1
"('Gragas', 'Jhin', ""K'Sante"", 'Seraphine', 'Viego')",0,1,1
"('Caitlyn', 'Jax', 'Lux', 'Vex', 'Xin Zhao')",0,1,1
"('Ashe', 'Kindred', 'Lux', 'Nunu & Willump', 'Ornn')",0,1,1
"('Caitlyn', 'Lux', 'Skarner', 'Taliyah', 'Viego')",1,0,1
"('Caitlyn', 'Lux', ""Rek'Sai"", 'Taliyah', 'Tryndamere')",1,0,1
"(""Bel'Veth"", 'Hwei', 'Jhin', 'Leona', 'Mordekaiser')",1,0,1
"('Ashe', 'Jayce', 'Jhin', 'Kindred', 'Orianna')",0,1,1
"('Ezreal', 'LeBlanc', 'Lee Sin', 'Lux', 'Ryze')",1,0,1
"('Gwen', 'Lux', 'Varus', 'Volibear', 'Yasuo')",0,1,1
"('Caitlyn', 'Graves', 'Katarina', 'Lux', 'Vayne')",0,1,1
"('Caitlyn', 'Diana', ""K'Sante"", 'Lee Sin', 'Lux')",0,1,1
"('Caitlyn', 'Diana', 'Fiora', 'Lux', 'Tristana')",0,1,1
"('Aphelios', ""K'Sante"", 'Nidalee', 'Rell', 'Tristana')",0,1,1
"('Graves', ""Kai'Sa"", 'Kayle', 'Rell', 'Tristana')",1,0,1
"('Caitlyn', 'Hwei', 'Kindred', 'Poppy', 'Rumble')",0,1,1
"('Blitzcrank', 'Pantheon', 'Sylas', 'Viego', 'Zeri')",1,0,1
"('Darius', 'Jayce', 'Karthus', 'Nautilus', 'Samira')",1,0,1
"('Lucian', 'Nami', 'Qiyana', 'Rumble', 'Viego')",0,1,1
"('Aurelion Sol', 'Darius', 'Graves', 'Jinx', 'Rakan')",1,0,1
"('Camille', ""Kai'Sa"", 'Nautilus', 'Taliyah', 'Viego')",1,0,1
"('Lucian', 'Nami', 'Taliyah', 'Tristana', 'Twisted Fate')",1,0,1
"('Caitlyn', 'Diana', 'Lux', 'Skarner', 'Yasuo')",1,0,1
"('Caitlyn', 'Graves', 'Katarina', 'Lux', 'Skarner')",1,0,1
"('Caitlyn', 'Gnar', 'Lux', 'Rengar', 'Vex')",1,0,1
"('Elise', 'Ezreal', 'Lux', 'Sylas', 'Zed')",1,0,1
"('Ahri', 'Caitlyn', 'Darius', 'Lee Sin', 'Lux')",1,0,1
"('Jax', 'Lux', 'Rumble', 'Tristana', 'Varus')",1,0,1
"('Aphelios', 'Hwei', 'Renata Glasc', 'Urgot', 'Viego')",0,1,1
"('Aatrox', 'Brand', 'Corki', 'Master Yi', 'Pantheon')",0,1,1
"('Aatrox', 'Akshan', 'Ashe', 'Lillia', 'Nautilus')",0,1,1
"('Brand', 'Graves', 'Rumble', 'Varus', 'Yone')",0,1,1
"('Aurelion Sol', 'Hwei', 'Miss Fortune', 'Twisted Fate', 'Viego')",1,0,1
"('Ahri', 'Graves', 'Jayce', 'Nautilus', 'Tristana')",1,0,1
"('Jinx', 'Nautilus', 'Nidalee', 'Skarner', 'Tristana')",0,1,1
"('Blitzcrank', 'Malphite', 'Samira', 'Sejuani', 'Yone')",0,1,1
"('Blitzcrank', 'Hecarim', 'Rumble', 'Syndra', 'Tristana')",0,1,1
"('Blitzcrank', 'Camille', 'Corki', ""Kai'Sa"", 'Nidalee')",1,0,1
"('Gragas', 'Rell', 'Smolder', 'Sylas', 'Viego')",1,0,1
"('Jinx', 'Taliyah', 'Thresh', 'Vayne', 'Yone')",0,1,1
"('Akshan', 'Jinx', ""K'Sante"", 'Seraphine', 'Shyvana')",0,1,1
"('Briar', 'Corki', 'Rumble', 'Singed', 'Volibear')",0,1,1
"('Brand', 'Draven', 'Shen', 'Sylas', 'Viego')",0,1,1
"('Cassiopeia', 'Ezreal', 'Karma', 'Kayn', 'Tristana')",0,1,1
"('Corki', 'Draven', 'Nidalee', 'Pyke', 'Viego')",1,0,1
"('Camille', 'Fiddlesticks', 'Katarina', 'Rakan', 'Zeri')",0,1,1
"('Ashe', 'Jinx', ""K'Sante"", 'Katarina', ""Kha'Zix"")",1,0,1
"('Jax', ""Kai'Sa"", 'Kayn', 'Nautilus', 'Twisted Fate')",1,0,1
"('Jhin', 'Lee Sin', 'Lissandra', 'Lux', 'Ryze')",0,1,1
"('Akshan', 'Jax', 'Kalista', 'Pyke', 'Taliyah')",0,1,1
"('Fizz', ""K'Sante"", 'Kindred', 'Neeko', 'Zeri')",0,1,1
"('Ashe', 'Kled', 'Lux', 'Nidalee', 'Tryndamere')",1,0,1
"('Braum', 'Corki', 'Fiora', 'Nidalee', 'Yone')",0,1,1
"('Brand', 'Maokai', 'Mordekaiser', 'Senna', 'Yone')",0,1,1
"('Corki', 'Lee Sin', 'Lux', 'Taliyah', 'Tryndamere')",0,1,1
"('Akshan', ""K'Sante"", 'Nidalee', 'Thresh', 'Xayah')",0,1,1
"('Aphelios', 'Fiora', 'Lee Sin', 'Lulu', 'Sylas')",0,1,1
"('Bard', 'Jinx', 'Skarner', 'Taliyah', 'Yasuo')",1,0,1
"('Aatrox', 'Akshan', ""Kai'Sa"", 'Nidalee', 'Rell')",1,0,1
"('Ekko', ""Kai'Sa"", 'Lux', 'Urgot', 'Viego')",1,0,1
"('Corki', 'Leona', 'Nidalee', 'Talon', 'Twisted Fate')",1,0,1
"('Akshan', 'Alistar', 'Fiddlesticks', 'Gnar', 'Jhin')",1,0,1
"('Galio', 'Kindred', 'Malphite', 'Nautilus', 'Samira')",1,0,1
"('Bard', 'Caitlyn', 'Nidalee', 'Poppy', 'Tristana')",1,0,1
"('Aphelios', 'Blitzcrank', ""Rek'Sai"", 'Skarner', 'Syndra')",0,1,1
"('Akshan', 'Bard', 'Caitlyn', ""Rek'Sai"", 'Rumble')",1,0,1
"('Alistar', 'Riven', 'Seraphine', 'Taliyah', 'Tristana')",0,1,1
"('Ashe', ""Kha'Zix"", 'Leona', 'Riven', 'Sylas')",0,1,1
"('Fiora', 'Lee Sin', 'Rumble', 'Tristana', 'Zoe')",1,0,1
"('Corki', 'Mordekaiser', 'Rakan', 'Samira', 'Skarner')",1,0,1
"('Camille', 'Fiddlesticks', 'Jhin', 'Rell', 'Yasuo')",0,1,1
"('Corki', 'Darius', 'Poppy', 'Taliyah', 'Varus')",1,0,1
"('Ashe', 'Corki', 'Heimerdinger', 'Jhin', 'Nidalee')",0,1,1
"('Lee Sin', 'Nautilus', 'Renekton', 'Samira', 'Sylas')",0,1,1
"('Jhin', ""K'Sante"", 'Lillia', 'Lux', 'Tryndamere')",1,0,1
"('Corki', 'Jinx', 'Lillia', 'Maokai', 'Rumble')",0,1,1
"('Corki', 'Rakan', 'Renekton', 'Syndra', 'Viego')",1,0,1
"('Alistar', 'Corki', 'Hwei', 'Jax', 'Lee Sin')",1,0,1
"('Graves', 'Jhin', 'Orianna', 'Poppy', ""Vel'Koz"")",0,1,1
"('Brand', 'Graves', 'Jinx', 'Ornn', 'Syndra')",1,0,1
"('Aatrox', 'Akali', 'Ashe', 'Graves', 'Jinx')",1,0,1
"('LeBlanc', 'Lux', 'Teemo', 'Varus', 'Viego')",1,0,1
"('Caitlyn', 'Corki', 'Lux', 'Quinn', 'Taliyah')",0,1,1
"('Alistar', 'Aphelios', 'Hecarim', 'Renekton', 'Veigar')",0,1,1
"('Braum', 'Fiora', 'Gragas', 'Lucian', 'Talon')",0,1,1
"('Aphelios', 'Camille', 'Corki', 'Seraphine', 'Taliyah')",0,1,1
"('Ashe', 'Poppy', 'Pyke', 'Taliyah', 'Tristana')",1,0,1
"('Graves', ""K'Sante"", 'Nami', 'Nunu & Willump', 'Varus')",0,1,1
"('Lux', 'Nidalee', 'Tristana', 'Tryndamere', 'Ziggs')",1,0,1
"('Ahri', 'Cassiopeia', ""Kai'Sa"", ""Kha'Zix"", 'Lux')",0,1,1
"('LeBlanc', 'Shaco', 'Skarner', 'Taliyah', 'Varus')",1,0,1
"('Graves', 'Jhin', 'Kennen', 'Nautilus', 'Orianna')",1,0,1
"('Camille', 'Nidalee', 'Orianna', 'Rell', 'Zeri')",1,0,1
"('Brand', 'Gnar', ""Kai'Sa"", 'Xin Zhao', 'Zoe')",1,0,1
"('Blitzcrank', 'Corki', 'Ekko', 'Gwen', 'Jhin')",0,1,1
"('Corki', 'Nautilus', 'Nidalee', 'Olaf', 'Tristana')",0,1,1
"('Akali', 'Blitzcrank', ""Kai'Sa"", 'Kayn', 'Twisted Fate')",0,1,1
"('Ahri', 'Ashe', 'Jhin', 'Lee Sin', 'Viego')",0,1,1
"('Aphelios', 'Milio', 'Nidalee', 'Sion', 'Yasuo')",1,0,1
"('Azir', 'Pantheon', 'Varus', 'Xin Zhao', 'Zyra')",1,0,1
"('Cassiopeia', 'Galio', 'Jhin', 'Lux', 'Viego')",1,0,1
"('Ahri', 'Camille', 'Gnar', 'Graves', 'Jinx')",0,1,1
"('Azir', 'Hwei', 'Jayce', 'Varus', 'Viego')",1,0,1
"('Kalista', 'Taliyah', 'Thresh', 'Volibear', 'Yasuo')",0,1,1
"('Ezreal', 'Gwen', 'Jarvan IV', 'LeBlanc', 'Syndra')",1,0,1
"('Hwei', 'Kindred', 'Riven', 'Taric', 'Tristana')",0,1,1
"('Camille', 'Kalista', 'Rumble', 'Viego', 'Xerath')",1,0,1
"('Ashe', 'Corki', 'Nidalee', 'Renekton', 'Rumble')",1,0,1
"('Corki', 'Ivern', 'Renekton', 'Rengar', 'Taliyah')",1,0,1
"('Cassiopeia', 'Garen', 'Kindred', 'Nautilus', 'Syndra')",1,0,1
"('Corki', 'Nidalee', 'Nocturne', 'Pyke', 'Yone')",1,0,1
"('Illaoi', 'Karthus', 'Lulu', 'Yone', 'Zeri')",1,0,1
"('Lee Sin', 'Lucian', 'Nami', 'Nidalee', 'Yone')",0,1,1
"('Braum', 'Cassiopeia', 'Jinx', 'Nidalee', 'Renekton')",1,0,1
"('Braum', 'Jayce', 'Jinx', 'Nidalee', 'Skarner')",0,1,1
"('Gwen', ""K'Sante"", 'Kalista', 'Renata Glasc', 'Viego')",0,1,1
"('Aphelios', 'Kayle', 'Lillia', 'Lucian', 'Thresh')",1,0,1
"('Ashe', 'Braum', 'Kindred', 'Orianna', 'Rumble')",0,1,1
"(""Kai'Sa"", 'Nautilus', 'Rumble', 'Sylas', 'Viego')",1,0,1
"('Camille', 'Lee Sin', 'Rell', ""Vel'Koz"", 'Zeri')",0,1,1
"('Aphelios', 'Fiora', 'Sylas', 'Thresh', 'Viego')",0,1,1
"('Akshan', 'Cassiopeia', 'Fiddlesticks', ""Kai'Sa"", 'Rakan')",0,1,1
"('Akshan', 'Gwen', 'Kalista', 'Neeko', 'Viego')",0,1,1
"('Camille', 'Fiora', 'Fizz', 'Lee Sin', 'Samira')",1,0,1
"(""K'Sante"", 'Kindred', 'Rakan', 'Twitch', 'Viktor')",1,0,1
"(""Rek'Sai"", 'Rell', 'Rumble', 'Twisted Fate', 'Zeri')",0,1,1
"('Anivia', 'Caitlyn', 'Hecarim', 'Lux', 'Rengar')",1,0,1
"('LeBlanc', 'Lux', 'Poppy', 'Ryze', 'Varus')",0,1,1
"('Akali', 'Akshan', 'Jinx', 'Thresh', 'Viego')",1,0,1
"('Braum', 'Fiora', 'Irelia', 'Karthus', 'Lucian')",1,0,1
"('Bard', 'Nidalee', 'Tryndamere', 'Yone', 'Zeri')",1,0,1
"('Akali', 'Corki', 'Fizz', ""Rek'Sai"", 'Rell')",0,1,1
"('LeBlanc', 'Lee Sin', 'Maokai', 'Nidalee', 'Varus')",0,1,1
"('Alistar', 'Hwei', ""Kai'Sa"", 'Sion', 'Xin Zhao')",1,0,1
"('Draven', 'Fizz', 'Ivern', 'Nasus', 'Pyke')",0,1,1
"('Akshan', 'Maokai', 'Riven', 'Taliyah', 'Zeri')",1,0,1
"('Akshan', 'Draven', 'Lillia', 'Seraphine', 'Varus')",1,0,1
"('Ashe', 'Nautilus', 'Rengar', 'Sion', 'Taliyah')",0,1,1
"('Fizz', 'Ivern', 'Poppy', 'Renata Glasc', 'Varus')",0,1,1
"('Alistar', 'Hwei', 'Maokai', 'Varus', 'Viego')",1,0,1
"(""K'Sante"", 'Thresh', 'Tristana', 'Vi', 'Ziggs')",0,1,1
"('Anivia', 'Hwei', 'Jhin', 'Maokai', ""Rek'Sai"")",1,0,1
"('Jhin', 'Leona', 'Sion', 'Skarner', 'Yone')",1,0,1
"('Braum', 'Camille', 'Fizz', 'Jinx', 'Viego')",0,1,1
"('Fizz', 'Gwen', 'Nilah', 'Senna', 'Viego')",0,1,1
"('Camille', 'Draven', 'Nidalee', 'Rell', 'Sion')",1,0,1
"('Jayce', 'Rakan', 'Skarner', 'Taliyah', 'Zeri')",0,1,1
"('Ahri', 'Lucian', 'Nami', 'Vi', 'Viego')",1,0,1
"('Akshan', 'Ashe', 'Braum', ""K'Sante"", 'Nidalee')",1,0,1
"('Akshan', 'Ashe', 'Camille', 'Gragas', 'Kayle')",1,0,1
"('Akshan', 'Jhin', 'Seraphine', 'Viego', 'Volibear')",1,0,1
"('Leona', 'Lillia', 'Pantheon', 'Yone', 'Zeri')",1,0,1
"('Akali', 'Jinx', 'Kindred', 'Skarner', 'Soraka')",1,0,1
"('Bard', 'Fiddlesticks', 'Jhin', 'Viktor', 'Yasuo')",1,0,1
"('Neeko', 'Senna', 'Sion', 'Viego', 'Xerath')",0,1,1
"('Blitzcrank', 'Corki', 'Galio', 'Pantheon', 'Viego')",0,1,1
"('Lee Sin', 'Rell', 'Rumble', 'Samira', 'Tristana')",1,0,1
"('Kalista', 'LeBlanc', 'Nunu & Willump', 'Renata Glasc', 'Skarner')",1,0,1
"('Blitzcrank', 'Jax', 'Yasuo', 'Zac', 'Zeri')",1,0,1
"('Anivia', 'Hecarim', 'Rakan', 'Twisted Fate', 'Xayah')",0,1,1
"('Aphelios', 'Master Yi', 'Orianna', 'Skarner', 'Thresh')",0,1,1
"('Braum', 'Caitlyn', 'Galio', ""K'Sante"", 'Vi')",0,1,1
"('Alistar', 'Brand', 'Gragas', 'Samira', 'Yone')",0,1,1
"('Gragas', 'Jax', 'Jinx', 'Lee Sin', 'Rakan')",0,1,1
"('Alistar', ""Kai'Sa"", 'Lee Sin', 'Skarner', 'Vex')",0,1,1
"('Hwei', 'Jinx', 'Kindred', 'Skarner', 'Thresh')",0,1,1
"('Lee Sin', 'Lucian', 'Nami', 'Riven', 'Tristana')",0,1,1
"('Camille', 'Samira', 'Taliyah', 'Twisted Fate', 'Yone')",1,0,1
"('Galio', 'Irelia', 'Jax', 'Jinx', 'Thresh')",1,0,1
"('Camille', 'Corki', 'Hwei', 'Skarner', 'Thresh')",0,1,1
"(""Kai'Sa"", 'Pantheon', 'Rakan', 'Taliyah', 'Viego')",0,1,1
"('Akshan', ""K'Sante"", 'Lillia', 'Rakan', 'Xayah')",1,0,1
"('Corki', 'Master Yi', 'Nautilus', 'Riven', 'Syndra')",1,0,1
"('Irelia', 'Jax', 'Lucian', 'Nami', 'Veigar')",1,0,1
"('Nautilus', 'Twitch', 'Vladimir', 'Xin Zhao', 'Zoe')",1,0,1
"('Akali', 'Nocturne', 'Rakan', ""Rek'Sai"", 'Twitch')",1,0,1
"('Corki', 'Gwen', ""Kai'Sa"", 'Nautilus', 'Viego')",1,0,1
"('Corki', 'Diana', 'Rell', 'Taliyah', 'Yone')",1,0,1
"('Akshan', 'Braum', 'Kindred', 'Riven', 'Varus')",0,1,1
"('Blitzcrank', 'Corki', ""Kai'Sa"", 'Nidalee', 'Renekton')",1,0,1
"('Camille', 'Graves', 'Hwei', 'Jhin', 'Rakan')",0,1,1
"('Jinx', 'Karthus', 'Nautilus', 'Olaf', 'Poppy')",0,1,1
"('Corki', 'Lulu', 'Taliyah', 'Twisted Fate', 'Xerath')",0,1,1
"('Aurelion Sol', 'Fiora', 'Miss Fortune', 'Nautilus', 'Xin Zhao')",1,0,1
"('Azir', 'Bard', 'Graves', 'Jax', 'Jhin')",0,1,1
"('Hwei', 'Kled', 'Rell', 'Samira', 'Viego')",0,1,1
"('Blitzcrank', 'Hwei', ""K'Sante"", 'Lee Sin', 'Samira')",0,1,1
"('Corki', 'Lee Sin', 'Lucian', 'Rakan', 'Viego')",1,0,1
"('Alistar', 'Hwei', 'Jayce', 'Jhin', 'Kindred')",1,0,1
"(""Kai'Sa"", 'Master Yi', 'Rell', 'Skarner', 'Taliyah')",1,0,1
"('Akshan', 'Kled', 'Lucian', 'Nami', 'Nidalee')",0,1,1
"('Graves', ""Kai'Sa"", 'LeBlanc', 'Thresh', 'Yone')",1,0,1
"('Camille', 'Janna', 'LeBlanc', 'Lucian', 'Master Yi')",1,0,1
"(""Kai'Sa"", 'Master Yi', 'Nautilus', 'Riven', 'Yasuo')",0,1,1
"('Ashe', 'Gragas', 'Nunu & Willump', 'Seraphine', 'Talon')",0,1,1
"('Ashe', 'Aurelion Sol', 'Lee Sin', 'Malphite', 'Nautilus')",1,0,1
"('Bard', ""Kog'Maw"", 'Malphite', 'Smolder', 'Taliyah')",0,1,1
"('Jinx', 'Kennen', 'Master Yi', 'Thresh', 'Volibear')",1,0,1
"('Aatrox', 'Lucian', 'Master Yi', 'Morgana', 'Talon')",1,0,1
"(""Kog'Maw"", 'Ornn', 'Poppy', 'Vi', 'Yasuo')",0,1,1
"('Ezreal', 'Lissandra', 'Master Yi', 'Nautilus', 'Quinn')",1,0,1
"('Ashe', 'Hecarim', 'Rumble', 'Seraphine', 'Zoe')",0,1,1
"('Katarina', 'Kled', 'Master Yi', 'Nautilus', 'Zeri')",1,0,1
"('Ashe', 'Master Yi', 'Riven', 'Taric', 'Vex')",1,0,1
"('Aphelios', 'Brand', 'Fiora', 'Master Yi', 'Taric')",1,0,1
"('Camille', 'Corki', 'Hwei', 'Master Yi', 'Taric')",1,0,1
"('Alistar', 'Ashe', 'Master Yi', ""Rek'Sai"", 'Syndra')",0,1,1
"('Ashe', 'Dr. Mundo', 'Jarvan IV', 'Varus', 'Zoe')",1,0,1
"('Alistar', 'Camille', 'Elise', 'Tristana', 'Varus')",1,0,1
"('Darius', 'Jinx', 'Master Yi', 'Thresh', 'Viktor')",1,0,1
"('Ahri', 'Gnar', 'Graves', 'Lux', 'Xayah')",0,1,1
"('Blitzcrank', 'Kalista', 'Kennen', 'Viego', 'Viktor')",1,0,1
"('Fizz', 'Graves', 'Rakan', 'Riven', 'Ziggs')",1,0,1
"('Garen', 'Kindred', 'Rumble', 'Twitch', 'Vex')",0,1,1
"('Jax', 'Nidalee', 'Samira', 'Thresh', 'Yone')",0,1,1
"('Aurelion Sol', 'Kled', 'Lee Sin', 'Renata Glasc', 'Twitch')",0,1,1
"('Ashe', 'Jarvan IV', 'Jinx', 'Rumble', 'Tristana')",1,0,1
"('Braum', 'Kennen', 'Rengar', 'Vayne', 'Yasuo')",0,1,1
"('Ashe', 'Fiora', 'Lux', 'Taliyah', 'Talon')",0,1,1
"('Akshan', 'Fiddlesticks', ""Kai'Sa"", 'Nautilus', 'Quinn')",1,0,1
"(""Bel'Veth"", 'Draven', 'Kennen', 'Renata Glasc', 'Yone')",0,1,1
"('Caitlyn', 'Camille', 'Heimerdinger', 'Vex', 'Viego')",0,1,1
"(""K'Sante"", 'Karthus', 'Neeko', 'Nilah', 'Tristana')",0,1,1
"('Lee Sin', 'Lux', 'Renekton', 'Varus', 'Vex')",0,1,1
"('Gragas', 'Hwei', 'Nilah', 'Rakan', 'Viego')",0,1,1
"(""Bel'Veth"", 'Rumble', 'Taliyah', 'Thresh', 'Varus')",1,0,1
"('Renekton', 'Taliyah', 'Thresh', 'Twisted Fate', 'Yone')",1,0,1
"('Ahri', 'Gnar', 'Jinx', 'Lulu', 'Master Yi')",1,0,1
"('Alistar', 'Gwen', 'Hwei', 'Jhin', 'Master Yi')",1,0,1
"('Galio', 'Graves', 'Skarner', 'Xayah', 'Zyra')",0,1,1
"('Alistar', 'Jinx', 'Master Yi', 'Rumble', 'Yasuo')",0,1,1
"('Alistar', 'Camille', 'Karma', 'Master Yi', 'Nilah')",1,0,1
"('Jax', 'Master Yi', 'Nidalee', 'Pyke', 'Varus')",1,0,1
"('Aatrox', 'Akali', 'Corki', 'Master Yi', 'Soraka')",1,0,1
"('Ashe', 'Azir', 'Master Yi', 'Seraphine', 'Zac')",0,1,1
"('Aphelios', 'Lulu', 'Master Yi', 'Shen', 'Skarner')",0,1,1
"(""Kai'Sa"", 'Poppy', 'Qiyana', 'Renekton', 'Taliyah')",1,0,1
"('Ashe', 'Fiddlesticks', 'Jax', 'LeBlanc', 'Master Yi')",0,1,1
"('Gragas', 'Master Yi', 'Seraphine', 'Smolder', 'Zed')",1,0,1
"('Ezreal', 'LeBlanc', 'Master Yi', 'Rell', 'Tryndamere')",1,0,1
"('Master Yi', 'Nautilus', 'Taliyah', 'Varus', 'Zed')",1,0,1
"('Galio', 'Master Yi', 'Ornn', 'Rakan', 'Xayah')",0,1,1
"('Hwei', 'Jhin', 'Master Yi', 'Rell', 'Rumble')",1,0,1
"('Hwei', 'Irelia', 'Lee Sin', 'Varus', 'Zyra')",0,1,1
"('Hwei', 'Jhin', 'Master Yi', 'Pantheon', 'Skarner')",0,1,1
"('Camille', ""Kai'Sa"", 'Master Yi', 'Rakan', 'Singed')",1,0,1
"('Jayce', 'Master Yi', 'Rumble', 'Yuumi', 'Zeri')",1,0,1
"('Ashe', 'Cassiopeia', 'Heimerdinger', 'Master Yi', 'Twisted Fate')",1,0,1
"('Akali', 'Corki', 'Fiora', 'Master Yi', 'Rell')",1,0,1
"('Azir', 'Corki', 'Gnar', 'Master Yi', 'Pyke')",1,0,1
"('Lucian', 'Master Yi', 'Morgana', 'Nami', 'Tahm Kench')",1,0,1
"('Ezreal', 'Irelia', 'Master Yi', 'Rell', 'Zoe')",1,0,1
"('Aphelios', 'Irelia', 'Shen', 'Thresh', 'Volibear')",0,1,1
"('Blitzcrank', 'Galio', ""Kai'Sa"", 'Master Yi', 'Tryndamere')",0,1,1
"('Master Yi', 'Rell', 'Varus', 'Viego', 'Volibear')",1,0,1
"('Blitzcrank', ""Cho'Gath"", 'Hwei', 'Master Yi', 'Sivir')",1,0,1
"('Master Yi', 'Nautilus', 'Swain', 'Viego', 'Yasuo')",0,1,1
"('Hwei', 'Jinx', 'Master Yi', 'Rell', 'Volibear')",1,0,1
"('Blitzcrank', 'Galio', 'Gwen', 'Master Yi', 'Sivir')",0,1,1
"(""Kai'Sa"", 'Katarina', 'Master Yi', 'Rell', 'Vayne')",0,1,1
"('Aphelios', 'Malphite', 'Master Yi', 'Morgana', 'Qiyana')",0,1,1
"('Caitlyn', 'Fiora', 'Lux', 'Master Yi', 'Ornn')",0,1,1
"('Alistar', ""Bel'Veth"", ""Kai'Sa"", 'Master Yi', 'Viego')",1,0,1
"('Aphelios', 'Master Yi', 'Shen', 'Thresh', 'Viego')",1,0,1
"('Caitlyn', 'Irelia', 'Katarina', 'Master Yi', 'Neeko')",1,0,1
"('Ashe', 'Hwei', 'Kayn', 'Varus', 'Yone')",0,1,1
"('Fiddlesticks', ""Kai'Sa"", 'Nautilus', 'Skarner', 'Yone')",1,0,1
"('Blitzcrank', 'Camille', 'Diana', 'Tristana', 'Viego')",0,1,1
"('Corki', ""Kai'Sa"", 'Pyke', 'Skarner', 'Taliyah')",0,1,1
"('Corki', 'Kalista', 'Lillia', 'Tryndamere', 'Twitch')",1,0,1
"('Irelia', 'Jayce', 'Nautilus', 'Taliyah', 'Varus')",1,0,1
"('Karthus', 'Rengar', 'Smolder', 'Tristana', ""Vel'Koz"")",1,0,1
"('Azir', 'Jhin', 'Lee Sin', 'Neeko', 'Rumble')",0,1,1
"('Aurelion Sol', 'Lucian', 'Nami', 'Rammus', 'Vayne')",1,0,1
"('Corki', 'Lee Sin', 'Lucian', 'Nami', ""Vel'Koz"")",1,0,1
"('Akali', 'Blitzcrank', 'Lee Sin', 'Lucian', 'Syndra')",0,1,1
"('Hwei', 'LeBlanc', 'Nocturne', 'Sivir', 'Viego')",1,0,1
"('Lee Sin', 'Tryndamere', 'Varus', 'Vladimir', 'Xerath')",1,0,1
"('Diana', ""K'Sante"", 'Nilah', ""Rek'Sai"", 'Senna')",1,0,1
"('Lux', 'Skarner', 'Taliyah', 'Viego', 'Xayah')",1,0,1
"('Aatrox', 'Lulu', 'Malzahar', 'Master Yi', 'Nilah')",0,1,1
"('Jax', 'Lux', 'Neeko', 'Smolder', 'Viego')",0,1,1
"('Gnar', 'Heimerdinger', 'Hwei', 'Sivir', 'Viego')",0,1,1
"('Aatrox', 'Ahri', 'Lulu', 'Nilah', 'Viego')",1,0,1
"('Akali', 'Ashe', 'Darius', 'Renata Glasc', 'Viego')",1,0,1
"('Aurelion Sol', 'Kindred', 'Malphite', 'Nilah', 'Zac')",1,0,1
"('Ashe', 'Irelia', 'Lee Sin', 'Rakan', 'Swain')",0,1,1
"('Graves', 'Olaf', 'Renata Glasc', 'Twisted Fate', 'Varus')",1,0,1
"('Aatrox', 'Corki', 'Nautilus', 'Nidalee', 'Tristana')",1,0,1
"('Kalista', 'LeBlanc', 'Lux', ""Rek'Sai"", 'Teemo')",0,1,1
"('Kindred', 'LeBlanc', 'Pantheon', 'Rell', 'Xayah')",0,1,1
"('Alistar', 'Ashe', 'Elise', ""K'Sante"", 'Tristana')",1,0,1
"('Ahri', 'Gragas', ""Kai'Sa"", 'Pyke', 'Skarner')",0,1,1
"('Ashe', 'Corki', 'Graves', 'Leona', 'Zoe')",0,1,1
"('Ahri', 'Jhin', 'Kindred', 'Nautilus', 'Vayne')",0,1,1
"('Corki', 'Gangplank', 'Lillia', 'Lissandra', 'Rell')",1,0,1
"('Brand', 'Elise', 'Gragas', 'Jhin', 'Qiyana')",0,1,1
"('Brand', 'Hecarim', 'Jinx', 'Sylas', 'Warwick')",1,0,1
"('Ashe', 'Braum', 'Jax', 'Nidalee', 'Yone')",1,0,1
"('Ezreal', 'Hwei', 'Shen', 'Viego', 'Xerath')",0,1,1
"('Elise', ""Kai'Sa"", 'Leona', 'Ornn', 'Tristana')",0,1,1
"('Hecarim', 'Kalista', 'Malphite', 'Poppy', 'Twisted Fate')",0,1,1
"('Aurelion Sol', 'Heimerdinger', 'Jinx', 'Poppy', ""Rek'Sai"")",0,1,1
"('Corki', 'LeBlanc', 'Lux', 'Rengar', 'Rumble')",1,0,1
"('Lux', 'Nidalee', 'Skarner', 'Tristana', 'Varus')",1,0,1
"('Ashe', 'Jayce', 'Skarner', 'Sylas', 'Varus')",0,1,1
"(""K'Sante"", 'Lucian', 'Nami', 'Nidalee', 'Yasuo')",1,0,1
"('Blitzcrank', 'Gwen', 'Lee Sin', 'Singed', 'Varus')",0,1,1
"('Ashe', 'Corki', 'Nidalee', 'Shaco', 'Zac')",1,0,1
"('Corki', 'Ivern', ""Kai'Sa"", 'Maokai', 'Seraphine')",0,1,1
"('Ashe', 'Lux', 'Seraphine', 'Shaco', 'Vayne')",1,0,1
"('Akshan', 'Gragas', 'Seraphine', 'Tahm Kench', 'Zeri')",1,0,1
"('Aphelios', 'Corki', 'Jax', 'Karthus', 'Thresh')",1,0,1
"('Ashe', 'Brand', 'Jayce', 'Nidalee', 'Yasuo')",1,0,1
"('LeBlanc', 'Lucian', 'Nami', 'Poppy', 'Rumble')",1,0,1
"('Bard', 'Renekton', 'Rumble', 'Sivir', 'Xin Zhao')",0,1,1
"('Ashe', 'Diana', 'Seraphine', 'Vayne', 'Yone')",0,1,1
"('Ashe', 'Cassiopeia', 'Twisted Fate', 'Varus', 'Viego')",0,1,1
"('Blitzcrank', 'Lucian', 'Nocturne', 'Renekton', 'Sylas')",1,0,1
"(""Kha'Zix"", 'Nasus', 'Nautilus', 'Neeko', 'Nilah')",1,0,1
"('Ekko', ""Kha'Zix"", 'Nautilus', 'Samira', 'Skarner')",1,0,1
"('Caitlyn', 'Graves', 'Hwei', 'Milio', 'Skarner')",0,1,1
"('Ekko', 'Nautilus', 'Pantheon', 'Ryze', 'Samira')",1,0,1
"('Alistar', 'Anivia', 'Samira', 'Viego', 'Volibear')",0,1,1
"('Alistar', 'Anivia', 'Ekko', 'Renekton', 'Samira')",1,0,1
"('Aatrox', 'Azir', 'Ekko', 'Nautilus', 'Nilah')",0,1,1
"('Bard', 'Jayce', 'Lillia', 'Smolder', 'Udyr')",1,0,1
"('Ashe', 'Nidalee', 'Syndra', 'Warwick', 'Zeri')",0,1,1
"('Ahri', 'Hecarim', 'Lux', 'Poppy', 'Zeri')",0,1,1
"(""Bel'Veth"", 'Fiora', 'Orianna', 'Sona', 'Zeri')",1,0,1
"('Aatrox', 'Braum', 'Corki', 'Lillia', 'Yone')",0,1,1
"('Amumu', 'Lillia', 'Lucian', 'Talon', 'Twisted Fate')",1,0,1
"('Jax', 'Jinx', 'Orianna', 'Poppy', ""Rek'Sai"")",1,0,1
"('Karthus', 'Nilah', 'Rell', 'Rumble', 'Tryndamere')",0,1,1
"('Aatrox', 'Graves', 'Jinx', 'Lulu', 'Zoe')",1,0,1
"('Hecarim', 'Hwei', 'Jhin', 'Rakan', 'Twisted Fate')",0,1,1
"('Irelia', 'Lillia', 'Nautilus', 'Nilah', 'Tristana')",0,1,1
"('Karthus', 'Lulu', 'Nasus', 'Rakan', 'Samira')",1,0,1
"('Galio', 'Jarvan IV', 'Olaf', 'Samira', 'Zac')",1,0,1
"('Illaoi', 'Lee Sin', 'Rumble', 'Sivir', 'Zoe')",0,1,1
"('Fiora', 'Nidalee', 'Rell', 'Samira', 'Sylas')",1,0,1
"('Lux', ""Rek'Sai"", 'Riven', 'Twisted Fate', 'Zeri')",1,0,1
"('Camille', 'Diana', 'Hwei', 'Jhin', 'Skarner')",0,1,1
"('Ahri', 'Jayce', 'Nautilus', 'Samira', 'Shaco')",0,1,1
"('Gnar', 'Nautilus', 'Rumble', 'Samira', 'Tristana')",1,0,1
"('Blitzcrank', 'Jayce', 'Katarina', 'Nidalee', 'Samira')",0,1,1
"('Lucian', 'Poppy', 'Rumble', 'Tryndamere', 'Yuumi')",1,0,1
"(""Kai'Sa"", 'Lee Sin', 'Nautilus', 'Swain', 'Vayne')",0,1,1
"('Alistar', 'Fizz', 'Nocturne', 'Riven', 'Varus')",1,0,1
"('Irelia', 'Kalista', ""Rek'Sai"", 'Thresh', 'Zoe')",1,0,1
"('Fiora', 'Gragas', 'Taliyah', 'Tristana', 'Zeri')",0,1,1
"('Ashe', 'Azir', 'Gragas', 'Graves', 'Ornn')",1,0,1
"('Darius', 'Fiddlesticks', 'Jinx', 'Maokai', 'Pantheon')",1,0,1
"('Galio', 'Gragas', 'Jax', 'Olaf', 'Zeri')",0,1,1
"('Corki', 'Gragas', 'Nidalee', 'Tryndamere', 'Twisted Fate')",1,0,1
"('Ashe', 'Gragas', 'Qiyana', 'Taliyah', 'Udyr')",0,1,1
"('Jhin', 'Rell', 'Tryndamere', 'Viego', 'Zoe')",0,1,1
"('Dr. Mundo', 'Gragas', 'Graves', ""Kai'Sa"", 'Lissandra')",1,0,1
"('Camille', 'Gragas', 'Kindred', 'Varus', 'Vex')",0,1,1
"('Corki', 'Maokai', 'Renekton', 'Taliyah', 'Veigar')",1,0,1
"('Brand', 'Garen', 'Gragas', 'Jinx', 'Tristana')",0,1,1
"('Corki', 'Gragas', 'Kindred', 'Shen', 'Yasuo')",0,1,1
"('Gragas', 'Hwei', 'Jhin', 'Renekton', 'Rengar')",0,1,1
"('Jayce', 'Jinx', 'Kennen', 'Neeko', 'Nidalee')",0,1,1
"('Akali', 'Gragas', ""Kog'Maw"", 'Pantheon', 'Vayne')",0,1,1
"('Ashe', 'Azir', 'Gnar', 'Seraphine', 'Viego')",0,1,1
"('Nautilus', 'Nidalee', 'Poppy', 'Smolder', 'Tristana')",1,0,1
"('Alistar', 'Ashe', ""Bel'Veth"", 'Fiora', 'Katarina')",0,1,1
"('Draven', 'Nautilus', ""Rek'Sai"", 'Skarner', 'Zoe')",0,1,1
"('Aatrox', ""Bel'Veth"", 'Jayce', 'Yuumi', 'Zeri')",1,0,1
"('Aatrox', 'Corki', 'Jayce', 'Lillia', 'Maokai')",1,0,1
"('Camille', 'Jinx', 'Kassadin', 'Nautilus', 'Viego')",1,0,1
"('Nami', 'Nidalee', 'Renekton', 'Varus', 'Yasuo')",1,0,1
"('Alistar', ""K'Sante"", 'Neeko', ""Rek'Sai"", 'Tristana')",0,1,1
"('Aphelios', 'Fiora', 'Neeko', 'Thresh', 'Viego')",1,0,1
"('Fiora', 'Hwei', 'Nautilus', ""Rek'Sai"", 'Varus')",1,0,1
"('Akshan', 'Kalista', 'Maokai', 'Renata Glasc', 'Taliyah')",1,0,1
"('Aatrox', 'Shen', 'Varus', 'Vex', 'Viego')",1,0,1
"('Corki', 'Jax', 'Maokai', 'Nunu & Willump', 'Ryze')",1,0,1
"('Jayce', 'Jhin', 'Rell', 'Rumble', 'Viego')",1,0,1
"(""Bel'Veth"", ""K'Sante"", 'Nautilus', 'Qiyana', 'Sivir')",0,1,1
"('Blitzcrank', 'Hwei', 'Kalista', 'Malphite', ""Rek'Sai"")",1,0,1
"('Ezreal', 'Jax', 'Lee Sin', 'Rumble', 'Seraphine')",1,0,1
"('Akshan', 'Ashe', 'Maokai', 'Rumble', 'Taliyah')",0,1,1
"('Evelynn', 'Galio', 'Gragas', 'Jax', 'Kalista')",0,1,1
"('Ashe', 'Camille', 'Jax', 'Nidalee', 'Twisted Fate')",1,0,1
"('Elise', 'Galio', ""Kai'Sa"", 'Qiyana', 'Udyr')",0,1,1
"('Aphelios', 'Corki', 'Gragas', 'Nidalee', 'Renekton')",1,0,1
"('Annie', 'Poppy', ""Rek'Sai"", 'Skarner', 'Zeri')",1,0,1
"(""Kai'Sa"", 'Nidalee', 'Rell', 'Volibear', 'Yasuo')",1,0,1
"('Akali', 'Lulu', 'Rengar', 'Viego', 'Zeri')",1,0,1
"('Ashe', 'Nautilus', ""Rek'Sai"", 'Sett', 'Viktor')",1,0,1
"('Akali', 'Graves', 'Heimerdinger', 'Pyke', 'Riven')",1,0,1
"('Gragas', 'Jax', ""Kai'Sa"", 'Maokai', 'Yasuo')",0,1,1
"('Corki', 'Diana', 'Olaf', 'Thresh', 'Yasuo')",1,0,1
"('Akali', 'Alistar', 'Camille', 'Xin Zhao', 'Zeri')",1,0,1
"('Ezreal', 'Fiddlesticks', 'Jayce', 'Rakan', 'Yasuo')",1,0,1
"('Braum', ""Cho'Gath"", ""Rek'Sai"", 'Tristana', 'Zac')",1,0,1
"(""Kai'Sa"", 'Nidalee', 'Rell', 'Renekton', 'Yasuo')",1,0,1
"(""Kai'Sa"", ""Rek'Sai"", 'Rell', 'Renekton', 'Sylas')",1,0,1
"('Alistar', ""Kai'Sa"", 'Renekton', 'Taliyah', 'Yasuo')",1,0,1
"('Ahri', 'Aphelios', 'Lulu', 'Olaf', ""Rek'Sai"")",1,0,1
"('Draven', 'Hwei', 'Jax', 'Nautilus', ""Rek'Sai"")",1,0,1
"('Fiora', 'Neeko', 'Varus', 'Viego', 'Yasuo')",1,0,1
"('Azir', 'Jhin', 'Nautilus', ""Rek'Sai"", 'Tristana')",1,0,1
"('Braum', 'Fiora', 'Jhin', 'Taliyah', 'Tristana')",0,1,1
"('Ashe', 'Gragas', 'Lulu', 'Poppy', 'Yasuo')",1,0,1
"('Corki', 'Hecarim', 'Leona', 'Taliyah', 'Twisted Fate')",0,1,1
"('Jayce', 'Nidalee', 'Varus', 'Viego', 'Zyra')",1,0,1
"('Camille', 'Nautilus', 'Nidalee', 'Twisted Fate', 'Varus')",0,1,1
"('Alistar', ""Kai'Sa"", 'Rumble', 'Viego', 'Zed')",1,0,1
"('Corki', 'Ivern', 'Nautilus', 'Skarner', 'Viego')",0,1,1
"('Bard', 'Gragas', 'Jhin', 'Xin Zhao', 'Yone')",0,1,1
"('Jinx', 'Lissandra', 'Nidalee', 'Olaf', 'Thresh')",1,0,1
"('Ashe', 'Brand', 'Kennen', 'Seraphine', 'Yasuo')",0,1,1
"('Aatrox', 'Ashe', 'Karthus', 'Rell', 'Twisted Fate')",1,0,1
"('Hwei', 'Jinx', 'Kennen', ""Rek'Sai"", 'Thresh')",0,1,1
"('Jinx', ""Rek'Sai"", 'Syndra', 'Thresh', 'Vayne')",1,0,1
"('Alistar', 'Fiora', 'Nidalee', 'Yasuo', 'Zeri')",1,0,1
"('Blitzcrank', 'Draven', 'Katarina', 'Ornn', ""Rek'Sai"")",1,0,1
"('Poppy', 'Syndra', 'Vi', 'Yone', 'Zeri')",1,0,1
"(""K'Sante"", 'Lulu', 'Orianna', 'Viego', 'Zeri')",0,1,1
"('Gwen', 'Mordekaiser', 'Smolder', 'Thresh', 'Yasuo')",0,1,1
"(""Kai'Sa"", 'Lulu', ""Rek'Sai"", 'Swain', 'Yone')",1,0,1
"('Ashe', 'Malphite', 'Nidalee', 'Senna', 'Yasuo')",0,1,1
"('Diana', ""Kai'Sa"", 'Olaf', 'Rell', 'Yasuo')",0,1,1
"('Hwei', 'Jinx', ""K'Sante"", 'Pyke', ""Rek'Sai"")",0,1,1
"('Corki', ""K'Sante"", 'Master Yi', 'Wukong', 'Zac')",0,1,1
"('Aurelion Sol', 'Heimerdinger', 'Pyke', 'Vayne', 'Viego')",0,1,1
"('Lillia', 'Renekton', 'Thresh', 'Tristana', 'Varus')",1,0,1
"('Jhin', 'Kled', 'Pyke', 'Rengar', 'Zoe')",1,0,1
"('Blitzcrank', 'Jinx', 'Nunu & Willump', 'Rengar', 'Rumble')",1,0,1
"('Aphelios', 'Fiora', 'Maokai', 'Qiyana', 'Taliyah')",0,1,1
"(""Kai'Sa"", 'Kindred', 'LeBlanc', 'Sett', 'Zac')",1,0,1
"('Braum', 'Camille', 'Hwei', 'Jinx', 'Rengar')",0,1,1
"('Jinx', 'Nautilus', 'Rengar', 'Rumble', 'Tristana')",1,0,1
"('Camille', 'Hwei', 'Kindred', 'Varus', 'Zac')",1,0,1
"('Caitlyn', 'Gragas', 'LeBlanc', 'Ornn', 'Skarner')",0,1,1
"(""Kai'Sa"", 'Mordekaiser', 'Rell', 'Rengar', 'Skarner')",0,1,1
"('Brand', 'Maokai', 'Taliyah', 'Twisted Fate', 'Zeri')",0,1,1
"('Fiora', 'Gragas', 'Renekton', 'Taliyah', 'Twitch')",0,1,1
"('Akali', 'Ashe', 'Hwei', 'Nautilus', 'Rengar')",1,0,1
"('Ashe', 'Gragas', 'Jayce', 'Lee Sin', 'Viktor')",0,1,1
"('Ashe', 'Diana', 'Gragas', 'Skarner', 'Viego')",0,1,1
"('Jax', 'Jinx', 'Rengar', 'Seraphine', 'Twisted Fate')",1,0,1
"('Azir', 'Camille', 'Corki', 'Nautilus', 'Rengar')",1,0,1
"('Ahri', 'Jinx', 'Nautilus', 'Rengar', 'Skarner')",0,1,1
"('Camille', 'Hwei', 'Jinx', 'Rengar', 'Thresh')",1,0,1
"('Irelia', 'Jinx', 'Lee Sin', 'Neeko', 'Veigar')",0,1,1
"('Akali', 'Corki', 'Leona', 'Nidalee', 'Tristana')",1,0,1
"('Aurelion Sol', 'Blitzcrank', 'Twisted Fate', 'Varus', 'Viego')",0,1,1
"('Ashe', 'Aurelion Sol', 'Jayce', 'Milio', 'Taliyah')",1,0,1
"('Aurelion Sol', 'Camille', 'Thresh', 'Veigar', 'Viego')",0,1,1
"('Aatrox', 'Ashe', 'Braum', 'Corki', 'Lillia')",0,1,1
"('Akshan', 'Azir', 'Pyke', 'Varus', 'Yone')",0,1,1
"('Gragas', 'Karthus', 'Pyke', 'Skarner', 'Twitch')",1,0,1
"('Akali', 'Ashe', 'Gragas', 'Renekton', 'Taliyah')",1,0,1
"('Alistar', ""Rek'Sai"", 'Samira', 'Varus', 'Zoe')",0,1,1
"('Braum', 'Ezreal', 'Gangplank', 'Taliyah', 'Yone')",0,1,1
"('Gragas', 'Jayce', ""Kai'Sa"", 'Lee Sin', 'Vex')",1,0,1
"('Blitzcrank', 'Draven', 'Ekko', ""K'Sante"", 'Tristana')",0,1,1
"('Pantheon', 'Seraphine', 'Taliyah', 'Twisted Fate', 'Zac')",0,1,1
"('Corki', 'Gragas', 'Graves', 'Rakan', 'Riven')",1,0,1
"('Aphelios', 'Ashe', 'Jayce', 'Malzahar', 'Viego')",0,1,1
"('Ashe', 'Ekko', 'Graves', 'Irelia', 'Skarner')",1,0,1
"('Gragas', 'Kalista', 'Renata Glasc', 'Viego', 'Yasuo')",0,1,1
"('Darius', ""Kai'Sa"", 'Pyke', 'Rengar', 'Syndra')",1,0,1
"('Ahri', 'Gragas', 'Jax', 'Kindred', 'Zeri')",1,0,1
"('Gragas', 'Graves', 'Jinx', ""K'Sante"", 'Tristana')",1,0,1
"(""Bel'Veth"", 'Camille', 'Jayce', ""Kai'Sa"", 'Karthus')",0,1,1
"('Fiora', 'Lee Sin', 'Neeko', 'Varus', 'Zac')",0,1,1
"('Ahri', ""Kai'Sa"", 'Lee Sin', 'Ornn', 'Zac')",1,0,1
"('Aurelion Sol', 'Jinx', 'Olaf', ""Rek'Sai"", 'Zac')",0,1,1
"('Brand', 'Lulu', 'Rengar', 'Twisted Fate', 'Zeri')",1,0,1
"('Ahri', 'Jax', 'Jhin', 'Warwick', 'Zac')",0,1,1
"(""Cho'Gath"", 'Gangplank', 'Pyke', 'Rengar', 'Syndra')",1,0,1
"('Kalista', 'Pantheon', 'Taliyah', 'Twisted Fate', 'Zac')",1,0,1
"('Bard', 'Caitlyn', 'Hwei', 'Rengar', 'Rumble')",1,0,1
"('Akshan', 'Cassiopeia', 'Gragas', 'Graves', ""Kai'Sa"")",0,1,1
"('Jayce', 'Nautilus', 'Rengar', 'Taliyah', 'Varus')",0,1,1
"('Braum', 'Corki', ""K'Sante"", 'Lissandra', 'Viego')",0,1,1
"('Jinx', 'Karthus', 'Renekton', 'Twisted Fate', 'Zac')",1,0,1
"('Draven', 'Lillia', 'Soraka', 'Viego', 'Zoe')",1,0,1
"('Brand', 'Jinx', 'Rell', 'Riven', 'Tristana')",1,0,1
"('Blitzcrank', 'Hwei', ""Kai'Sa"", 'Lee Sin', 'Volibear')",1,0,1
"('Aphelios', 'Camille', ""Rek'Sai"", 'Thresh', 'Yone')",0,1,1
"('Aatrox', 'Heimerdinger', 'Hwei', 'Rengar', 'Thresh')",0,1,1
"('Fiddlesticks', 'Rengar', 'Rumble', 'Samira', 'Zac')",1,0,1
"('Karthus', 'Maokai', 'Skarner', 'Varus', 'Yone')",1,0,1
"('Cassiopeia', 'Jinx', 'Rengar', 'Thresh', 'Zoe')",1,0,1
"('Camille', 'Gragas', 'Hwei', ""Kai'Sa"", ""Rek'Sai"")",1,0,1
"('Jinx', 'Mordekaiser', 'Rengar', 'Seraphine', 'Yone')",0,1,1
"('Hwei', 'Maokai', 'Milio', 'Rengar', 'Smolder')",1,0,1
"('Corki', 'Gragas', 'Lulu', 'Rengar', 'Xayah')",0,1,1
"('Fiora', 'Hwei', 'Rakan', 'Rengar', 'Zeri')",1,0,1
"('Gragas', 'Hecarim', 'Renekton', 'Taliyah', 'Varus')",0,1,1
"('Ashe', 'Gragas', 'Nidalee', 'Qiyana', 'Renekton')",1,0,1
"('Fiora', 'Hwei', ""Kai'Sa"", 'Rengar', 'Seraphine')",0,1,1
"('Jinx', 'Kled', 'LeBlanc', 'Lulu', 'Rengar')",1,0,1
"('Alistar', 'Nilah', 'Orianna', 'Rengar', 'Xerath')",0,1,1
"('Ashe', 'Nautilus', 'Rengar', 'Tryndamere', 'Twisted Fate')",0,1,1
"('Hwei', ""K'Sante"", 'Maokai', 'Varus', 'Viego')",0,1,1
"('Camille', 'Katarina', 'Rengar', 'Thresh', 'Xayah')",1,0,1
"('Ashe', 'Jayce', 'Milio', 'Rengar', 'Zoe')",0,1,1
"('Corki', 'Jayce', 'Jinx', 'Rengar', 'Thresh')",1,0,1
"('Ashe', 'Blitzcrank', 'Fiora', 'LeBlanc', 'Lee Sin')",0,1,1
"('Nautilus', 'Rumble', 'Taliyah', 'Tristana', 'Varus')",0,1,1
"('Anivia', 'Aurelion Sol', 'Corki', 'Nautilus', 'Xin Zhao')",1,0,1
"('Diana', 'Jinx', 'Nasus', 'Thresh', 'Yasuo')",0,1,1
"('Ashe', 'Braum', 'Camille', 'Corki', 'Taliyah')",1,0,1
"('Alistar', 'Camille', 'Nidalee', 'Xerath', 'Zeri')",1,0,1
"('Ahri', ""Rek'Sai"", 'Rell', 'Samira', 'Sion')",0,1,1
"('Braum', 'Jinx', 'Kennen', 'Lee Sin', 'Lissandra')",1,0,1
"('Aatrox', 'Ashe', 'Gwen', 'Hwei', 'Yasuo')",1,0,1
"('Aatrox', 'Karthus', 'Leona', 'Lucian', 'Yasuo')",1,0,1
"('Ahri', 'Heimerdinger', 'Leona', 'Nocturne', 'Smolder')",1,0,1
"('Camille', 'Kalista', 'Nidalee', 'Sylas', 'Zed')",1,0,1
"('Corki', 'Lulu', 'Nidalee', 'Skarner', 'Yone')",0,1,1
"('Draven', 'Jax', 'Sylas', 'Thresh', 'Yone')",0,1,1
"('Ashe', 'Corki', 'Diana', 'Nautilus', 'Twisted Fate')",0,1,1
"('Ashe', 'Braum', 'Fiora', 'Nunu & Willump', 'Yone')",1,0,1
"('Aphelios', 'Nidalee', 'Pyke', 'Tristana', 'Twisted Fate')",1,0,1
"('Aatrox', 'Fiddlesticks', 'Pantheon', 'Twisted Fate', 'Yasuo')",0,1,1
"('Ashe', 'Karthus', 'Poppy', 'Rell', 'Yasuo')",0,1,1
"('Leona', 'Singed', 'Sylas', 'Tristana', 'Varus')",1,0,1
"('Aphelios', 'Camille', 'Nunu & Willump', 'Orianna', 'Rell')",0,1,1
"('Aphelios', 'Fiddlesticks', 'Hecarim', 'Skarner', 'Thresh')",1,0,1
"('Aphelios', 'Aurelion Sol', ""Bel'Veth"", 'Braum', 'Lissandra')",0,1,1
"('Alistar', 'Kennen', 'Tristana', 'Tryndamere', 'Viego')",1,0,1
"('Ashe', 'Gnar', 'Nidalee', 'Rakan', 'Yasuo')",1,0,1
"('Akshan', 'Aphelios', 'Gnar', ""Kha'Zix"", 'Neeko')",0,1,1
"('Jayce', 'Rakan', 'Shaco', 'Yasuo', 'Zeri')",1,0,1
"(""Kai'Sa"", 'Katarina', 'Rengar', 'Thresh', 'Varus')",1,0,1
"('Ashe', 'Elise', 'Pyke', 'Twisted Fate', 'Vayne')",1,0,1
"('Corki', 'Nautilus', 'Rumble', 'Tryndamere', 'Vi')",0,1,1
"('Ashe', 'Jarvan IV', 'Neeko', 'Orianna', 'Skarner')",1,0,1
"(""Kai'Sa"", 'Maokai', 'Nidalee', 'Riven', 'Yasuo')",0,1,1
"('Camille', 'Kennen', 'Twisted Fate', 'Vayne', 'Viego')",0,1,1
"('Blitzcrank', 'Darius', 'Lillia', 'Vayne', 'Yasuo')",0,1,1
"('Ahri', 'Ashe', 'Graves', 'Poppy', 'Varus')",1,0,1
"('Aurelion Sol', 'Fiora', 'Graves', ""Kai'Sa"", 'Nautilus')",1,0,1
"('Alistar', 'Evelynn', 'Trundle', 'Yasuo', 'Zeri')",0,1,1
"('Alistar', 'Karthus', 'Renekton', 'Yasuo', 'Zeri')",1,0,1
"('Aatrox', 'Aurelion Sol', 'Graves', ""Kai'Sa"", 'Pyke')",0,1,1
"('Gragas', 'Jax', 'Lucian', 'Pantheon', 'Taliyah')",1,0,1
"('Hwei', ""Kai'Sa"", 'Quinn', 'Rell', 'Rumble')",1,0,1
"(""Kai'Sa"", 'Nidalee', 'Rell', 'Talon', 'Tryndamere')",0,1,1
"(""Bel'Veth"", 'Jhin', 'Kled', 'Neeko', 'Rumble')",0,1,1
"('Karthus', 'Kennen', 'Lucian', 'Nami', 'Tristana')",1,0,1
"('Akali', 'Aurelion Sol', 'Draven', 'Jax', 'Taric')",1,0,1
"('Graves', 'Rumble', 'Twisted Fate', 'Varus', 'Zoe')",1,0,1
"('Aurelion Sol', ""Bel'Veth"", 'Gragas', 'Jinx', 'Leona')",1,0,1
"('Ahri', 'Elise', 'Jax', ""Kai'Sa"", 'Nasus')",0,1,1
"('Jinx', 'Rell', 'Rumble', 'Xin Zhao', 'Yone')",1,0,1
"('Akshan', 'Aphelios', 'Gragas', 'Taliyah', 'Yuumi')",0,1,1
"('Akshan', 'Ashe', 'Camille', 'Kennen', 'Lillia')",0,1,1
"('Draven', 'Heimerdinger', 'Lulu', 'Rumble', 'Talon')",1,0,1
"('Ashe', ""K'Sante"", 'Lee Sin', 'Rell', 'Twisted Fate')",1,0,1
"('Aurelion Sol', 'Lucian', 'Nami', 'Skarner', 'Xin Zhao')",1,0,1
"('Camille', 'Karma', 'Karthus', 'Qiyana', 'Varus')",0,1,1
"('Gragas', ""Kai'Sa"", 'Karthus', 'Senna', 'Viego')",0,1,1
"('Galio', 'Gragas', 'Graves', 'Lucian', 'Nami')",0,1,1
"('Jinx', ""K'Sante"", 'Malzahar', 'Sylas', 'Viego')",0,1,1
"('Jax', ""Kai'Sa"", 'Lillia', 'Thresh', 'Tristana')",1,0,1
"('Nilah', 'Rakan', 'Skarner', 'Taliyah', 'Vex')",1,0,1
"('Jayce', 'Kayle', 'Nidalee', 'Taric', 'Zeri')",0,1,1
"('Gragas', 'Graves', ""Kai'Sa"", 'Nautilus', 'Syndra')",1,0,1
"('Aatrox', 'Hwei', 'Rell', 'Varus', 'Viego')",1,0,1
"('Anivia', 'Jax', 'Kalista', 'Master Yi', 'Renata Glasc')",0,1,1
"('Aphelios', 'Lulu', ""Rek'Sai"", 'Renekton', 'Tryndamere')",1,0,1
"('Ashe', 'Lissandra', 'Rell', 'Sion', 'Taliyah')",1,0,1
"('Ahri', 'Ashe', ""K'Sante"", 'Rumble', 'Xin Zhao')",0,1,1
"('Jinx', ""K'Sante"", 'Orianna', ""Rek'Sai"", 'Thresh')",0,1,1
"('Camille', 'Corki', 'Jhin', 'Nidalee', 'Zyra')",0,1,1
"('Akali', 'Corki', 'Hecarim', 'Jinx', 'Nautilus')",0,1,1
"('Aphelios', 'Jayce', 'Rakan', 'Taliyah', 'Twisted Fate')",0,1,1
"('Camille', ""Kai'Sa"", 'Rakan', 'Taliyah', 'Twisted Fate')",1,0,1
"('Fiora', 'Graves', 'Hwei', 'Jinx', 'Lulu')",0,1,1
"('Draven', 'Gragas', 'Karma', 'Rumble', 'Yasuo')",1,0,1
"('Ekko', 'Fiora', 'Rell', 'Tristana', 'Varus')",0,1,1
"(""K'Sante"", 'Lee Sin', 'Nidalee', 'Syndra', 'Varus')",1,0,1
"('Ahri', 'Camille', 'Galio', 'Poppy', 'Vayne')",1,0,1
"('Katarina', 'Leona', 'Tristana', 'Twisted Fate', 'Viego')",1,0,1
"('Alistar', 'Gragas', 'Jhin', 'Twisted Fate', 'Yasuo')",1,0,1
"('Camille', 'Nidalee', 'Twisted Fate', 'Varus', 'Zoe')",0,1,1
"('Kalista', 'Karma', 'Lillia', 'Sylas', 'Yasuo')",0,1,1
"('Corki', 'Jhin', ""Kha'Zix"", 'Rumble', 'Skarner')",0,1,1
"('Akshan', 'Draven', 'Nautilus', 'Nidalee', 'Zac')",0,1,1
"('Camille', 'Jinx', 'Katarina', 'Kindred', 'Renekton')",1,0,1
"('Diana', 'Ezreal', 'Karma', 'Skarner', 'Yasuo')",0,1,1
"('Alistar', 'Jinx', 'Skarner', 'Viego', 'Zoe')",1,0,1
"('Ahri', ""K'Sante"", 'Kalista', 'Pantheon', 'Viego')",1,0,1
"('Gragas', ""Kog'Maw"", ""Rek'Sai"", 'Senna', 'Yasuo')",1,0,1
"('Ashe', 'Fiora', 'Graves', ""Kai'Sa"", 'Zac')",1,0,1
"('Camille', 'Kalista', 'Katarina', 'Poppy', 'Renekton')",0,1,1
"('Ashe', 'Ezreal', 'Galio', 'Lee Sin', 'Udyr')",1,0,1
"(""Kai'Sa"", 'Kled', 'Nautilus', 'Sylas', 'Taliyah')",1,0,1
"('Akali', 'Jarvan IV', ""Kai'Sa"", 'Lee Sin', 'Thresh')",1,0,1
"(""Kai'Sa"", ""Rek'Sai"", 'Rumble', 'Thresh', 'Yone')",1,0,1
"('Ashe', 'Kled', 'LeBlanc', 'Nidalee', 'Rakan')",1,0,1
"('Ekko', 'Ezreal', 'Gragas', 'Leona', 'Yasuo')",1,0,1
"('Ashe', 'Jayce', 'Kled', 'Nautilus', 'Taliyah')",0,1,1
"('Akali', 'Ryze', 'Shaco', 'Skarner', 'Zeri')",1,0,1
"('Ezreal', ""K'Sante"", 'Rengar', 'Soraka', ""Vel'Koz"")",0,1,1
"('Miss Fortune', 'Mordekaiser', ""Rek'Sai"", 'Seraphine', 'Yasuo')",1,0,1
"('Akali', 'Alistar', 'Gnar', 'Jarvan IV', 'Jhin')",1,0,1
"('Gragas', 'Janna', 'Karma', 'Sivir', 'Yasuo')",0,1,1
"('Akshan', 'Alistar', 'Ashe', 'Taliyah', 'Twisted Fate')",0,1,1
"('Taliyah', 'Yasuo', 'Yuumi', 'Zac', 'Zeri')",1,0,1
"('Blitzcrank', 'Jinx', 'Malphite', 'Talon', 'Twisted Fate')",1,0,1
"('Ashe', 'Master Yi', 'Orianna', 'Thresh', 'Yone')",1,0,1
"('Camille', 'Gwen', 'Jinx', 'Lissandra', 'Nautilus')",1,0,1
"('Ekko', 'Garen', 'Jinx', 'Thresh', 'Zed')",1,0,1
"('Kennen', 'Nautilus', 'Talon', 'Varus', 'Viego')",0,1,1
"('Caitlyn', 'Hwei', 'Lee Sin', 'Quinn', 'Yone')",1,0,1
"('Ashe', 'Cassiopeia', 'Gragas', 'Seraphine', 'Yasuo')",0,1,1
"('Hecarim', 'Jayce', 'Jinx', 'Mordekaiser', 'Thresh')",1,0,1
"('Gragas', 'Jinx', 'Lee Sin', 'Lulu', 'Zoe')",1,0,1
"('Jinx', 'LeBlanc', 'Nidalee', 'Renekton', 'Thresh')",0,1,1
"('Alistar', 'Draven', 'Kennen', 'Master Yi', 'Yasuo')",1,0,1
"('Anivia', 'Ashe', 'Graves', 'Jax', 'Seraphine')",0,1,1
"('Hwei', 'Karthus', 'Skarner', 'Thresh', 'Varus')",0,1,1
"('Aurelion Sol', 'Diana', 'Galio', ""Kog'Maw"", 'Tristana')",0,1,1
"('Caitlyn', 'Nautilus', 'Nidalee', 'Shen', 'Tristana')",0,1,1
"('Ezreal', 'Irelia', 'Karthus', 'Poppy', 'Seraphine')",1,0,1
"('Graves', ""Kai'Sa"", 'Pyke', 'Tahm Kench', 'Xerath')",0,1,1
"('Aatrox', 'Corki', 'Lee Sin', 'Nautilus', 'Xerath')",0,1,1
"('Fizz', ""Kha'Zix"", 'Soraka', 'Twisted Fate', 'Zeri')",0,1,1
"('Ashe', ""Bel'Veth"", 'Jayce', 'Leona', 'Xerath')",1,0,1
"(""Bel'Veth"", 'Blitzcrank', ""Kai'Sa"", 'Lissandra', 'Renekton')",0,1,1
"('Orianna', 'Rakan', 'Rumble', 'Xayah', 'Xin Zhao')",0,1,1
"('Aphelios', 'Graves', 'Rakan', 'Urgot', 'Xerath')",1,0,1
"('Ashe', 'Fiora', 'Galio', 'Graves', 'Hwei')",0,1,1
"('Blitzcrank', 'Brand', ""K'Sante"", 'Qiyana', 'Varus')",0,1,1
"('Aatrox', 'Blitzcrank', 'Nidalee', 'Sivir', 'Yasuo')",1,0,1
"('Aphelios', 'Jayce', 'Shen', 'Sylas', 'Tristana')",1,0,1
"('Lillia', 'Lissandra', 'Maokai', 'Twisted Fate', 'Varus')",0,1,1
"('Aphelios', 'Graves', 'Nautilus', 'Rumble', 'Xerath')",1,0,1
"('Leona', 'Rumble', 'Sion', 'Twisted Fate', 'Varus')",1,0,1
"('Blitzcrank', 'Jinx', 'Kennen', 'LeBlanc', 'Lee Sin')",0,1,1
"('Braum', 'Caitlyn', 'Gragas', 'Jayce', 'Yasuo')",0,1,1
"('Blitzcrank', 'Hwei', ""Kai'Sa"", ""Kha'Zix"", 'Mordekaiser')",1,0,1
"('Ekko', 'Jax', 'Senna', 'Varus', 'Yasuo')",1,0,1
"('Diana', 'Gnar', ""Kai'Sa"", 'Rell', 'Yasuo')",1,0,1
"('Kalista', 'Mordekaiser', ""Rek'Sai"", 'Renata Glasc', 'Yasuo')",1,0,1
"('Kennen', 'Rakan', 'Rumble', 'Viego', 'Xayah')",0,1,1
"('Cassiopeia', 'Karthus', 'Lulu', 'Tristana', 'Zeri')",0,1,1
"('Akali', 'Aphelios', 'Braum', 'Jax', 'Viego')",1,0,1
"('Darius', ""Kai'Sa"", 'Karthus', 'Lux', 'Tristana')",1,0,1
"('Aphelios', 'Camille', 'Hwei', 'Janna', 'Taliyah')",0,1,1
"('Aphelios', 'Cassiopeia', 'Seraphine', 'Viego', 'Vladimir')",1,0,1
"('Aphelios', 'Gragas', 'Nidalee', 'Rell', 'Yasuo')",1,0,1
"('Aphelios', 'Gnar', 'Graves', 'Renata Glasc', 'Yasuo')",0,1,1
"('Aphelios', 'Kindred', 'Qiyana', 'Rumble', 'Thresh')",1,0,1
"('Corki', 'Gwen', 'Hwei', ""Kai'Sa"", 'Skarner')",1,0,1
"('Aphelios', 'Ekko', 'Garen', 'Kindred', 'Nautilus')",0,1,1
"('Ashe', 'Corki', 'Hecarim', 'Lulu', 'Mordekaiser')",0,1,1
"('Graves', 'Jhin', ""K'Sante"", 'Katarina', 'Yuumi')",0,1,1
"('Nautilus', 'Nunu & Willump', 'Udyr', 'Viego', 'Xayah')",0,1,1
"('Aphelios', 'Rumble', 'Taliyah', 'Thresh', 'Yone')",0,1,1
"('Azir', 'Poppy', 'Viego', 'Yone', 'Zeri')",1,0,1
"('Aphelios', 'Galio', 'Kindred', 'LeBlanc', 'Rumble')",0,1,1
"('Heimerdinger', 'Nunu & Willump', 'Rell', 'Twisted Fate', 'Xayah')",0,1,1
"(""Bel'Veth"", 'Dr. Mundo', ""Kai'Sa"", 'LeBlanc', 'Taliyah')",1,0,1
"('Aurelion Sol', 'Jinx', 'Lulu', 'Udyr', 'Viego')",0,1,1
"('Ashe', 'Aurelion Sol', 'Irelia', 'Lee Sin', 'Lulu')",1,0,1
"('Draven', 'Kindred', 'Pyke', 'Quinn', 'Zac')",1,0,1
"('Jayce', 'Leona', 'Nidalee', 'Tristana', ""Vel'Koz"")",1,0,1
"('Ezreal', 'Karma', 'Lee Sin', 'Malphite', 'Vex')",1,0,1
"('Kalista', 'Nidalee', 'Pyke', 'Skarner', 'Syndra')",0,1,1
"('Ashe', 'Braum', 'Galio', 'Rumble', 'Viego')",1,0,1
"('Aurelion Sol', 'Corki', 'Nautilus', 'Skarner', 'Viego')",1,0,1
"('Akali', 'Bard', 'Corki', 'Lee Sin', 'Varus')",1,0,1
"('Jayce', ""Kai'Sa"", 'Lee Sin', 'Nautilus', 'Taliyah')",1,0,1
"('Aphelios', 'Jayce', ""K'Sante"", 'Nautilus', 'Nidalee')",0,1,1
"('Ashe', 'Pantheon', 'Seraphine', 'Sylas', 'Udyr')",1,0,1
"('Aphelios', 'Aurelion Sol', 'Ivern', ""K'Sante"", 'Rell')",0,1,1
"('Alistar', 'Ashe', 'Hwei', ""Kha'Zix"", 'Rumble')",1,0,1
"('Ashe', 'Galio', ""K'Sante"", 'Lee Sin', 'Zyra')",1,0,1
"('Ashe', 'Cassiopeia', 'Lulu', 'Ryze', 'Vi')",0,1,1
"('Ashe', 'Rakan', ""Rek'Sai"", 'Rumble', 'Yone')",1,0,1
"('Alistar', 'Rumble', 'Skarner', 'Varus', 'Yone')",1,0,1
"('Alistar', ""Kog'Maw"", 'Rengar', 'Zac', 'Zed')",1,0,1
"('Aurelion Sol', 'Jarvan IV', 'Jinx', 'Rakan', 'Teemo')",0,1,1
"('Alistar', 'Annie', 'Pantheon', 'Samira', 'Skarner')",1,0,1
"('Camille', 'Corki', 'Hwei', ""Rek'Sai"", 'Sylas')",1,0,1
"('Akshan', ""Kog'Maw"", 'Lulu', 'Nidalee', 'Sett')",1,0,1
"('Akali', ""Bel'Veth"", 'Corki', 'Rakan', 'Tryndamere')",1,0,1
"('Gragas', 'Heimerdinger', 'Jayce', 'Lucian', 'Nautilus')",1,0,1
"('Aurelion Sol', 'Fiora', 'Lee Sin', 'Nidalee', 'Senna')",1,0,1
"('Aatrox', 'Aurelion Sol', 'Braum', 'Jinx', 'Udyr')",1,0,1
"('Jayce', 'Jinx', 'Lillia', 'Rell', 'Renekton')",0,1,1
"('Corki', 'Kindred', 'Lulu', 'Skarner', 'Taliyah')",1,0,1
"('Braum', 'Corki', 'Ezreal', 'Lillia', 'Malphite')",0,1,1
"('Corki', 'Lucian', 'Nami', 'Skarner', 'Taliyah')",0,1,1
"('Ashe', 'Jayce', 'Nidalee', 'Olaf', 'Soraka')",1,0,1
"('Corki', ""Kai'Sa"", 'Nautilus', 'Poppy', 'Rumble')",0,1,1
"('Corki', 'Ekko', 'Leona', ""Rek'Sai"", 'Vayne')",1,0,1
"('Camille', 'Corki', 'Jayce', 'Nautilus', 'Taliyah')",1,0,1
"('Ashe', 'Jayce', ""K'Sante"", 'Lillia', 'Sett')",0,1,1
"('Camille', 'Graves', 'Jinx', 'Lulu', 'Taliyah')",0,1,1
"('Aurelion Sol', 'Corki', 'Neeko', 'Ornn', 'Vi')",1,0,1
"('Lee Sin', 'Rell', 'Skarner', 'Swain', 'Tristana')",0,1,1
"('Lillia', 'Rakan', 'Skarner', 'Twitch', 'Viego')",1,0,1
"('Ashe', 'Nautilus', 'Rumble', 'Vex', 'Viego')",1,0,1
"('Camille', 'Graves', 'Rumble', 'Seraphine', 'Tristana')",1,0,1
"(""Bel'Veth"", 'Lulu', 'Talon', 'Volibear', 'Zeri')",1,0,1
"('Nunu & Willump', 'Quinn', 'Seraphine', 'Twisted Fate', 'Xayah')",0,1,1
"('Ashe', 'Graves', 'Lulu', 'Neeko', 'Volibear')",0,1,1
"('Graves', 'Hwei', 'Senna', 'Skarner', 'Smolder')",0,1,1
"('Maokai', 'Nidalee', 'Tristana', 'Volibear', 'Zeri')",0,1,1
"('Jayce', 'Nidalee', 'Seraphine', 'Smolder', 'Yone')",1,0,1
"(""Kai'Sa"", 'Pantheon', 'Rumble', 'Seraphine', 'Talon')",0,1,1
"('Ezreal', 'Leona', 'Rumble', 'Sylas', 'Viego')",0,1,1
"('Diana', 'Jax', 'Pyke', 'Rumble', 'Samira')",1,0,1
"('Ezreal', 'Jayce', 'Lillia', 'Senna', 'Vex')",0,1,1
"('Ahri', ""Kog'Maw"", 'Pantheon', 'Skarner', 'Viego')",0,1,1
"('Alistar', 'Gragas', 'Poppy', ""Rek'Sai"", 'Seraphine')",1,0,1
"('Lee Sin', 'Leona', 'Riven', 'Taliyah', 'Zeri')",1,0,1
"('Ashe', 'Lillia', 'Malphite', 'Rell', 'Yasuo')",1,0,1
"('Alistar', 'Hecarim', 'LeBlanc', 'Lucian', 'Volibear')",0,1,1
"('Ashe', 'Brand', 'Sett', 'Taric', 'Twisted Fate')",1,0,1
"('Akali', 'Kindred', 'Maokai', 'Orianna', 'Seraphine')",0,1,1
"(""Rek'Sai"", 'Senna', 'Seraphine', 'Urgot', 'Zoe')",1,0,1
"('Ezreal', 'Fiddlesticks', 'Lissandra', 'Sett', 'Taric')",1,0,1
"('Ashe', 'Fiora', 'Renekton', 'Taliyah', 'Zyra')",0,1,1
"('Camille', 'Jarvan IV', 'Neeko', 'Seraphine', 'Tristana')",1,0,1
"('Aurelion Sol', 'Kennen', ""Kha'Zix"", ""Kog'Maw"", 'Rakan')",1,0,1
"('Darius', 'Graves', ""Kog'Maw"", 'Nautilus', 'Syndra')",0,1,1
"('Amumu', 'Annie', 'Kindred', 'Nasus', 'Smolder')",0,1,1
"('Miss Fortune', 'Nautilus', 'Renekton', 'Taliyah', 'Yone')",1,0,1
"('Jayce', ""Kai'Sa"", 'Maokai', 'Viego', 'Viktor')",1,0,1
"('Corki', 'Elise', 'Nautilus', 'Skarner', 'Varus')",1,0,1
"('Ashe', 'Hwei', 'Nami', 'Pantheon', ""Rek'Sai"")",0,1,1
"('Ahri', 'Blitzcrank', 'Kennen', ""Kog'Maw"", 'Lee Sin')",1,0,1
"('Akali', 'Graves', ""Kai'Sa"", 'Rell', 'Sett')",1,0,1
"('Corki', 'Lillia', 'Rell', 'Tristana', 'Tryndamere')",0,1,1
"('Corki', 'Draven', 'Karthus', 'Pantheon', 'Sett')",1,0,1
"('Camille', 'Karthus', ""Kog'Maw"", 'Rell', 'Rumble')",1,0,1
"('Braum', 'Irelia', ""Kog'Maw"", ""Rek'Sai"", 'Twisted Fate')",0,1,1
"('Ashe', 'Cassiopeia', 'Graves', 'Lux', 'Volibear')",0,1,1
"('Camille', ""Kha'Zix"", ""Kog'Maw"", 'Lulu', 'Viktor')",0,1,1
"('Corki', 'Gangplank', 'Nautilus', 'Taliyah', 'Tristana')",0,1,1
"('Alistar', 'Lee Sin', 'Naafiri', 'Skarner', 'Smolder')",0,1,1
"('Aphelios', 'Bard', 'Nidalee', 'Olaf', 'Viego')",1,0,1
"('Aurelion Sol', 'Camille', 'Jinx', 'Kindred', 'Lulu')",0,1,1
"('Ashe', 'Lulu', 'Nasus', ""Rek'Sai"", 'Rumble')",1,0,1
"('Annie', 'Camille', 'Corki', 'Nidalee', 'Pyke')",1,0,1
"('Ahri', 'Jax', 'Senna', ""Vel'Koz"", 'Viego')",0,1,1
"('Aphelios', 'Aurelion Sol', 'Lee Sin', 'Lulu', 'Viego')",1,0,1
"('Cassiopeia', 'Draven', 'Kindred', 'Pyke', 'Xerath')",0,1,1
"('Galio', 'Graves', 'Nautilus', 'Samira', 'Twisted Fate')",0,1,1
"('Dr. Mundo', ""Kai'Sa"", 'Lee Sin', 'Rakan', 'Sylas')",0,1,1
"('Ashe', 'Fiddlesticks', 'Fiora', 'Kindred', 'Pyke')",1,0,1
"('Pyke', 'Taliyah', 'Trundle', 'Viego', 'Zoe')",1,0,1
"('Corki', 'Kennen', ""Rek'Sai"", 'Thresh', 'Zoe')",1,0,1
"('Alistar', 'Graves', 'Hwei', 'Seraphine', 'Viego')",0,1,1
"('Jhin', 'Lee Sin', 'Orianna', 'Ryze', 'Soraka')",1,0,1
"('Aphelios', 'Cassiopeia', 'Hecarim', 'Pyke', 'Twisted Fate')",0,1,1
"('Blitzcrank', ""K'Sante"", 'Lucian', 'Nidalee', 'Tristana')",1,0,1
"('Jinx', 'Kennen', 'Lee Sin', 'Neeko', 'Viego')",0,1,1
"('Aurelion Sol', 'Blitzcrank', 'Hecarim', 'Twisted Fate', 'Varus')",0,1,1
"('Ezreal', 'Jayce', 'LeBlanc', 'Rakan', 'Viego')",0,1,1
"('Hwei', ""Kai'Sa"", ""Rek'Sai"", 'Seraphine', 'Urgot')",1,0,1
"('Corki', 'Ezreal', 'Karma', 'Lillia', 'Tryndamere')",0,1,1
"('Aphelios', 'Gragas', 'Graves', 'Lissandra', 'Rell')",1,0,1
"('Corki', 'Jayce', 'Nasus', 'Nautilus', 'Nidalee')",0,1,1
"('Anivia', 'Rakan', 'Sylas', 'Twisted Fate', 'Varus')",1,0,1
"('Diana', 'Ornn', 'Pyke', 'Viego', 'Zeri')",1,0,1
"('Gwen', 'Jhin', 'Seraphine', 'Taliyah', 'Tryndamere')",0,1,1
"('Diana', ""K'Sante"", ""Kai'Sa"", 'Pyke', 'Yasuo')",1,0,1
"('Galio', 'Gragas', 'Lulu', 'Viego', 'Zeri')",1,0,1
"('Aatrox', 'Hwei', 'Jinx', 'Lee Sin', 'Nautilus')",1,0,1
"('Aurelion Sol', 'Hwei', 'Karma', 'Twisted Fate', 'Viego')",0,1,1
"('Aatrox', 'Graves', 'Nautilus', 'Zac', 'Zeri')",0,1,1
"('Graves', 'Teemo', 'Thresh', 'Twisted Fate', 'Varus')",1,0,1
"('Camille', 'Lux', 'Rakan', 'Taliyah', 'Twitch')",0,1,1
"('Aphelios', 'Gragas', 'Taliyah', 'Talon', 'Thresh')",0,1,1
"('Kalista', 'LeBlanc', 'Lillia', 'Senna', 'Skarner')",0,1,1
"('Cassiopeia', 'Karthus', 'Nautilus', 'Sion', 'Tristana')",0,1,1
"('Ashe', 'Aurelion Sol', 'Graves', ""K'Sante"", 'Lulu')",0,1,1
"('Hwei', 'Seraphine', 'Taliyah', 'Varus', 'Yorick')",0,1,1
"('Diana', 'Galio', 'Lucian', 'Nami', 'Vayne')",0,1,1
"('Jinx', 'Malphite', 'Neeko', 'Sylas', 'Tristana')",1,0,1
"('Corki', 'Ezreal', 'Karma', 'Nidalee', 'Twisted Fate')",0,1,1
"('Ashe', 'Gragas', 'Graves', 'Rakan', 'Twisted Fate')",0,1,1
"('Kalista', 'Taliyah', 'Udyr', 'Varus', 'Viego')",0,1,1
"('Aurelion Sol', 'Lee Sin', 'Skarner', 'Varus', 'Vayne')",1,0,1
"('Aphelios', 'Jax', 'Karthus', 'Thresh', 'Twisted Fate')",1,0,1
"('Akshan', 'Karthus', 'Pyke', 'Varus', 'Zoe')",1,0,1
"('Alistar', 'Corki', ""Kai'Sa"", 'Skarner', 'Viego')",1,0,1
"('Hwei', 'Lee Sin', 'Lulu', 'Miss Fortune', 'Rumble')",0,1,1
"('Ashe', 'Aurelion Sol', 'Skarner', 'Varus', 'Viego')",0,1,1
"('Jayce', 'Kindred', 'Poppy', 'Senna', 'Taliyah')",1,0,1
"(""Kai'Sa"", 'Kindred', 'Lissandra', 'Nautilus', 'Skarner')",1,0,1
"('Jax', 'Jinx', 'Lillia', 'Thresh', 'Yone')",1,0,1
"('Aatrox', 'Ahri', 'Lee Sin', 'Rakan', 'Zeri')",0,1,1
"('Ekko', 'Graves', ""Kai'Sa"", 'Leona', 'Skarner')",1,0,1
"('Jayce', ""Kai'Sa"", 'Kindred', 'Senna', 'Vex')",1,0,1
"('Camille', 'Gragas', 'Maokai', 'Orianna', 'Zeri')",0,1,1
"('Janna', 'Lillia', 'Samira', 'Skarner', 'Yasuo')",1,0,1
"('Aphelios', 'Aurelion Sol', ""K'Sante"", 'Rell', 'Trundle')",0,1,1
"('Aurelion Sol', 'Ezreal', 'Leona', 'Sett', 'Skarner')",0,1,1
"('Cassiopeia', 'Kled', 'Orianna', 'Rengar', 'Thresh')",1,0,1
"('Braum', 'Jinx', 'Nidalee', 'Orianna', 'Skarner')",0,1,1
"('Hwei', ""K'Sante"", 'Lillia', 'Qiyana', 'Varus')",1,0,1
"('Ahri', 'Graves', 'Jax', 'Lucian', 'Thresh')",0,1,1
"('Graves', 'Hwei', ""Kai'Sa"", 'Pyke', 'Twisted Fate')",1,0,1
"('Hwei', 'Rell', 'Ryze', 'Varus', 'Viego')",0,1,1
"('LeBlanc', 'Rell', 'Shyvana', 'Tryndamere', 'Varus')",0,1,1
"('Jhin', 'Malphite', 'Olaf', 'Rell', 'Viego')",1,0,1
"('Blitzcrank', 'Corki', 'Ezreal', 'Gnar', 'Karthus')",1,0,1
"('Jinx', 'Nautilus', 'Poppy', 'Sylas', 'Viego')",1,0,1
"('Corki', 'Jayce', 'Karthus', 'Nautilus', 'Twisted Fate')",0,1,1
"('Gragas', 'Kalista', 'Renata Glasc', 'Tristana', 'Viego')",1,0,1
"('Ezreal', 'Kassadin', 'Kindred', 'Naafiri', 'Rumble')",1,0,1
"('Hwei', 'Pyke', 'Rumble', 'Samira', 'Skarner')",1,0,1
"('Anivia', 'Ashe', 'Leona', 'Rengar', 'Skarner')",0,1,1
"('Brand', 'Graves', 'Lux', 'Varus', 'Viego')",0,1,1
"('Aatrox', 'Alistar', 'Brand', 'Jax', 'Smolder')",1,0,1
"('Akali', 'Bard', 'Ezreal', 'Graves', 'Tristana')",0,1,1
"('Aphelios', 'Aurelion Sol', 'Lee Sin', 'Nautilus', 'Tryndamere')",1,0,1
"('Aurelion Sol', 'Camille', 'Jax', 'Kindred', 'Varus')",1,0,1
"('Jayce', ""Kai'Sa"", 'Lillia', 'Soraka', 'Tristana')",1,0,1
"('Ashe', 'Renekton', 'Seraphine', 'Shaco', 'Vex')",1,0,1
"('Akshan', 'Ashe', 'Aurelion Sol', 'Graves', 'Neeko')",1,0,1
"('Akali', 'Gragas', 'Graves', 'Nautilus', 'Sivir')",1,0,1
"('Aurelion Sol', 'Gnar', 'Karthus', 'Neeko', 'Zeri')",0,1,1
"('Aurelion Sol', ""Kai'Sa"", 'Lee Sin', 'Skarner', 'Zyra')",1,0,1
"('Aurelion Sol', 'Bard', 'Camille', 'Smolder', 'Taliyah')",0,1,1
"('Aphelios', 'Orianna', ""Rek'Sai"", 'Riven', 'Thresh')",1,0,1
"('Jinx', 'Lee Sin', 'Sion', 'Thresh', 'Zoe')",0,1,1
"('Ashe', 'Blitzcrank', 'Graves', 'Viktor', 'Volibear')",1,0,1
"('Azir', 'Jax', 'Miss Fortune', 'Olaf', 'Rumble')",1,0,1
"('Aphelios', 'Galio', 'Gnar', 'Kindred', 'Nautilus')",1,0,1
"('Aphelios', 'Ivern', 'Skarner', 'Taliyah', 'Thresh')",0,1,1
"('Annie', 'Ashe', 'Nautilus', 'Viego', 'Zoe')",1,0,1
"('Jinx', ""K'Sante"", 'Karthus', 'Maokai', 'Talon')",1,0,1
"('Akali', 'Caitlyn', 'Lux', 'Nidalee', 'Poppy')",1,0,1
"('Graves', ""Kai'Sa"", 'Katarina', 'Nautilus', 'Zac')",1,0,1
"('Aatrox', 'Alistar', 'Jinx', 'Orianna', 'Taliyah')",1,0,1
"('Ashe', 'Aurelion Sol', 'Braum', 'Kayn', 'Pantheon')",0,1,1
"('Ashe', 'Aurelion Sol', 'Jax', 'Kindred', 'Milio')",1,0,1
"('Aurelion Sol', 'Ezreal', 'Kindred', 'Pyke', 'Skarner')",0,1,1
"('Aphelios', 'Graves', ""K'Sante"", 'Kassadin', 'Thresh')",1,0,1
"('Aphelios', ""Bel'Veth"", ""K'Sante"", 'Lulu', 'Neeko')",0,1,1
"('Annie', 'Camille', 'Graves', 'Yuumi', 'Zeri')",1,0,1
"('Camille', 'Graves', 'Janna', 'Sivir', 'Sylas')",1,0,1
"('Corki', 'Jayce', 'Kindred', 'Nautilus', 'Zoe')",0,1,1
"('Akali', 'Camille', 'Kalista', 'Kindred', 'Thresh')",1,0,1
"('Hwei', 'Kalista', 'Poppy', 'Sett', 'Viego')",0,1,1
"('Ezreal', 'Leona', 'Sylas', 'Twisted Fate', 'Viego')",0,1,1
"('Aurelion Sol', 'Pyke', 'Urgot', 'Varus', 'Vi')",0,1,1
"(""Bel'Veth"", 'Jhin', 'Kindred', 'Malphite', 'Twisted Fate')",0,1,1
"('Akshan', 'Anivia', 'Diana', 'Ezreal', 'Irelia')",1,0,1
"('Aurelion Sol', 'Nocturne', 'Taric', 'Vladimir', 'Zeri')",1,0,1
"('Akali', 'Aurelion Sol', ""Kai'Sa"", 'Lee Sin', 'Leona')",1,0,1
"('Aurelion Sol', 'Graves', 'Jhin', 'Nautilus', 'Twisted Fate')",0,1,1
"('Azir', 'Graves', 'Jinx', 'Rakan', 'Rumble')",1,0,1
"('Corki', 'Graves', 'Jhin', 'Shaco', ""Vel'Koz"")",0,1,1
"('Aurelion Sol', 'Draven', 'Pyke', 'Skarner', 'Twisted Fate')",1,0,1
"('Akali', 'Corki', 'Rell', 'Urgot', 'Viego')",0,1,1
"('Jinx', 'Lee Sin', 'Rell', 'Vladimir', 'Xerath')",0,1,1
"('Aurelion Sol', 'Jax', 'Taric', 'Varus', 'Viego')",1,0,1
"(""K'Sante"", 'Nidalee', 'Pyke', 'Twitch', 'Viego')",1,0,1
"('Alistar', 'Jax', 'Lillia', 'Samira', 'Yone')",1,0,1
"('Ashe', 'Aurelion Sol', 'Graves', 'Kennen', 'Seraphine')",1,0,1
"('Ashe', 'Aurelion Sol', 'Lulu', 'Nidalee', 'Poppy')",1,0,1
"('Annie', 'Camille', 'Jax', 'Jinx', 'Tahm Kench')",0,1,1
"('Akali', 'Draven', 'Kennen', 'Pyke', ""Rek'Sai"")",1,0,1
"('Graves', 'Jinx', 'Nautilus', 'Skarner', 'Twisted Fate')",0,1,1
"('Ahri', ""Bel'Veth"", ""Kai'Sa"", 'Morgana', 'Rammus')",1,0,1
"('Jinx', 'Lulu', 'Nidalee', 'Twisted Fate', 'Warwick')",0,1,1
"(""Bel'Veth"", 'Jinx', 'Rakan', 'Rammus', 'Zoe')",1,0,1
"('Annie', 'Ashe', ""Bel'Veth"", 'Fiora', 'Galio')",1,0,1
"('Alistar', ""Cho'Gath"", 'Graves', 'Gwen', 'Yone')",0,1,1
"(""Bel'Veth"", 'Orianna', 'Smolder', 'Thresh', 'Udyr')",1,0,1
"('Aatrox', 'Jhin', 'Master Yi', 'Rumble', 'Taliyah')",1,0,1
"('Aurelion Sol', ""Kai'Sa"", 'Pyke', 'Rumble', 'Xin Zhao')",0,1,1
"('Ashe', ""Bel'Veth"", 'Blitzcrank', 'LeBlanc', 'Skarner')",1,0,1
"('Aatrox', 'Aphelios', 'Braum', 'Graves', 'Orianna')",1,0,1
"('Camille', 'Jax', ""Rek'Sai"", 'Tristana', ""Vel'Koz"")",1,0,1
"('Aurelion Sol', 'Fiora', 'Jhin', 'Neeko', 'Viego')",1,0,1
"('Aphelios', 'Diana', 'Kindred', 'Rakan', 'Shyvana')",1,0,1
"('Diana', 'Ezreal', 'Seraphine', 'Volibear', 'Yasuo')",1,0,1
"('Alistar', 'Aphelios', 'Jayce', 'Nidalee', 'Zed')",1,0,1
"('Corki', 'Karthus', 'Pyke', 'Sion', 'Volibear')",1,0,1
"('Graves', ""Kai'Sa"", 'Nautilus', 'Ryze', 'Skarner')",1,0,1
"('Akshan', 'Aurelion Sol', ""K'Sante"", 'Karthus', 'Varus')",1,0,1
"('Jayce', 'Lillia', 'Malphite', 'Poppy', 'Zeri')",0,1,1
"('Graves', 'Heimerdinger', ""Kai'Sa"", 'Singed', 'Viego')",1,0,1
"('Annie', 'Camille', 'Graves', 'Jinx', 'Nautilus')",0,1,1
"('Diana', 'Fiora', 'Jinx', 'Lee Sin', 'Nautilus')",1,0,1
"('Aurelion Sol', 'Blitzcrank', 'Draven', 'Graves', 'Olaf')",0,1,1
"('Aurelion Sol', 'Heimerdinger', 'Jhin', 'Warwick', 'Xin Zhao')",1,0,1
"('Gragas', 'Graves', 'Kennen', 'Nautilus', 'Samira')",1,0,1
"('Hwei', ""Kai'Sa"", 'Nami', 'Talon', 'Twisted Fate')",1,0,1
"('Kalista', 'Poppy', 'Talon', 'Zac', 'Zoe')",1,0,1
"('Brand', 'Braum', 'Darius', 'Jhin', 'Sylas')",1,0,1
"('Irelia', 'Jinx', 'Lillia', 'Thresh', 'Viego')",0,1,1
"('Anivia', 'Ashe', 'Jax', 'LeBlanc', 'Viego')",0,1,1
"('Ahri', 'Ezreal', ""K'Sante"", ""Rek'Sai"", 'Yuumi')",1,0,1
"('Ashe', ""K'Sante"", 'Tahm Kench', 'Taliyah', 'Yone')",1,0,1
"('Jinx', 'Katarina', 'Lillia', 'Riven', 'Thresh')",0,1,1
"('Aurelion Sol', 'Braum', 'Lucian', 'Riven', 'Viego')",1,0,1
"('Jhin', 'Karma', 'Orianna', 'Riven', 'Viego')",1,0,1
"('Graves', ""Kai'Sa"", 'Katarina', 'Nasus', 'Thresh')",1,0,1
"('Camille', ""Kai'Sa"", 'Kassadin', 'Skarner', 'Varus')",1,0,1
"('Akshan', 'Fiddlesticks', 'Gnar', 'Rell', 'Samira')",1,0,1
"('Akali', 'Heimerdinger', 'Nocturne', 'Rengar', 'Zeri')",0,1,1
"('Corki', 'Nautilus', 'Rumble', 'Varus', 'Volibear')",0,1,1
"('Ashe', 'Braum', 'Camille', 'Lillia', 'Twisted Fate')",1,0,1
"('Ashe', 'Bard', 'Jax', 'Katarina', 'Viego')",1,0,1
"('Alistar', 'Ashe', 'Diana', 'Fiora', 'Volibear')",1,0,1
"(""Bel'Veth"", 'Jinx', 'Orianna', 'Skarner', 'Thresh')",0,1,1
"('Aatrox', 'Galio', 'Jinx', 'Pyke', 'Rumble')",1,0,1
"('Ashe', 'Skarner', 'Taliyah', 'Taric', 'Yone')",0,1,1
"('Ashe', 'Galio', 'Graves', 'Skarner', 'Taric')",1,0,1
"('Gragas', 'Katarina', 'Lucian', 'Nami', 'Viego')",0,1,1
"(""Kai'Sa"", 'Nautilus', 'Nidalee', 'Singed', 'Yone')",1,0,1
"('Ashe', 'Karthus', 'Nasus', 'Rell', 'Yone')",0,1,1
"('Kayn', 'Rell', 'Talon', 'Twisted Fate', 'Zeri')",1,0,1
"('Graves', 'Jhin', 'Lillia', 'Malphite', 'Nautilus')",0,1,1
"('Aphelios', ""K'Sante"", 'Qiyana', 'Rumble', 'Seraphine')",0,1,1
"('Brand', 'Pyke', 'Tristana', 'Tryndamere', 'Varus')",1,0,1
"('Aurelion Sol', 'Braum', 'Corki', 'Jax', 'Viego')",1,0,1
"('Bard', 'Camille', 'Corki', 'Lee Sin', 'Syndra')",1,0,1
"('LeBlanc', 'Lee Sin', 'Skarner', 'Thresh', 'Varus')",0,1,1
"('Ahri', 'Lillia', 'Miss Fortune', 'Nautilus', 'Skarner')",0,1,1
"('Alistar', 'Lillia', 'Samira', 'Sett', 'Tristana')",1,0,1
"('Kalista', 'Lillia', 'Nautilus', 'Renekton', 'Volibear')",0,1,1
"('Jayce', 'Nautilus', 'Nidalee', 'Nilah', 'Skarner')",0,1,1
"('Lee Sin', 'Twisted Fate', 'Volibear', 'Xerath', 'Zoe')",1,0,1
"('Darius', 'Lux', ""Rek'Sai"", 'Smolder', 'Twisted Fate')",1,0,1
"('Camille', 'Corki', 'Lulu', 'Taliyah', 'Tristana')",1,0,1
"('Blitzcrank', 'Brand', 'Fiora', 'Jinx', 'Zed')",1,0,1
"('Corki', 'Nautilus', 'Syndra', 'Vayne', 'Vi')",1,0,1
"('Ashe', 'Kled', 'Pyke', ""Vel'Koz"", 'Xin Zhao')",1,0,1
"('Gragas', ""Kai'Sa"", 'Nidalee', 'Riven', 'Yone')",1,0,1
"('Jayce', 'Nautilus', 'Nidalee', 'Varus', 'Yone')",0,1,1
"('Camille', ""Kai'Sa"", 'Nautilus', 'Nidalee', 'Yone')",1,0,1
"('Ashe', 'Gragas', 'Hwei', 'Neeko', ""Rek'Sai"")",0,1,1
"('Draven', 'Rumble', 'Shaco', 'Udyr', 'Viego')",1,0,1
"('Ekko', 'Maokai', 'Renekton', 'Tristana', 'Vi')",0,1,1
"('Galio', 'Master Yi', 'Seraphine', 'Urgot', 'Varus')",0,1,1
"('Aphelios', 'Nautilus', 'Skarner', 'Taliyah', 'Yasuo')",0,1,1
"('Ashe', ""Bel'Veth"", 'Jayce', 'Neeko', 'Thresh')",1,0,1
"('Lissandra', 'Master Yi', 'Miss Fortune', 'Volibear', 'Zoe')",1,0,1
"('Ashe', 'Bard', 'Gnar', 'Pantheon', 'Taliyah')",1,0,1
"('Akshan', 'Blitzcrank', ""Kai'Sa"", 'Master Yi', 'Vladimir')",1,0,1
"(""K'Sante"", 'Kindred', 'Lulu', 'Orianna', 'Varus')",1,0,1
"(""Kai'Sa"", 'Kayle', 'Kindred', 'Orianna', 'Pyke')",0,1,1
"('Janna', 'Riven', 'Taliyah', 'Viego', 'Zeri')",1,0,1
"('Ashe', 'Blitzcrank', 'Hwei', 'Master Yi', 'Shen')",1,0,1
"('Akali', ""Kai'Sa"", 'Leona', 'Master Yi', 'Singed')",1,0,1
"('Corki', 'Master Yi', 'Nautilus', 'Poppy', 'Twisted Fate')",1,0,1
"('Fiora', 'Jinx', 'Karthus', 'Rell', 'Twisted Fate')",0,1,1
"('Corki', 'Jinx', ""K'Sante"", 'Rell', 'Viego')",0,1,1
"('Aurelion Sol', 'Nidalee', 'Rell', 'Tristana', 'Viego')",1,0,1
"('Ashe', 'Corki', 'Gwen', 'Lee Sin', 'Milio')",1,0,1
"(""K'Sante"", 'Kindred', 'Poppy', 'Twisted Fate', 'Varus')",1,0,1
"('Darius', 'Jhin', 'Maokai', 'Taliyah', 'Viego')",1,0,1
"('Akshan', ""Kai'Sa"", 'Nautilus', 'Nidalee', 'Shen')",0,1,1
"('Ahri', ""Kai'Sa"", 'Master Yi', 'Mordekaiser', 'Rell')",1,0,1
"('Ashe', 'Jayce', 'Seraphine', 'Xin Zhao', 'Zoe')",0,1,1
"('Akshan', 'Ashe', 'Lee Sin', 'Malphite', 'Seraphine')",0,1,1
"('Jayce', 'Lillia', 'Poppy', 'Renekton', 'Zeri')",1,0,1
"('Ashe', ""K'Sante"", 'Karthus', 'LeBlanc', 'Milio')",1,0,1
"('Camille', 'Galio', ""Kai'Sa"", 'Nautilus', 'Taliyah')",1,0,1
"('Camille', 'Elise', ""Kai'Sa"", 'Leona', 'Tristana')",0,1,1
"('Aatrox', 'Corki', 'Lee Sin', 'Nami', 'Taliyah')",1,0,1
"('Graves', 'LeBlanc', 'Leona', 'Rumble', 'Varus')",1,0,1
"('Ashe', ""Kha'Zix"", 'Thresh', 'Vex', 'Volibear')",0,1,1
"(""Bel'Veth"", 'Leona', 'Renekton', 'Sylas', 'Zeri')",0,1,1
"('Ashe', 'Camille', 'Master Yi', 'Seraphine', 'Zed')",0,1,1
"('Braum', 'Hwei', 'Jinx', 'Master Yi', 'Shen')",0,1,1
"('Azir', 'Jinx', 'Master Yi', 'Milio', 'Shen')",0,1,1
"('Jhin', 'Malphite', 'Master Yi', 'Viego', 'Xerath')",1,0,1
"('Ekko', 'Ezreal', 'Jayce', 'Karma', 'Tristana')",0,1,1
"('Karthus', 'Kled', 'Rakan', 'Tristana', 'Twitch')",0,1,1
"('Galio', 'Hecarim', 'Skarner', 'Yuumi', 'Zeri')",0,1,1
"('Akali', ""Kai'Sa"", 'Master Yi', 'Ornn', 'Pyke')",0,1,1
"('Corki', 'Jax', 'Nidalee', 'Thresh', ""Vel'Koz"")",1,0,1
"('Ashe', 'Elise', 'Skarner', 'Taliyah', 'Tristana')",1,0,1
"('Diana', ""Kai'Sa"", 'Nautilus', 'Twisted Fate', 'Yasuo')",1,0,1
"('Ashe', 'Jax', 'Kennen', 'Nautilus', 'Tristana')",0,1,1
"('Heimerdinger', 'Jhin', 'Qiyana', 'Shaco', 'Xin Zhao')",1,0,1
"('Ahri', 'Jax', 'Jhin', 'Seraphine', 'Skarner')",1,0,1
"('Aurelion Sol', 'Janna', ""Kha'Zix"", 'Udyr', 'Varus')",1,0,1
"('Gragas', 'Karthus', 'Leona', 'Lucian', 'Tristana')",0,1,1
"('Aatrox', 'Alistar', 'Orianna', 'Varus', 'Xin Zhao')",0,1,1
"('Braum', 'Elise', 'Gwen', 'Tristana', 'Xayah')",0,1,1
"('Jax', 'LeBlanc', 'Lee Sin', 'Neeko', 'Varus')",0,1,1
"('Akali', 'Rakan', 'Twisted Fate', 'Xin Zhao', 'Zeri')",1,0,1
"('Aurelion Sol', 'Heimerdinger', 'Seraphine', 'Tryndamere', 'Viego')",0,1,1
"('Blitzcrank', 'Galio', ""Kai'Sa"", 'Vayne', 'Viego')",1,0,1
"('Ashe', 'Aurelion Sol', 'Jax', 'Poppy', 'Yone')",1,0,1
"('Nautilus', 'Orianna', 'Sion', 'Xin Zhao', 'Zeri')",0,1,1
"('Elise', 'Heimerdinger', 'Jayce', 'Rell', 'Rumble')",1,0,1
"('Ashe', 'Ekko', 'Jax', 'Maokai', 'Taliyah')",0,1,1
"('Hwei', 'Jax', ""Kai'Sa"", 'Nautilus', 'Renekton')",0,1,1
"('Ashe', 'Camille', 'Fiddlesticks', 'Thresh', 'Viego')",1,0,1
"('Camille', ""Kai'Sa"", 'Lillia', 'Skarner', 'Tristana')",1,0,1
"('Riven', 'Sejuani', 'Shaco', 'Yone', 'Ziggs')",1,0,1
"(""Kai'Sa"", 'Poppy', 'Pyke', 'Xin Zhao', 'Yasuo')",0,1,1
"('Camille', 'Lee Sin', 'Renekton', 'Syndra', 'Zeri')",1,0,1
"('Blitzcrank', ""K'Sante"", ""Rek'Sai"", 'Taliyah', 'Zeri')",0,1,1
"('Darius', 'Lee Sin', 'Seraphine', 'Tristana', 'Ziggs')",0,1,1
"('Fizz', 'Hecarim', 'Skarner', 'Taric', 'Varus')",1,0,1
"('Graves', ""Kai'Sa"", 'Rakan', ""Rek'Sai"", 'Twisted Fate')",1,0,1
"('Akali', 'Camille', 'Jinx', 'Rumble', 'Viego')",1,0,1
"('Alistar', 'Ashe', 'LeBlanc', 'Lee Sin', 'Renekton')",0,1,1
"('Akali', 'Graves', ""K'Sante"", 'Nautilus', 'Vayne')",1,0,1
"('Aphelios', 'Katarina', 'Nautilus', 'Xin Zhao', 'Zyra')",1,0,1
"('Ahri', 'Braum', 'Jinx', ""K'Sante"", 'Xin Zhao')",0,1,1
"('Karthus', 'Lulu', 'Skarner', 'Varus', 'Yone')",0,1,1
"('Hwei', 'Jax', 'Jhin', 'Xin Zhao', 'Zoe')",1,0,1
"('Jayce', 'Nautilus', ""Rek'Sai"", 'Tryndamere', 'Veigar')",0,1,1
"('Alistar', 'Elise', ""Kai'Sa"", 'Tristana', 'Volibear')",0,1,1
"('Blitzcrank', 'Lux', 'Olaf', 'Varus', 'Xin Zhao')",1,0,1
"('Jayce', 'Lulu', 'Tristana', 'Twisted Fate', 'Xin Zhao')",1,0,1
"('Akshan', 'Brand', 'Lucian', 'Pantheon', 'Rell')",0,1,1
"('Gangplank', 'Karthus', 'Smolder', 'Tristana', 'Yuumi')",0,1,1
"('Corki', 'Nautilus', ""Rek'Sai"", 'Rumble', 'Yone')",1,0,1
"('Aurelion Sol', ""Bel'Veth"", 'Jhin', 'Karma', 'Smolder')",1,0,1
"('Ashe', 'Kled', 'LeBlanc', 'Nautilus', 'Viego')",1,0,1
"('Akali', 'Jax', 'Lulu', 'Poppy', 'Zeri')",1,0,1
"('Camille', 'Jinx', 'Lee Sin', 'Lillia', 'Rakan')",0,1,1
"('Ahri', 'Ashe', 'Seraphine', 'Sylas', 'Viego')",1,0,1
"('Ahri', 'Lucian', 'Rakan', 'Urgot', 'Viego')",1,0,1
"('Ashe', 'Blitzcrank', 'Galio', 'Olaf', 'Viego')",0,1,1
"('Aphelios', 'Gragas', 'Hwei', 'Kayn', 'Thresh')",1,0,1
"('Dr. Mundo', 'Fizz', 'Shaco', 'Thresh', 'Xayah')",1,0,1
"('Aurelion Sol', 'Graves', 'Jhin', 'Twisted Fate', 'Zyra')",0,1,1
"('Blitzcrank', 'Lucian', ""Rek'Sai"", 'Rumble', 'Taliyah')",1,0,1
"('Ahri', 'Bard', 'Ezreal', 'Fiora', 'Lee Sin')",1,0,1
"('Camille', 'Graves', 'Jinx', ""K'Sante"", 'Xerath')",1,0,1
"(""Bel'Veth"", 'Jinx', 'Lulu', 'Skarner', 'Twisted Fate')",1,0,1
"('Aurelion Sol', 'Draven', 'Jax', 'Lee Sin', 'Nautilus')",0,1,1
"(""Bel'Veth"", 'Caitlyn', 'Tristana', 'Yorick', 'Zoe')",0,1,1
"('Braum', ""Kai'Sa"", 'Nidalee', 'Pantheon', 'Skarner')",1,0,1
"('Ashe', 'Quinn', 'Rumble', 'Sylas', 'Viego')",1,0,1
"('Aurelion Sol', 'Nautilus', 'Skarner', 'Smolder', 'Viego')",0,1,1
"('Corki', 'Gnar', 'Nautilus', 'Syndra', 'Talon')",1,0,1
"('Aurelion Sol', 'Gwen', 'Rell', 'Varus', 'Viego')",0,1,1
"(""Bel'Veth"", 'Cassiopeia', ""Cho'Gath"", 'Senna', 'Tristana')",1,0,1
"('Gragas', 'LeBlanc', 'Lee Sin', 'Rell', 'Varus')",0,1,1
"('Caitlyn', 'Nautilus', 'Riven', 'Taliyah', 'Viego')",1,0,1
"('Gragas', 'Nautilus', 'Taliyah', 'Varus', 'Viego')",1,0,1
"('Ahri', 'Kalista', 'Kennen', 'Thresh', 'Vi')",1,0,1
"('Aurelion Sol', 'Jayce', 'Thresh', 'Varus', 'Viego')",1,0,1
"('Draven', 'Jax', 'Seraphine', 'Tryndamere', 'Twisted Fate')",1,0,1
"('Ashe', 'Lillia', 'Nautilus', 'Poppy', 'Tristana')",0,1,1
"('Ahri', 'Draven', 'Lee Sin', 'Volibear', 'Zyra')",0,1,1
"('Ahri', 'Camille', 'Lulu', 'Xin Zhao', 'Zeri')",0,1,1
"('Aurelion Sol', 'Olaf', 'Swain', 'Varus', 'Viego')",0,1,1
"('Akali', 'Jayce', 'Jinx', 'Lulu', 'Xin Zhao')",0,1,1
"('Bard', 'Diana', 'Jinx', 'Tristana', 'Vladimir')",1,0,1
"('Akshan', 'Nidalee', 'Pantheon', 'Renekton', 'Swain')",0,1,1
"('Ahri', 'Aphelios', 'Brand', 'Braum', 'Yone')",1,0,1
"('Ahri', ""Cho'Gath"", 'Jax', 'Skarner', 'Twisted Fate')",0,1,1
"('Brand', ""K'Sante"", 'Nautilus', 'Twitch', 'Yone')",1,0,1
"('Ashe', 'Fizz', 'Neeko', 'Taliyah', 'Yasuo')",1,0,1
"('Ahri', ""Kai'Sa"", 'Rell', 'Riven', 'Vi')",0,1,1
"('Blitzcrank', ""Kai'Sa"", 'Lillia', 'Tristana', 'Twisted Fate')",1,0,1
"('Aatrox', 'Ahri', 'Corki', 'Fiddlesticks', 'LeBlanc')",0,1,1
"('Fiddlesticks', 'Kalista', 'Pantheon', 'Rengar', 'Viego')",0,1,1
"('Draven', 'Ekko', 'Graves', 'Nautilus', 'Udyr')",1,0,1
"('Ashe', 'Fiddlesticks', 'Leona', 'Trundle', 'Zed')",1,0,1
"('Azir', 'Graves', 'Lucian', 'Pyke', 'Udyr')",1,0,1
"('Ahri', 'Braum', 'Fiddlesticks', 'Tristana', 'Trundle')",1,0,1
"('Cassiopeia', 'Fiddlesticks', ""Kog'Maw"", 'Lulu', 'Sion')",1,0,1
"('Corki', 'Fiddlesticks', ""Kai'Sa"", 'Kennen', 'Senna')",1,0,1
"('Anivia', 'Nidalee', 'Rakan', 'Renekton', 'Varus')",0,1,1
"('Alistar', 'Corki', 'Jax', 'Lillia', 'Varus')",0,1,1
"('Fiddlesticks', 'Jhin', 'Karma', ""Kha'Zix"", 'Malphite')",0,1,1
"('Ashe', 'Graves', 'Hwei', 'Rumble', 'Yasuo')",0,1,1
"('Alistar', 'Jayce', 'Jinx', 'Nidalee', 'Yone')",1,0,1
"('Caitlyn', 'Corki', 'Fiddlesticks', 'Lux', 'Sejuani')",0,1,1
"('Ahri', 'Corki', 'Fiddlesticks', 'Fiora', 'Nautilus')",0,1,1
"('Camille', ""Cho'Gath"", 'Kalista', 'Nidalee', 'Rumble')",0,1,1
"('Ezreal', 'Gragas', ""Kai'Sa"", 'Nautilus', 'Nidalee')",1,0,1
"('Corki', 'Fizz', 'Kindred', 'Poppy', 'Twisted Fate')",0,1,1
"('Blitzcrank', 'Fiddlesticks', 'Fiora', 'Syndra', 'Zeri')",1,0,1
"('Aphelios', 'Galio', 'Jax', 'Lee Sin', 'Lulu')",1,0,1
"('Azir', 'Fiddlesticks', 'Lucian', 'Senna', 'Twisted Fate')",1,0,1
"('Corki', 'Fiddlesticks', 'Pyke', 'Taliyah', 'Vayne')",1,0,1
"('Ashe', 'Corki', 'Fiddlesticks', 'Pyke', 'Skarner')",0,1,1
"('Jinx', ""K'Sante"", 'Lulu', 'Nidalee', 'Talon')",1,0,1
"('Ashe', 'Braum', 'Riven', 'Twisted Fate', 'Xin Zhao')",0,1,1
"('Ahri', 'Aphelios', 'Olaf', 'Thresh', 'Viego')",0,1,1
"('Fiddlesticks', ""Kai'Sa"", 'Nautilus', 'Ornn', 'Qiyana')",1,0,1
"('Ekko', 'Jayce', 'Jinx', 'Lulu', 'Shen')",0,1,1
"('Blitzcrank', 'Lee Sin', 'Skarner', 'Zeri', 'Zoe')",1,0,1
"('Anivia', 'Ashe', 'Braum', 'Darius', 'Nidalee')",1,0,1
"('Ashe', 'Jax', 'Kalista', 'Nidalee', 'Sylas')",0,1,1
"('Corki', 'Fiddlesticks', 'Neeko', 'Tristana', 'Volibear')",1,0,1
"('Aatrox', 'Graves', 'Udyr', ""Vel'Koz"", 'Zeri')",1,0,1
"('Aphelios', 'Fiddlesticks', 'Nautilus', 'Neeko', 'Skarner')",0,1,1
"('Dr. Mundo', 'Fiddlesticks', 'Pyke', 'Varus', 'Yone')",1,0,1
"('Fiddlesticks', 'Irelia', 'Jinx', 'Yone', 'Zyra')",1,0,1
"('Aurelion Sol', 'Fiddlesticks', 'Fiora', 'Jinx', 'Thresh')",1,0,1
"('Irelia', 'Lucian', 'Nidalee', 'Rakan', 'Zed')",1,0,1
"('Akshan', 'Camille', 'Jhin', 'Nidalee', 'Pyke')",1,0,1
"('Fiddlesticks', 'Fiora', 'Jinx', 'Karthus', 'Taric')",1,0,1
"('Fizz', 'Gangplank', 'Lee Sin', 'Lucian', 'Nami')",1,0,1
"('Azir', 'Caitlyn', 'Malphite', 'Rumble', 'Viego')",0,1,1
"('Anivia', 'Jinx', 'Lee Sin', 'Rell', 'Tryndamere')",0,1,1
"('Gragas', 'Kalista', 'Nidalee', 'Rell', 'Yasuo')",1,0,1
"('Ashe', 'Braum', 'Gragas', 'Jax', 'Yasuo')",0,1,1
"('Aatrox', 'Corki', 'Jinx', 'Nautilus', 'Nidalee')",0,1,1
"('Fiddlesticks', 'Fiora', 'Rakan', 'Varus', 'Vladimir')",1,0,1
"('Aatrox', 'Fiddlesticks', 'Renata Glasc', 'Renekton', 'Senna')",0,1,1
"('Ashe', 'Graves', 'Hwei', 'Nautilus', 'Olaf')",0,1,1
"('Akshan', 'Alistar', 'Ashe', 'Nasus', 'Nidalee')",1,0,1
"('Aphelios', 'Bard', 'Fizz', 'Jax', 'Nidalee')",1,0,1
"('Cassiopeia', 'Graves', 'LeBlanc', 'Varus', 'Zilean')",0,1,1
"('Graves', 'LeBlanc', 'Nautilus', 'Twisted Fate', 'Varus')",1,0,1
"('Aurelion Sol', 'Gnar', 'Graves', 'Seraphine', 'Varus')",0,1,1
"('Ashe', 'Bard', 'Jayce', 'Nidalee', 'Riven')",1,0,1
"('Corki', 'Nidalee', 'Ornn', 'Rakan', 'Xayah')",0,1,1
"('Ivern', 'Leona', 'Rumble', 'Samira', 'Tristana')",1,0,1
"('Caitlyn', 'Jax', 'Rengar', 'Syndra', 'Viego')",1,0,1
"('Alistar', 'Aphelios', 'Nidalee', 'Vayne', 'Yasuo')",0,1,1
"('Lucian', 'Nami', 'Nidalee', 'Rengar', 'Yone')",1,0,1
"('Caitlyn', 'Gragas', 'Graves', 'Seraphine', 'Taliyah')",1,0,1
"('Akshan', 'Jhin', 'Nidalee', 'Riven', 'Thresh')",1,0,1
"('Ashe', 'Camille', 'Corki', 'Fiddlesticks', 'Skarner')",0,1,1
"('Akshan', 'Elise', 'Jax', 'Nilah', 'Pyke')",1,0,1
"('Akali', 'Camille', 'Fiddlesticks', 'Jayce', 'Lucian')",0,1,1
"('Lulu', 'Nidalee', 'Ornn', 'Tristana', 'Zeri')",1,0,1
"('Hwei', 'Kled', 'Nidalee', 'Rakan', 'Xayah')",1,0,1
"('Aphelios', 'Braum', 'Kled', 'Nidalee', 'Orianna')",1,0,1
"('Fiddlesticks', 'Lucian', 'Maokai', 'Rell', 'Tristana')",1,0,1
"('Ashe', 'Fiddlesticks', 'Jayce', 'Lulu', 'Viktor')",0,1,1
"('Braum', 'Fiddlesticks', 'Jinx', ""K'Sante"", 'Tristana')",1,0,1
"('Corki', 'Fiddlesticks', 'Gnar', 'Hwei', 'Thresh')",0,1,1
"('Draven', 'Elise', 'Galio', 'Kled', 'Renata Glasc')",1,0,1
"('Elise', 'Jinx', 'Kled', 'Nautilus', 'Yasuo')",1,0,1
"('Corki', 'Rell', 'Rumble', 'Swain', 'Talon')",1,0,1
"('Ashe', 'Fiddlesticks', 'Jayce', 'Rumble', 'Tristana')",1,0,1
"('Jinx', 'Lulu', 'Skarner', 'Twisted Fate', 'Vi')",0,1,1
"(""Bel'Veth"", 'Darius', ""Kai'Sa"", 'Sivir', 'Tryndamere')",0,1,1
"('Amumu', 'Bard', 'Camille', 'Ezreal', 'Hwei')",1,0,1
"('Aurelion Sol', 'Gwen', 'Jhin', ""Rek'Sai"", 'Senna')",0,1,1
"('Lillia', 'Skarner', 'Thresh', 'Tristana', 'Zeri')",1,0,1
"('Ashe', 'Corki', 'Ivern', 'Nasus', 'Seraphine')",1,0,1
"('Azir', 'Kalista', 'Rumble', 'Xin Zhao', 'Zac')",1,0,1
"('Blitzcrank', 'Fiddlesticks', 'Jinx', 'Rumble', 'Yone')",1,0,1
"(""Kha'Zix"", 'Kled', 'LeBlanc', 'Lulu', 'Varus')",1,0,1
"('Ashe', 'Nautilus', 'Nidalee', 'Sion', 'Tristana')",1,0,1
"(""Bel'Veth"", 'Nautilus', 'Ryze', 'Varus', 'Yasuo')",1,0,1
"('Gnar', 'Jinx', 'Nidalee', 'Thresh', 'Tristana')",1,0,1
"('Akali', 'Ashe', 'Lillia', 'Riven', 'Twitch')",1,0,1
"('Ahri', 'Leona', 'Lillia', 'Skarner', 'Varus')",1,0,1
"('Nautilus', 'Nidalee', 'Renekton', 'Varus', 'Yone')",1,0,1
"('Ashe', 'Galio', 'Nautilus', 'Riven', 'Udyr')",0,1,1
"('Katarina', 'Lulu', 'Master Yi', 'Nautilus', 'Varus')",1,0,1
"('Diana', 'Gnar', 'Nautilus', 'Nidalee', 'Varus')",0,1,1
"('LeBlanc', 'Rumble', 'Shaco', 'Varus', 'Viego')",0,1,1
"('Hwei', 'Jinx', 'Lee Sin', 'Poppy', 'Twisted Fate')",0,1,1
"(""Bel'Veth"", 'LeBlanc', 'Pyke', 'Rumble', 'Zeri')",0,1,1
"('Akali', 'Lulu', 'Sejuani', 'Wukong', 'Zeri')",0,1,1
"('Ashe', 'Camille', 'Jax', 'Kindred', 'Zilean')",1,0,1
"('Darius', 'Hwei', ""Rek'Sai"", 'Thresh', 'Zeri')",0,1,1
"('Alistar', 'Jayce', 'Taliyah', 'Zac', 'Zeri')",0,1,1
"('Akali', 'Gnar', 'Jarvan IV', 'Jinx', 'Seraphine')",0,1,1
"('Alistar', 'Kindred', 'Skarner', 'Vladimir', 'Zeri')",1,0,1
"('Heimerdinger', 'Jax', 'Jinx', 'Thresh', 'Twisted Fate')",0,1,1
"('Blitzcrank', 'Kennen', 'Skarner', 'Viktor', 'Zeri')",1,0,1
"('Annie', ""Rek'Sai"", 'Yasuo', 'Zeri', 'Zyra')",0,1,1
"('Alistar', 'Jayce', ""Kai'Sa"", 'Orianna', 'Viego')",1,0,1
"('Ashe', 'Gragas', 'Leona', 'Nidalee', 'Yone')",1,0,1
"('Jhin', 'Neeko', 'Rumble', 'Yuumi', 'Zeri')",1,0,1
"('Braum', 'Evelynn', 'Gnar', 'Samira', 'Zac')",0,1,1
"('Rakan', 'Sejuani', 'Taliyah', 'Yone', 'Zeri')",1,0,1
"('Taliyah', 'Thresh', 'Tristana', 'Warwick', 'Zeri')",0,1,1
"('Kennen', 'Thresh', 'Tristana', 'Viego', 'Zeri')",1,0,1
"('Alistar', 'Corki', 'Illaoi', ""Kai'Sa"", 'Taliyah')",1,0,1
"('Fiora', 'Nidalee', 'Yuumi', 'Zeri', 'Zoe')",1,0,1
"('Akshan', 'Jayce', ""Kai'Sa"", 'Nautilus', 'Nidalee')",0,1,1
"('Lillia', 'Ornn', 'Rell', 'Tristana', 'Varus')",0,1,1
"('Hwei', 'Leona', 'Lucian', 'Rumble', 'Viego')",0,1,1
"('Jayce', ""Kai'Sa"", 'Lee Sin', 'Nautilus', 'Orianna')",0,1,1
"('Ahri', 'Camille', 'Jinx', 'Kindred', 'Rumble')",0,1,1
"('Nautilus', 'Skarner', 'Taliyah', 'Twitch', 'Zed')",1,0,1
"(""K'Sante"", 'Kalista', 'Pyke', ""Rek'Sai"", 'Syndra')",1,0,1
"('Ashe', 'Camille', 'Nunu & Willump', 'Rakan', 'Urgot')",1,0,1
"('Aatrox', 'Jinx', 'Nautilus', 'Nidalee', 'Tristana')",1,0,1
"('Ezreal', 'Kindred', 'Leona', 'Teemo', 'Zoe')",0,1,1
"('Camille', 'Shaco', 'Taliyah', 'Twisted Fate', 'Zeri')",1,0,1
"('Graves', 'Nautilus', 'Orianna', 'Varus', 'Vayne')",0,1,1
"('Alistar', 'Jinx', 'Kindred', 'Sett', 'Syndra')",0,1,1
"('Aurelion Sol', 'Nautilus', 'Senna', 'Shen', 'Viego')",0,1,1
"('Camille', 'Jinx', 'Neeko', 'Sett', 'Taliyah')",0,1,1
"('Cassiopeia', 'Corki', 'Jarvan IV', 'Nautilus', 'Taliyah')",1,0,1
"('Aphelios', 'Camille', 'Lillia', 'Rell', 'Yasuo')",0,1,1
"('Ezreal', 'Kindred', 'Taliyah', 'Thresh', 'Vladimir')",0,1,1
"('Elise', 'Jinx', 'Renekton', 'Thresh', 'Yasuo')",0,1,1
"('Blitzcrank', ""Kai'Sa"", 'Rumble', 'Sylas', 'Yasuo')",1,0,1
"('Corki', 'Draven', 'Kindred', 'Pyke', 'Viktor')",0,1,1
"('Blitzcrank', 'Galio', 'Gwen', ""Kai'Sa"", 'Lee Sin')",1,0,1
"('Ashe', 'Kindred', 'Malphite', 'Singed', 'Taric')",1,0,1
"('Gnar', 'Nidalee', 'Rakan', 'Vex', 'Zeri')",1,0,1
"('Ashe', 'Azir', 'Jax', 'Rumble', 'Seraphine')",0,1,1
"('Lulu', 'Twisted Fate', 'Vex', 'Viego', 'Zeri')",1,0,1
"('Morgana', 'Qiyana', 'Rell', 'Wukong', 'Zeri')",0,1,1
"('Seraphine', 'Taliyah', 'Twisted Fate', 'Varus', 'Viego')",0,1,1
"('Aatrox', 'Kindred', 'Lucian', 'Nami', 'Taliyah')",1,0,1
"('Aatrox', 'Diana', 'Kindred', 'Thresh', 'Zeri')",0,1,1
"('Alistar', ""Bel'Veth"", ""Kai'Sa"", 'Karthus', 'Tristana')",0,1,1
"('Corki', 'Galio', 'Jarvan IV', 'Shen', 'Taliyah')",1,0,1
"('Graves', 'Jinx', 'Nautilus', 'Rumble', 'Zed')",1,0,1
"('Brand', ""K'Sante"", 'Rell', 'Tristana', 'Zed')",1,0,1
"('Akali', ""K'Sante"", ""Kha'Zix"", 'Seraphine', 'Zeri')",0,1,1
"('Ashe', 'Blitzcrank', 'Karma', 'Kindred', 'Rumble')",1,0,1
"('Rell', 'Renekton', 'Samira', 'Taliyah', 'Tristana')",1,0,1
"('Akshan', ""Kai'Sa"", 'Nautilus', 'Rumble', 'Taliyah')",1,0,1
"('Aurelion Sol', 'Nautilus', 'Sivir', 'Skarner', 'Viego')",0,1,1
"(""Kai'Sa"", 'Nautilus', 'Rumble', 'Vi', 'Yone')",1,0,1
"('Kindred', ""Kog'Maw"", 'Poppy', 'Udyr', 'Zoe')",0,1,1
"(""Kai'Sa"", 'Naafiri', 'Nautilus', 'Viego', 'Vladimir')",1,0,1
"(""Bel'Veth"", ""Kai'Sa"", 'Kayle', 'Nautilus', 'Talon')",0,1,1
"('Ezreal', 'Hwei', 'Nasus', 'Seraphine', 'Skarner')",0,1,1
"('Rakan', 'Singed', 'Taliyah', 'Xayah', 'Yone')",1,0,1
"('Blitzcrank', 'Caitlyn', 'Renekton', 'Skarner', 'Zoe')",1,0,1
"('Caitlyn', 'LeBlanc', 'Lee Sin', 'Rumble', 'Seraphine')",0,1,1
"('Caitlyn', 'Graves', 'Karma', 'Orianna', 'Renekton')",1,0,1
"('Hecarim', 'Jinx', 'Nautilus', 'Rumble', 'Taliyah')",0,1,1
"('Caitlyn', 'Jax', 'Lulu', 'Xin Zhao', 'Zoe')",0,1,1
"('Galio', 'Nunu & Willump', 'Pantheon', 'Rumble', 'Varus')",1,0,1
"('Blitzcrank', 'Kennen', 'Lee Sin', 'Riven', 'Xayah')",1,0,1
"('Ivern', 'Jax', 'Nautilus', 'Nidalee', 'Varus')",0,1,1
"('Heimerdinger', 'Jax', 'Nidalee', 'Varus', 'Zed')",0,1,1
"('Ashe', 'Olaf', 'Renekton', 'Taliyah', 'Varus')",1,0,1
"('Jax', ""Kai'Sa"", 'Nautilus', 'Nidalee', 'Tristana')",1,0,1
"('Brand', 'Fiora', ""Kai'Sa"", 'Lee Sin', 'Nautilus')",0,1,1
"('Gwen', ""Kai'Sa"", 'Lillia', 'Pyke', 'Qiyana')",0,1,1
"('Darius', 'Janna', ""Kai'Sa"", 'Taliyah', 'Vi')",0,1,1
"('Alistar', ""Kai'Sa"", 'Lissandra', 'Master Yi', 'Skarner')",0,1,1
"('Aurelion Sol', 'Blitzcrank', 'Kalista', ""Rek'Sai"", 'Twisted Fate')",1,0,1
"('Blitzcrank', 'Caitlyn', 'Galio', 'Gwen', ""Rek'Sai"")",1,0,1
"('Caitlyn', 'Gragas', 'Irelia', 'Nautilus', 'Taliyah')",1,0,1
"('Braum', 'Jinx', 'Nidalee', 'Sylas', 'Tryndamere')",1,0,1
"('Caitlyn', 'Fiora', 'Jax', 'LeBlanc', 'Viego')",0,1,1
"(""Kai'Sa"", 'Nidalee', 'Pantheon', 'Volibear', 'Zac')",1,0,1
"('Jhin', 'Kled', 'Lee Sin', 'Rakan', 'Riven')",1,0,1
"('Ashe', 'Corki', 'Gwen', 'Nautilus', 'Nidalee')",0,1,1
"(""Bel'Veth"", 'Camille', 'Galio', 'Rakan', 'Twitch')",0,1,1
"('Bard', ""Bel'Veth"", ""Kai'Sa"", 'Master Yi', 'Rumble')",0,1,1
"('Blitzcrank', 'Dr. Mundo', 'Kalista', 'Nidalee', 'Zed')",0,1,1
"('Aphelios', 'Camille', 'Nocturne', 'Olaf', 'Singed')",1,0,1
"('Ashe', 'Aurelion Sol', 'Darius', 'Lulu', ""Rek'Sai"")",1,0,1
"('Akshan', 'Alistar', 'Caitlyn', 'Renekton', 'Taliyah')",1,0,1
"('Jax', 'Rell', 'Taliyah', 'Talon', 'Zeri')",1,0,1
"('Kalista', 'Nidalee', 'Pyke', 'Twisted Fate', 'Yone')",1,0,1
"('Gwen', 'Hwei', 'Kalista', 'Nautilus', 'Viego')",1,0,1
"('Aphelios', 'Hwei', 'Jarvan IV', ""K'Sante"", 'Tristana')",0,1,1
"('Ashe', 'LeBlanc', 'Seraphine', 'Skarner', 'Viego')",1,0,1
"('Caitlyn', 'Graves', 'Heimerdinger', 'Orianna', 'Yone')",0,1,1
"('Corki', 'Pantheon', 'Vayne', ""Vel'Koz"", 'Viego')",0,1,1
"('Gragas', ""Kai'Sa"", ""Rek'Sai"", 'Rell', 'Riven')",1,0,1
"('Aphelios', 'Aurelion Sol', ""K'Sante"", 'Rell', 'Taliyah')",0,1,1
"('Jayce', 'Lucian', 'Soraka', 'Taliyah', 'Vayne')",1,0,1
"('Ahri', 'Rell', 'Skarner', 'Varus', 'Xin Zhao')",0,1,1
"('Lillia', 'Nautilus', 'Shen', 'Sivir', 'Twisted Fate')",1,0,1
"('Alistar', 'Ashe', 'Gragas', 'Hwei', 'Viego')",0,1,1
"('Camille', 'Heimerdinger', 'Katarina', 'Lee Sin', 'Lucian')",1,0,1
"('Katarina', 'Lulu', 'Sejuani', 'Skarner', 'Zeri')",1,0,1
"('Amumu', 'Hwei', 'Miss Fortune', 'Nidalee', 'Renekton')",0,1,1
"('Alistar', 'Diana', ""Kai'Sa"", 'Pantheon', 'Viego')",1,0,1
"('Irelia', 'Jayce', 'Lillia', 'Nautilus', 'Zeri')",1,0,1
"(""Kai'Sa"", ""Kha'Zix"", 'Nami', 'Syndra', 'Tryndamere')",1,0,1
"('Ashe', ""K'Sante"", 'Taliyah', 'Thresh', 'Tristana')",1,0,1
"('Aphelios', 'Kindred', 'Lissandra', 'Rell', 'Rumble')",1,0,1
"('Akshan', ""Kai'Sa"", 'Rell', 'Rumble', 'Taliyah')",1,0,1
"('Aphelios', 'Hecarim', 'Orianna', 'Renata Glasc', 'Rumble')",0,1,1
"('Aatrox', 'Alistar', 'Hecarim', 'Jayce', ""Kai'Sa"")",1,0,1
"('Lee Sin', 'Lissandra', 'Rumble', 'Seraphine', 'Smolder')",1,0,1
"('Hwei', ""Kai'Sa"", 'Kennen', 'Rakan', 'Viego')",1,0,1
"('Nidalee', 'Rakan', 'Skarner', 'Smolder', 'Zac')",0,1,1
"('Braum', ""Kai'Sa"", 'Karthus', 'Renekton', 'Ryze')",1,0,1
"('Brand', 'Rumble', 'Sona', 'Yone', 'Zeri')",0,1,1
"('Alistar', 'Mordekaiser', 'Nidalee', 'Talon', 'Zeri')",0,1,1
"('Renekton', 'Taliyah', 'Talon', 'Taric', 'Zeri')",0,1,1
"('Aurelion Sol', 'Camille', 'Graves', 'Rell', 'Samira')",1,0,1
"('Kindred', 'Seraphine', 'Sivir', 'Taliyah', 'Tryndamere')",1,0,1
"('Darius', 'Hwei', 'Kalista', 'Renata Glasc', 'Xin Zhao')",0,1,1
"('Kalista', 'Karthus', 'Skarner', 'Tristana', 'Vayne')",1,0,1
"(""Kai'Sa"", 'LeBlanc', 'Poppy', 'Tryndamere', 'Viego')",1,0,1
"(""Kai'Sa"", 'Karthus', 'Ornn', 'Rell', 'Twisted Fate')",0,1,1
"('Bard', ""Bel'Veth"", 'LeBlanc', 'Renekton', 'Zeri')",1,0,1
"('Blitzcrank', 'Ekko', 'Gragas', 'Qiyana', 'Xayah')",0,1,1
"('Blitzcrank', 'Ekko', 'Graves', 'Gwen', ""Kai'Sa"")",1,0,1
"('Graves', ""Kai'Sa"", 'Poppy', 'Rumble', 'Tristana')",0,1,1
"('Jinx', ""Kai'Sa"", 'Karthus', 'Qiyana', 'Tryndamere')",0,1,1
"('Hwei', 'Jax', 'Jhin', 'Kindred', 'Pyke')",1,0,1
"('Ashe', 'Kindred', 'LeBlanc', 'Rumble', 'Skarner')",1,0,1
"('Corki', 'Jayce', 'Katarina', 'Lillia', 'Maokai')",0,1,1
"('Akshan', 'Alistar', 'Graves', ""Kai'Sa"", 'Vladimir')",1,0,1
"('Briar', 'Draven', 'Fizz', 'Kennen', 'Rell')",0,1,1
"('Nidalee', 'Rell', 'Skarner', 'Talon', 'Zeri')",1,0,1
"('Kalista', 'Nidalee', 'Nunu & Willump', 'Thresh', 'Wukong')",1,0,1
"('Katarina', ""Rek'Sai"", 'Seraphine', 'Skarner', 'Varus')",1,0,1
"('Irelia', 'Jinx', 'Riven', 'Rumble', 'Seraphine')",0,1,1
"('Karthus', 'Kennen', 'Pantheon', 'Skarner', 'Zeri')",1,0,1
"('Camille', 'Draven', 'Renata Glasc', 'Viego', 'Viktor')",0,1,1
"('Draven', 'Rell', 'Rumble', 'Twisted Fate', 'Viego')",1,0,1
"('Braum', 'Corki', 'Hwei', 'Rumble', 'Viego')",1,0,1
"('Bard', 'Ezreal', ""K'Sante"", 'Taliyah', 'Yasuo')",1,0,1
"('Brand', 'Gnar', 'Karthus', 'Nautilus', 'Zeri')",1,0,1
"('Kennen', 'Rell', 'Tristana', 'Varus', 'Viego')",0,1,1
"('Kalista', 'Nidalee', 'Pyke', 'Qiyana', 'Twisted Fate')",0,1,1
"('Aatrox', 'Jinx', 'Karthus', 'Nautilus', 'Yone')",0,1,1
"('Nidalee', 'Rakan', ""Rek'Sai"", 'Viego', 'Zeri')",1,0,1
"('Ekko', 'Fiora', ""Kai'Sa"", 'Leona', 'Sejuani')",1,0,1
"('Aphelios', 'Corki', 'Leona', 'Skarner', 'Taliyah')",1,0,1
"('Camille', 'Hwei', 'Rumble', 'Varus', 'Viego')",0,1,1
"('Blitzcrank', 'Jax', 'Jayce', ""Kai'Sa"", 'Nidalee')",1,0,1
"('Ahri', 'Hwei', 'Master Yi', 'Nasus', 'Varus')",1,0,1
"('Jax', ""Kai'Sa"", 'Neeko', 'Rell', 'Rumble')",1,0,1
"('Fiddlesticks', ""K'Sante"", ""Kai'Sa"", 'Poppy', 'Tristana')",1,0,1
"('Aatrox', 'Akali', ""Kha'Zix"", 'Rell', 'Tristana')",1,0,1
"('Jhin', 'Maokai', 'Renekton', 'Sylas', 'Tristana')",0,1,1
"('Bard', 'Corki', ""K'Sante"", ""Kai'Sa"", 'Nidalee')",1,0,1
"('Jayce', 'Karthus', 'Rell', 'Samira', 'Zac')",1,0,1
"('Lucian', 'Nautilus', 'Taliyah', 'Tristana', 'Twisted Fate')",1,0,1
"('Azir', 'Gragas', 'Nautilus', 'Varus', 'Viego')",1,0,1
"('Ashe', 'Camille', 'Hecarim', 'Hwei', 'Shaco')",1,0,1
"('Akali', 'Nilah', 'Pyke', 'Viego', 'Xerath')",1,0,1
"('Camille', 'Fizz', 'Quinn', 'Samira', 'Viego')",0,1,1
"('Alistar', 'Ashe', 'Nasus', 'Rumble', 'Vayne')",1,0,1
"(""Kha'Zix"", 'Neeko', 'Rumble', 'Veigar', 'Yone')",1,0,1
"('Azir', 'Jhin', 'Lee Sin', 'Senna', 'Twisted Fate')",0,1,1
"('Draven', 'Jax', 'Sylas', 'Thresh', 'Warwick')",0,1,1
"('Akali', 'Aphelios', 'Gangplank', 'Nautilus', 'Viego')",0,1,1
"(""Bel'Veth"", 'Camille', 'Ezreal', 'Pyke', 'Twisted Fate')",1,0,1
"('Ezreal', 'Jayce', 'Katarina', 'Nasus', 'Nidalee')",1,0,1
"('Ashe', 'Nautilus', 'Renekton', 'Sylas', 'Yone')",1,0,1
"('Corki', ""Kai'Sa"", 'Nidalee', 'Rumble', 'Seraphine')",0,1,1
"('Diana', 'Nautilus', 'Samira', 'Varus', 'Yasuo')",1,0,1
"('Nautilus', 'Rumble', 'Taliyah', 'Varus', 'Volibear')",0,1,1
"('Fiddlesticks', 'Gragas', 'Senna', 'Tristana', 'Zeri')",1,0,1
"('Blitzcrank', 'Jinx', 'Renekton', 'Skarner', 'Twisted Fate')",1,0,1
"('Jayce', ""Kai'Sa"", 'Rakan', 'Skarner', 'Zoe')",0,1,1
"(""Bel'Veth"", 'Galio', 'Jax', 'Smolder', 'Zoe')",1,0,1
"('Aphelios', 'Camille', 'Lulu', 'Neeko', ""Rek'Sai"")",0,1,1
"('Aatrox', 'Lucian', 'Nautilus', 'Nidalee', 'Pantheon')",0,1,1
"('Blitzcrank', 'Graves', 'Hwei', 'Jinx', 'Vayne')",0,1,1
"(""Kai'Sa"", 'Kindred', 'Rakan', ""Rek'Sai"", 'Syndra')",0,1,1
"('Elise', 'Jayce', 'Jhin', 'Poppy', 'Skarner')",0,1,1
"('Bard', 'Caitlyn', 'Jarvan IV', 'Tryndamere', 'Twisted Fate')",1,0,1
"('Corki', 'Hecarim', 'Jax', 'Soraka', 'Twisted Fate')",1,0,1
"('Alistar', 'Elise', 'Galio', 'Jax', 'Smolder')",1,0,1
"('Nasus', 'Skarner', 'Thresh', 'Twisted Fate', 'Zeri')",0,1,1
"('Corki', 'Rell', 'Rumble', 'Xin Zhao', 'Zed')",1,0,1
"('Gragas', 'Kayn', 'Lulu', 'Twisted Fate', 'Zeri')",0,1,1
"(""Bel'Veth"", 'Gangplank', 'Rakan', 'Twisted Fate', 'Varus')",0,1,1
"('Alistar', 'Jax', ""Kai'Sa"", 'Sylas', 'Viego')",1,0,1
"('Ashe', 'Rumble', 'Taric', 'Twisted Fate', 'Viego')",0,1,1
"('Draven', 'Graves', 'Malphite', 'Nautilus', 'Twisted Fate')",1,0,1
"('Fiora', 'Jinx', 'Lulu', 'Sylas', 'Taliyah')",1,0,1
"('Ashe', 'Azir', 'Pantheon', 'Rumble', 'Seraphine')",1,0,1
"('Kindred', 'Nautilus', 'Sivir', 'Tristana', 'Twisted Fate')",0,1,1
"(""Kai'Sa"", 'Maokai', 'Rumble', 'Viego', 'Yone')",0,1,1
"('Aurelion Sol', 'Camille', 'Draven', 'Hecarim', 'Rumble')",1,0,1
"('Hwei', 'Lucian', 'Nami', 'Renekton', 'Xin Zhao')",1,0,1
"('Corki', 'Nautilus', 'Rumble', 'Taliyah', 'Tristana')",1,0,1
"('Karma', 'Kindred', 'Rumble', 'Varus', 'Yone')",1,0,1
"('Ashe', 'Jax', 'LeBlanc', 'Rell', 'Skarner')",1,0,1
"('Jinx', 'Katarina', 'Kennen', 'Nautilus', 'Xin Zhao')",0,1,1
"('Blitzcrank', 'Corki', 'Taliyah', 'Twisted Fate', 'Varus')",0,1,1
"('Draven', 'Galio', 'Pyke', 'Rumble', 'Viego')",1,0,1
"('Annie', 'Corki', 'Jax', 'Nautilus', 'Taliyah')",1,0,1
"('Corki', 'Jayce', 'Nidalee', 'Pantheon', 'Zyra')",1,0,1
"('Ashe', ""K'Sante"", 'Nidalee', 'Pantheon', 'Varus')",1,0,1
"('Caitlyn', 'Lux', 'Syndra', 'Taliyah', 'Varus')",1,0,1
"('Ahri', ""Rek'Sai"", 'Seraphine', 'Varus', 'Viego')",0,1,1
"('Braum', 'Jhin', 'Nidalee', 'Pantheon', ""Vel'Koz"")",1,0,1
"('Gragas', 'Kalista', 'Neeko', 'Skarner', 'Viego')",1,0,1
"('Jhin', 'Nidalee', 'Rakan', 'Renekton', 'Twisted Fate')",1,0,1
"('Draven', 'Nidalee', 'Thresh', 'Tryndamere', 'Viego')",1,0,1
"('Blitzcrank', 'Hwei', 'Nidalee', 'Skarner', 'Varus')",0,1,1
"('Jax', 'Seraphine', 'Taliyah', 'Tristana', 'Zeri')",0,1,1
"('Blitzcrank', 'Graves', ""Kai'Sa"", 'Rumble', 'Tristana')",1,0,1
"('Annie', 'Elise', 'Gwen', 'Viego', 'Zeri')",0,1,1
"('Lulu', 'Nunu & Willump', 'Rumble', 'Tristana', 'Vi')",1,0,1
"('Aatrox', 'Ashe', 'Lee Sin', 'Swain', 'Vex')",1,0,1
"('Aatrox', ""Bel'Veth"", 'Galio', ""Kai'Sa"", 'LeBlanc')",0,1,1
"('Graves', 'Jax', 'Rakan', 'Sivir', 'Twisted Fate')",1,0,1
"('Ashe', 'Corki', 'Milio', 'Nidalee', 'Twisted Fate')",1,0,1
"('Hwei', 'Lulu', 'Skarner', 'Viego', 'Zeri')",1,0,1
"('Corki', ""Kog'Maw"", 'Nautilus', 'Nidalee', 'Skarner')",0,1,1
"(""Bel'Veth"", ""Kai'Sa"", 'Renekton', 'Twisted Fate', 'Zilean')",0,1,1
"('Ashe', 'Lee Sin', 'Rakan', 'Twisted Fate', 'Zoe')",1,0,1
"('Irelia', 'Jhin', 'Pyke', 'Rumble', 'Ryze')",1,0,1
"('Akali', 'Alistar', 'Jax', ""Kai'Sa"", ""Rek'Sai"")",0,1,1
"('Corki', 'Fiora', 'Maokai', 'Nidalee', 'Tristana')",1,0,1
"('Draven', 'Poppy', ""Rek'Sai"", 'Rumble', 'Zoe')",0,1,1
"('Aatrox', 'Corki', 'Elise', 'Graves', 'Singed')",1,0,1
"('Gragas', 'Jhin', 'Nautilus', 'Rumble', 'Zed')",0,1,1
"('Akali', ""Bel'Veth"", 'Jayce', 'Jhin', 'Thresh')",1,0,1
"('Ashe', 'Jayce', 'Karma', 'Skarner', 'Sylas')",1,0,1
"('Corki', 'Elise', 'Karthus', 'Tristana', 'Varus')",1,0,1
"('Ashe', 'Jax', 'Nidalee', 'Seraphine', 'Yasuo')",1,0,1
"('Bard', 'Gnar', 'Jinx', 'Katarina', 'Rumble')",1,0,1
"('Jinx', 'Lee Sin', 'Lulu', 'Skarner', 'Zoe')",1,0,1
"('Gragas', 'Hecarim', 'Lulu', 'Tristana', 'Zeri')",1,0,1
"('Akali', 'Gragas', 'Jhin', 'Senna', 'Tristana')",1,0,1
"('Ashe', 'Braum', 'Gnar', 'Hwei', 'Sylas')",1,0,1
"('Karthus', 'Malphite', 'Sett', 'Taliyah', 'Tristana')",1,0,1
"('Orianna', 'Renekton', 'Shaco', 'Taliyah', 'Yasuo')",0,1,1
"('Irelia', 'Rell', 'Rumble', 'Taliyah', 'Tristana')",1,0,1
"('Fiora', 'Hwei', 'Master Yi', 'Varus', 'Zyra')",0,1,1
"('Braum', 'Taliyah', 'Twisted Fate', 'Varus', 'Yone')",0,1,1
"('Akali', ""K'Sante"", 'Lee Sin', 'Rakan', 'Smolder')",1,0,1
"('Aurelion Sol', ""Kai'Sa"", 'Rell', 'Rumble', 'Shaco')",1,0,1
"('Akali', 'Ashe', 'Braum', 'Fiora', 'Jax')",1,0,1
"('Draven', 'Hecarim', 'Jax', 'Thresh', 'Twisted Fate')",0,1,1
"('Blitzcrank', 'Fiora', ""Kai'Sa"", 'Vex', 'Viego')",1,0,1
"('Alistar', 'Jayce', 'Lillia', 'Xerath', 'Zeri')",1,0,1
"('Ashe', 'Braum', 'Gwen', 'Kled', 'Lissandra')",0,1,1
"('Karthus', 'Rakan', 'Sivir', 'Twisted Fate', 'Xayah')",1,0,1
"('Corki', 'Diana', 'Leona', 'Nidalee', 'Urgot')",0,1,1
"('Elise', 'Jinx', 'Renekton', 'Seraphine', 'Yone')",0,1,1
"('Blitzcrank', 'Jinx', 'Karthus', 'Skarner', 'Sylas')",0,1,1
"('Draven', 'Gwen', 'Renekton', 'Senna', 'Sylas')",0,1,1
"('Corki', 'Fiora', 'Nautilus', 'Nidalee', 'Tristana')",0,1,1
"('Corki', 'Gangplank', 'Rell', 'Taliyah', 'Tristana')",1,0,1
"('Graves', 'Hwei', 'Rumble', 'Shaco', 'Tristana')",1,0,1
"('Corki', 'Gangplank', 'Jinx', 'Nidalee', 'Seraphine')",0,1,1
"('Galio', 'Jinx', 'Nidalee', 'Skarner', 'Thresh')",1,0,1
"('Jhin', 'Maokai', 'Taliyah', 'Vayne', 'Yasuo')",1,0,1
"('Draven', 'Pantheon', 'Taliyah', 'Thresh', 'Twisted Fate')",1,0,1
"('Camille', 'Galio', 'Rumble', 'Samira', 'Viego')",0,1,1
"('Aurelion Sol', 'Gangplank', 'Janna', 'Lucian', 'Nidalee')",0,1,1
"('Corki', 'Jhin', 'Leona', 'Nidalee', 'Twisted Fate')",1,0,1
"('Mordekaiser', 'Nidalee', 'Tristana', 'Yuumi', 'Zeri')",0,1,1
"('Corki', 'Draven', 'Lee Sin', 'Nautilus', 'Olaf')",1,0,1
"('Ahri', 'Jax', ""Kog'Maw"", 'Lulu', 'Vi')",1,0,1
"('Leona', 'Lucian', 'Taliyah', 'Twisted Fate', 'Vi')",1,0,1
"('Kassadin', 'Kled', 'Leona', 'Rumble', 'Varus')",0,1,1
"('Alistar', 'Gragas', 'Hwei', 'Rengar', 'Varus')",1,0,1
"('Camille', 'Corki', 'LeBlanc', 'Lee Sin', 'Rakan')",1,0,1
"('Gragas', ""Kai'Sa"", 'LeBlanc', 'Lee Sin', 'Nautilus')",0,1,1
"('Fiora', 'Nidalee', 'Seraphine', 'Tristana', 'Varus')",1,0,1
"('Anivia', 'Lee Sin', 'Nidalee', 'Skarner', 'Zeri')",1,0,1
"('Aatrox', 'Ezreal', 'Lillia', 'Nidalee', 'Twisted Fate')",0,1,1
"('Aatrox', 'Gragas', 'Nautilus', 'Zed', 'Zeri')",1,0,1
"('Jayce', ""Kai'Sa"", 'Karthus', 'Rell', 'Sylas')",1,0,1
"('Karthus', 'Seraphine', 'Twisted Fate', 'Yone', 'Zeri')",1,0,1
"('Gwen', 'Miss Fortune', 'Qiyana', 'Rakan', 'Skarner')",0,1,1
"('Alistar', 'Ashe', 'Galio', 'Jax', 'Taliyah')",1,0,1
"('Ashe', 'Blitzcrank', 'Darius', 'Gragas', 'Tristana')",1,0,1
"('Ashe', 'Camille', 'Jax', 'Rumble', 'Seraphine')",1,0,1
"('Ahri', 'Aphelios', 'Nidalee', 'Rell', 'Udyr')",1,0,1
"('Ashe', 'Lux', 'Nidalee', 'Shaco', 'Tryndamere')",1,0,1
"('Caitlyn', 'Lux', 'Rengar', 'Rumble', 'Vex')",1,0,1
"(""K'Sante"", 'Lillia', 'Nautilus', 'Talon', 'Varus')",0,1,1
"('Camille', 'Graves', 'Nautilus', 'Xayah', 'Zoe')",1,0,1
"('Evelynn', 'Galio', 'Hwei', ""Kog'Maw"", 'Smolder')",1,0,1
"('Ashe', 'Brand', 'Kindred', 'Nautilus', 'Nocturne')",1,0,1
"('Aatrox', 'Blitzcrank', 'Fiddlesticks', 'Tristana', 'Zed')",0,1,1
"('Blitzcrank', 'Graves', 'Hwei', ""Kai'Sa"", 'Rammus')",1,0,1
"('Bard', 'Fiddlesticks', 'Jhin', 'LeBlanc', 'Sett')",0,1,1
"('Hwei', 'Jax', ""Kai'Sa"", 'Nautilus', 'Taliyah')",0,1,1
"('Fiddlesticks', 'Leona', 'Riven', 'Samira', 'Tristana')",0,1,1
"('Corki', 'Fiddlesticks', 'Tryndamere', 'Zed', 'Zyra')",0,1,1
"('Fiddlesticks', ""Kai'Sa"", 'Katarina', 'Nautilus', 'Olaf')",0,1,1
"('Braum', 'Gnar', 'Jinx', 'Kindred', 'Nunu & Willump')",1,0,1
"('Ashe', 'Braum', 'Fizz', 'Graves', 'Sion')",1,0,1
"('Fiddlesticks', 'Nautilus', 'Varus', 'Vladimir', 'Zed')",0,1,1
"('Fiddlesticks', ""K'Sante"", 'Nautilus', 'Zed', 'Zeri')",1,0,1
"('Camille', 'Fiddlesticks', ""Kai'Sa"", 'Thresh', 'Tristana')",1,0,1
"('Ashe', 'Braum', 'Camille', 'Hwei', 'Master Yi')",0,1,1
"('Bard', 'Jhin', 'Kennen', 'LeBlanc', 'Poppy')",0,1,1
"('Braum', 'Fiddlesticks', 'Gragas', ""K'Sante"", 'Yasuo')",0,1,1
"('Lucian', 'Nami', 'Skarner', 'Taliyah', 'Zoe')",1,0,1
"('Akshan', 'Darius', 'Fiddlesticks', 'Rakan', 'Tristana')",1,0,1
"('Ashe', 'Fizz', 'Graves', 'Neeko', 'Twisted Fate')",1,0,1
"('Camille', ""Kai'Sa"", 'Rell', 'Taliyah', 'Viego')",0,1,1
"('Graves', 'Jinx', 'Lulu', 'Malzahar', 'Teemo')",0,1,1
"('Katarina', 'Nidalee', 'Skarner', 'Thresh', 'Varus')",0,1,1
"('Ashe', 'Cassiopeia', 'Gwen', 'Lee Sin', 'Rell')",0,1,1
"('Draven', 'Lillia', 'Poppy', 'Sion', 'Twisted Fate')",0,1,1
"('Jayce', 'Karthus', 'Nilah', 'Rakan', 'Tristana')",1,0,1
"('Akali', 'Nautilus', 'Nidalee', 'Renekton', 'Smolder')",1,0,1
"('Jinx', 'Lucian', 'Lulu', 'Nidalee', 'Volibear')",1,0,1
"('Irelia', 'Lee Sin', 'Pyke', 'Tristana', 'Varus')",0,1,1
"('Elise', 'Kled', 'Renata Glasc', 'Riven', 'Varus')",0,1,1
"('Bard', 'Corki', 'Fiddlesticks', 'Jhin', 'Skarner')",1,0,1
"('Ashe', 'Camille', 'Fiddlesticks', 'Lulu', 'Yasuo')",0,1,1
"('Corki', 'Fiddlesticks', 'Kalista', 'Neeko', 'Riven')",0,1,1
"('Ashe', 'Braum', 'Kled', 'LeBlanc', 'Nidalee')",1,0,1
"('Camille', 'Fiddlesticks', ""Kai'Sa"", 'Seraphine', 'Tryndamere')",1,0,1
"('Diana', 'Lucian', 'Nami', 'Nidalee', 'Renekton')",0,1,1
"('Akshan', 'Graves', ""Kai'Sa"", 'Rell', 'Singed')",1,0,1
"('Caitlyn', 'Fiddlesticks', 'Katarina', 'Seraphine', 'Skarner')",0,1,1
"('Draven', 'Fiddlesticks', 'Graves', 'Leona', 'Viktor')",1,0,1
"('Elise', 'Jayce', ""Kai'Sa"", 'Rell', 'Tristana')",0,1,1
"('Anivia', ""Bel'Veth"", 'Camille', 'Rakan', 'Xayah')",0,1,1
"('Fiddlesticks', 'Kled', 'Neeko', 'Rakan', 'Xayah')",1,0,1
"('Fiddlesticks', 'Gragas', ""K'Sante"", ""Kai'Sa"", 'Nautilus')",1,0,1
"('LeBlanc', 'Nautilus', 'Renekton', 'Sivir', 'Taliyah')",0,1,1
"('Ezreal', 'Gnar', 'Jarvan IV', 'Karma', 'Taliyah')",0,1,1
"('Ashe', 'Lissandra', 'Nidalee', 'Olaf', 'Skarner')",0,1,1
"('Camille', ""Kai'Sa"", 'LeBlanc', 'Master Yi', 'Skarner')",1,0,1
"('Graves', 'Skarner', 'Twisted Fate', 'Urgot', 'Varus')",1,0,1
"('Fizz', 'Lee Sin', 'Rakan', 'Twisted Fate', 'Zeri')",1,0,1
"('Kalista', 'Olaf', 'Ryze', 'Thresh', 'Zac')",1,0,1
"('Ahri', 'Fiddlesticks', 'Jhin', 'Neeko', 'Shaco')",0,1,1
"('Alistar', 'Brand', 'Heimerdinger', 'Skarner', 'Viego')",1,0,1
"('Braum', 'Ekko', 'Lucian', ""Rek'Sai"", 'Rumble')",1,0,1
"('Blitzcrank', 'Briar', 'Draven', 'Jax', 'Yone')",0,1,1
"('Alistar', 'Fiddlesticks', 'Gragas', 'Jinx', 'Tristana')",0,1,1
"('Jinx', ""K'Sante"", 'Rakan', 'Taliyah', 'Viego')",0,1,1
"(""K'Sante"", 'Nautilus', 'Nidalee', 'Zeri', 'Zoe')",1,0,1
"('Jayce', 'Jinx', 'Karma', 'Nidalee', 'Renekton')",0,1,1
"('Aatrox', 'Camille', 'Draven', 'Nidalee', 'Pantheon')",1,0,1
"('Karthus', 'Rakan', 'Skarner', 'Twitch', 'Zed')",1,0,1
"('Aphelios', 'Jayce', 'Lillia', 'Lulu', 'Tryndamere')",1,0,1
"('Fiddlesticks', 'Graves', 'Janna', ""Kai'Sa"", 'Malphite')",1,0,1
"('Aphelios', 'Hwei', 'Jayce', 'Nautilus', 'Viego')",0,1,1
"('Brand', 'Jax', 'Renata Glasc', 'Varus', 'Vex')",1,0,1
"(""Kai'Sa"", 'Qiyana', 'Rell', 'Rumble', 'Warwick')",1,0,1
"('Karthus', 'Renata Glasc', 'Shen', 'Varus', 'Xerath')",0,1,1
"(""Kai'Sa"", 'Karthus', 'Poppy', 'Shen', 'Zed')",1,0,1
"('Hecarim', 'Jax', 'Jinx', 'Lulu', 'Vex')",0,1,1
"('Hecarim', 'Jax', 'LeBlanc', 'Rakan', 'Zeri')",0,1,1
"('Jinx', 'LeBlanc', 'Lee Sin', 'Ornn', 'Thresh')",0,1,1
"('Kled', 'Nautilus', 'Nidalee', 'Tristana', 'Zeri')",0,1,1
"('Akshan', 'Fiddlesticks', 'Nautilus', 'Skarner', 'Varus')",0,1,1
"('Fiddlesticks', 'Leona', 'Volibear', 'Xayah', 'Zed')",1,0,1
"('Camille', 'Corki', 'Elise', 'Fiddlesticks', 'Tristana')",1,0,1
"('Aatrox', 'Aphelios', 'Ekko', 'Fiddlesticks', 'Lulu')",1,0,1
"('Azir', 'Jax', 'Renata Glasc', 'Viego', 'Xayah')",0,1,1
"('Hwei', 'Kindred', 'Lucian', 'Nami', 'Renekton')",1,0,1
"('Lulu', 'Nidalee', 'Renekton', 'Teemo', 'Twitch')",0,1,1
"('Corki', 'Jax', 'Nautilus', 'Neeko', 'Olaf')",1,0,1
"('Aatrox', 'Corki', 'Fiddlesticks', 'Rell', 'Tristana')",0,1,1
"('Gnar', 'Kindred', 'Lucian', 'Nunu & Willump', 'Rell')",1,0,1
"('Katarina', 'Lulu', 'Nasus', 'Sivir', 'Viego')",0,1,1
"('Hwei', ""Kai'Sa"", 'Malphite', 'Nautilus', 'Nocturne')",0,1,1
"('Diana', 'Dr. Mundo', 'Irelia', 'Jinx', 'Seraphine')",0,1,1
"(""Kai'Sa"", 'Nidalee', 'Rumble', 'Seraphine', 'Yone')",0,1,1
"('Blitzcrank', 'Hwei', 'Jinx', 'Nidalee', 'Tryndamere')",1,0,1
"('Graves', 'Jinx', 'Ryze', 'Shaco', 'Zed')",0,1,1
"('Ashe', 'Gnar', 'Malphite', 'Nunu & Willump', 'Seraphine')",1,0,1
"('Ahri', 'Taric', 'Tryndamere', 'Viego', 'Xayah')",0,1,1
"('Ashe', 'Irelia', 'Janna', 'Lee Sin', 'Zoe')",1,0,1
"('Annie', 'Ornn', 'Rakan', 'Wukong', 'Zeri')",1,0,1
"('Jayce', 'Karma', 'LeBlanc', ""Rek'Sai"", 'Varus')",1,0,1
"('Kennen', 'Lee Sin', 'Thresh', 'Varus', 'Viego')",1,0,1
"('Galio', 'Rengar', 'Seraphine', 'Sett', 'Zeri')",1,0,1
"('Draven', 'Kindred', 'Poppy', 'Seraphine', 'Zoe')",1,0,1
"('Aatrox', 'Aphelios', 'Gragas', 'Taliyah', 'Viego')",0,1,1
"('Akshan', 'Brand', 'Kalista', 'Maokai', 'Seraphine')",1,0,1
"('Ashe', 'Graves', 'LeBlanc', 'Seraphine', 'Teemo')",0,1,1
"('Ivern', ""Kai'Sa"", 'Pyke', 'Rumble', 'Yone')",0,1,1
"('Brand', 'Jax', 'Kindred', 'Rell', 'Tristana')",0,1,1
"('Corki', 'Rumble', 'Shen', 'Tristana', 'Viego')",1,0,1
"('Jhin', 'Nautilus', 'Riven', 'Twisted Fate', 'Viego')",1,0,1
"('Ezreal', 'Gragas', 'Jayce', 'Morgana', 'Tryndamere')",0,1,1
"('Alistar', 'Galio', 'Jinx', 'Kindred', 'Kled')",0,1,1
"('Jax', ""Kai'Sa"", 'Lee Sin', 'Rell', ""Vel'Koz"")",0,1,1
"(""Kai'Sa"", 'Nidalee', 'Pantheon', 'Renekton', 'Shen')",0,1,1
"('Alistar', 'Dr. Mundo', 'Jhin', 'Nidalee', 'Tristana')",1,0,1
"('Alistar', 'Gnar', 'Taliyah', 'Tristana', 'Varus')",0,1,1
"('Ashe', 'Katarina', 'Rumble', 'Syndra', 'Vi')",0,1,1
"('Dr. Mundo', 'Heimerdinger', ""Kai'Sa"", 'Pantheon', 'Rumble')",0,1,1
"(""Kai'Sa"", 'LeBlanc', 'Nautilus', 'Pantheon', 'Urgot')",0,1,1
"('Aurelion Sol', 'Camille', 'Neeko', ""Rek'Sai"", 'Varus')",1,0,1
"('Hwei', 'Kalista', 'Kindred', 'Nautilus', 'Viego')",1,0,1
"('Hwei', ""Kai'Sa"", 'Rakan', 'Skarner', 'Viego')",1,0,1
"('Darius', 'Hwei', 'Lucian', 'Nidalee', 'Rell')",1,0,1
"('Lee Sin', 'Rakan', 'Twisted Fate', 'Zac', 'Zeri')",1,0,1
"('Brand', 'Rell', 'Samira', 'Skarner', 'Talon')",1,0,1
"('Aatrox', 'Rell', 'Taliyah', 'Yone', 'Zeri')",1,0,1
"('Alistar', ""Kai'Sa"", 'Nidalee', 'Qiyana', 'Twisted Fate')",1,0,1
"('Ezreal', 'Gwen', 'Malphite', 'Sylas', 'Zed')",0,1,1
"('Caitlyn', 'Nidalee', 'Poppy', 'Qiyana', 'Seraphine')",1,0,1
"('Gragas', ""Kai'Sa"", 'Nautilus', 'Rengar', 'Yasuo')",1,0,1
"(""Kai'Sa"", 'Malphite', 'Poppy', 'Taliyah', 'Tristana')",1,0,1
"('Brand', 'Janna', 'Jax', 'Sivir', 'Tristana')",1,0,1
"('Ezreal', 'Fiddlesticks', 'Gragas', 'Milio', 'Tristana')",0,1,1
"('Gnar', ""Kai'Sa"", 'Nautilus', 'Singed', 'Viego')",1,0,1
"('Braum', 'Maokai', 'Miss Fortune', 'Taliyah', 'Tristana')",1,0,1
"('Ashe', 'Blitzcrank', 'Elise', 'Talon', 'Tryndamere')",1,0,1
"(""Kai'Sa"", 'Rell', 'Skarner', 'Taliyah', 'Talon')",1,0,1
"('Corki', 'Maokai', 'Nautilus', 'Taliyah', 'Viego')",1,0,1
"('Jhin', 'Ornn', ""Rek'Sai"", 'Syndra', 'Thresh')",0,1,1
"('Ashe', 'Brand', 'Kalista', 'Talon', 'Tryndamere')",0,1,1
"('Blitzcrank', 'Brand', 'Jayce', 'Sylas', 'Zeri')",1,0,1
"('Ashe', 'Braum', 'Kindred', 'Renekton', 'Taliyah')",1,0,1
"('Gnar', ""Kai'Sa"", 'Nautilus', 'Taliyah', 'Vladimir')",0,1,1
"('Alistar', 'Gnar', 'Ivern', 'Samira', 'Viego')",0,1,1
"('Ahri', 'Aphelios', 'Rell', 'Viego', 'Volibear')",0,1,1
"('Akali', 'Aphelios', 'Graves', 'Nasus', 'Nautilus')",0,1,1
"('Gragas', 'Jhin', 'Katarina', 'Kindred', 'Zilean')",0,1,1
"('Braum', 'Kassadin', 'Lucian', 'Shaco', 'Wukong')",1,0,1
"('Akali', 'Corki', 'Kalista', 'Neeko', 'Pantheon')",1,0,1
"('Aatrox', 'Corki', 'LeBlanc', 'Nidalee', 'Seraphine')",0,1,1
"('Corki', 'Ezreal', 'Hecarim', 'Kennen', 'Seraphine')",0,1,1
"('Aatrox', 'Ezreal', 'Lee Sin', 'Seraphine', 'Taliyah')",1,0,1
"('Corki', 'Jinx', 'Sett', 'Taliyah', 'Thresh')",1,0,1
"('Darius', 'LeBlanc', 'Lee Sin', 'Rakan', 'Xayah')",1,0,1
"('Jhin', 'Katarina', ""Kha'Zix"", 'Rakan', 'Tryndamere')",1,0,1
"('Fizz', 'Graves', 'Rakan', 'Skarner', 'Zeri')",0,1,1
"('Akshan', 'Evelynn', 'Jax', ""Kai'Sa"", 'Nautilus')",1,0,1
"('Elise', 'Jinx', 'Nasus', 'Thresh', 'Yone')",0,1,1
"('Aatrox', 'Corki', 'Diana', 'Nilah', 'Rakan')",0,1,1
"('Anivia', ""Kai'Sa"", 'Lee Sin', 'Orianna', 'Tryndamere')",1,0,1
"('Leona', 'Nidalee', 'Sylas', 'Tristana', 'Varus')",1,0,1
"('Akshan', 'Gragas', 'Rell', 'Samira', 'Viego')",1,0,1
"('Jax', 'Jhin', 'Kennen', 'Kindred', 'Nautilus')",0,1,1
"('Lux', 'Nidalee', 'Rell', 'Shen', 'Varus')",1,0,1
"(""Kai'Sa"", 'Maokai', 'Pyke', 'Taliyah', 'Tristana')",1,0,1
"('Gnar', 'Jhin', 'Lee Sin', 'Skarner', 'Zoe')",1,0,1
"(""K'Sante"", 'LeBlanc', 'Lux', 'Smolder', 'Viego')",0,1,1
"('Hwei', ""Kai'Sa"", 'Pantheon', 'Seraphine', 'Shen')",0,1,1
"('Camille', 'Draven', 'Galio', 'Jayce', 'Viego')",1,0,1
"('Akali', 'Hecarim', ""Kai'Sa"", 'Kennen', 'Rakan')",1,0,1
"(""Kai'Sa"", 'Skarner', 'Vex', 'Viego', 'Xin Zhao')",0,1,1
"('Blitzcrank', 'Karma', ""Kog'Maw"", 'Viego', 'Zoe')",0,1,1
"('Camille', 'Illaoi', ""Kai'Sa"", 'Lillia', 'Zed')",0,1,1
"('Caitlyn', 'Kennen', ""Rek'Sai"", 'Senna', 'Sylas')",1,0,1
"('Corki', 'Lee Sin', 'Rakan', 'Twisted Fate', 'Twitch')",1,0,1
"('Jax', 'Lissandra', 'Lulu', 'Viego', 'Zeri')",1,0,1
"('Fiddlesticks', 'Fiora', 'Tristana', 'Varus', 'Xerath')",1,0,1
"('Gnar', 'Katarina', ""Rek'Sai"", 'Skarner', 'Varus')",1,0,1
"('Akali', 'Galio', 'LeBlanc', 'Lucian', 'Talon')",1,0,1
"('Aphelios', 'Gwen', 'Irelia', ""K'Sante"", 'Zilean')",1,0,1
"('Alistar', 'Renekton', 'Singed', 'Taliyah', 'Twisted Fate')",1,0,1
"('Camille', 'Graves', 'Hwei', 'Kennen', 'Samira')",1,0,1
"('Akshan', 'Kennen', 'Rell', 'Samira', 'Taliyah')",0,1,1
"('Draven', 'Evelynn', 'Kennen', 'Nautilus', 'Zed')",1,0,1
"('Annie', 'Caitlyn', 'Graves', 'Kennen', 'Soraka')",0,1,1
"('Aphelios', 'Fizz', ""Kha'Zix"", 'Maokai', 'Nasus')",0,1,1
"('Ashe', 'Kennen', 'Kindred', 'Sylas', 'Thresh')",0,1,1
"('Dr. Mundo', 'Rakan', 'Tristana', 'Viego', 'Zeri')",1,0,1
"('Fiora', 'Hwei', 'Lulu', 'Viego', 'Zeri')",1,0,1
"('Ashe', 'Hwei', 'Kennen', 'Lulu', 'Vi')",1,0,1
"(""Kha'Zix"", 'LeBlanc', 'Lucian', 'Nami', 'Skarner')",1,0,1
"('Braum', 'Kennen', 'Nidalee', 'Tristana', 'Varus')",1,0,1
"('Alistar', ""Kai'Sa"", 'Kennen', 'Rengar', 'Taliyah')",0,1,1
"('Bard', 'Jax', 'Lee Sin', 'Varus', 'Xerath')",0,1,1
"('Ashe', 'Heimerdinger', 'Kayn', 'Shen', 'Singed')",1,0,1
"('Hwei', 'Kindred', 'Lucian', 'Seraphine', 'Zac')",0,1,1
"('Ashe', 'Graves', 'Kennen', 'Nautilus', 'Zoe')",0,1,1
"(""Kai'Sa"", 'Rumble', 'Thresh', 'Tristana', 'Urgot')",1,0,1
"('Graves', 'Kennen', 'Nautilus', 'Skarner', 'Zeri')",1,0,1
"('Aatrox', 'Akshan', 'Karthus', 'Morgana', 'Varus')",1,0,1
"('Dr. Mundo', 'Galio', 'Kalista', 'Nautilus', 'Viego')",0,1,1
"('Ashe', 'Fiora', 'Hwei', 'Kayn', 'Pyke')",0,1,1
"(""Bel'Veth"", 'Jayce', 'Skarner', 'Thresh', 'Zeri')",1,0,1
"('Akshan', 'Hecarim', ""Kai'Sa"", 'Kayle', 'Nautilus')",0,1,1
"('Corki', 'Jinx', 'Lee Sin', 'Rell', 'Rumble')",1,0,1
"('Akshan', 'Galio', 'Jax', ""Kai'Sa"", 'Sylas')",1,0,1
"('Akali', 'Lee Sin', 'Poppy', 'Varus', 'Xerath')",1,0,1
"('Ashe', 'Ekko', 'Lee Sin', 'Skarner', 'Zeri')",1,0,1
"('Kennen', ""Kha'Zix"", 'LeBlanc', 'Samira', 'Thresh')",1,0,1
"('Hwei', 'Jinx', 'Poppy', 'Pyke', 'Zed')",0,1,1
"('Hwei', ""Kai'Sa"", 'Pyke', 'Renekton', 'Viego')",0,1,1
"(""Kai'Sa"", 'Lillia', 'Poppy', 'Skarner', 'Viego')",0,1,1
"('Galio', 'Graves', ""Kai'Sa"", 'Singed', 'Thresh')",1,0,1
"('Graves', 'Kennen', 'Lucian', 'Skarner', 'Taliyah')",1,0,1
"('Ekko', 'Rakan', 'Singed', 'Smolder', 'Yasuo')",1,0,1
"('Aphelios', 'Fiora', 'Kindred', 'Orianna', 'Yuumi')",0,1,1
"('Akali', 'Blitzcrank', 'Kalista', 'Kennen', 'Viego')",1,0,1
"('Kindred', 'Leona', 'Skarner', 'Smolder', 'Taliyah')",1,0,1
"('Anivia', 'Ashe', 'Seraphine', 'Shen', 'Viego')",1,0,1
"('Ashe', 'Jax', ""Kha'Zix"", 'LeBlanc', 'Milio')",1,0,1
"('Ashe', 'Corki', ""Kha'Zix"", 'Ryze', 'Twisted Fate')",1,0,1
"('Akali', 'Hwei', 'Jhin', ""Kha'Zix"", 'Skarner')",1,0,1
"('Ezreal', 'Rakan', 'Skarner', 'Taliyah', 'Yone')",0,1,1
"('Alistar', 'Hwei', 'Jax', ""Kai'Sa"", ""Kha'Zix"")",1,0,1
"('Alistar', 'Corki', ""Kha'Zix"", 'Skarner', 'Taliyah')",1,0,1
"('Fizz', 'Jinx', 'Lee Sin', 'Poppy', 'Skarner')",0,1,1
"('Braum', 'Jayce', 'Jinx', 'Kayn', 'Sylas')",1,0,1
"('Ekko', ""Kai'Sa"", 'Kennen', 'Thresh', 'Tristana')",0,1,1
"('Master Yi', 'Pyke', 'Renekton', 'Samira', 'Sylas')",1,0,1
"('Ashe', 'Aurelion Sol', 'Graves', 'Kennen', 'Thresh')",1,0,1
"('Corki', 'Hwei', 'Kayn', 'Shen', 'Soraka')",0,1,1
"('Aatrox', 'Ahri', 'Jhin', ""Kha'Zix"", 'Rakan')",0,1,1
"('Kennen', 'Leona', 'Taliyah', 'Yasuo', 'Zeri')",1,0,1
"('Kennen', ""Kog'Maw"", 'Lulu', ""Rek'Sai"", 'Riven')",0,1,1
"('Kindred', 'Malzahar', 'Orianna', 'Rell', 'Samira')",0,1,1
"('Amumu', 'Jinx', 'Kayn', 'Renekton', 'Zoe')",0,1,1
"('Hwei', 'Lee Sin', 'Lucian', 'Mordekaiser', 'Nami')",0,1,1
"('Ashe', 'Cassiopeia', 'Rengar', 'Sett', 'Thresh')",0,1,1
"('Ezreal', ""K'Sante"", ""Kha'Zix"", 'Soraka', 'Tristana')",1,0,1
"('Jhin', 'Kennen', 'Tristana', 'Viego', 'Xerath')",1,0,1
"('Camille', 'Jinx', 'Kayn', 'Maokai', 'Viktor')",1,0,1
"('Akali', 'Jayce', 'Nilah', 'Renata Glasc', 'Viego')",1,0,1
"('Annie', 'Camille', 'Corki', ""Kha'Zix"", 'Thresh')",0,1,1
"('Camille', 'Nidalee', 'Orianna', 'Twisted Fate', 'Zeri')",1,0,1
"('Elise', 'Kennen', 'Lucian', 'Nami', 'Yone')",1,0,1
"('Graves', 'Kennen', 'LeBlanc', 'Nautilus', 'Varus')",1,0,1
"('Camille', 'Corki', 'Kennen', 'Nidalee', 'Tristana')",0,1,1
"('Alistar', 'Irelia', 'Kennen', 'Lee Sin', 'Varus')",1,0,1
"('Nocturne', 'Rakan', 'Taliyah', 'Varus', 'Vex')",0,1,1
"('LeBlanc', 'Rakan', 'Tryndamere', 'Twitch', 'Vi')",0,1,1
"('Ahri', ""K'Sante"", ""Kai'Sa"", 'Rakan', 'Rumble')",0,1,1
"('Aatrox', 'Akali', 'Ezreal', 'Fiddlesticks', 'Senna')",0,1,1
"('Ashe', 'Malphite', 'Nautilus', 'Taliyah', 'Twisted Fate')",1,0,1
"('Jax', 'Katarina', 'Skarner', 'Varus', 'Xin Zhao')",1,0,1
"('Alistar', 'Briar', ""Kai'Sa"", 'Rumble', 'Zoe')",0,1,1
"('Ahri', 'Skarner', 'Smolder', 'Twisted Fate', 'Xin Zhao')",0,1,1
"('Brand', 'Braum', 'Graves', 'Kennen', 'Lucian')",1,0,1
"('Jayce', 'Katarina', ""Kha'Zix"", 'Leona', 'Varus')",1,0,1
"('Cassiopeia', 'Galio', 'Jinx', 'Leona', 'Viego')",1,0,1
"('Kled', 'Rumble', 'Taliyah', 'Talon', 'Zeri')",1,0,1
"('Hecarim', ""Kai'Sa"", 'Katarina', 'Nautilus', 'Skarner')",1,0,1
"('Ahri', ""Kai'Sa"", 'Kennen', 'Lee Sin', 'Leona')",0,1,1
"(""Bel'Veth"", 'Hwei', 'Taliyah', 'Thresh', 'Zeri')",1,0,1
"('Ahri', 'Karthus', 'Nautilus', 'Zeri', 'Zilean')",0,1,1
"(""K'Sante"", 'Karthus', 'Nautilus', 'Sivir', 'Yasuo')",0,1,1
"('LeBlanc', 'Lee Sin', 'Rumble', 'Skarner', 'Varus')",1,0,1
"('Akali', 'Camille', 'Jinx', 'Lee Sin', 'Lulu')",0,1,1
"('Graves', ""Kai'Sa"", 'Nautilus', 'Yasuo', 'Zoe')",0,1,1
"('Jhin', 'Lee Sin', 'Nautilus', 'Nunu & Willump', 'Volibear')",0,1,1
"('Braum', 'Nidalee', ""Rek'Sai"", 'Tristana', 'Varus')",0,1,1
"('Gragas', 'Graves', 'Hwei', 'Rakan', 'Zeri')",0,1,1
"('Blitzcrank', 'Draven', 'Elise', 'Irelia', 'Talon')",0,1,1
"('Corki', 'Karthus', 'Leona', 'Sion', 'Tryndamere')",1,0,1
"('Akali', 'Gnar', 'Kalista', 'Milio', 'Viego')",0,1,1
"('Akshan', 'Corki', 'Mordekaiser', 'Nautilus', 'Volibear')",1,0,1
"('Anivia', 'Caitlyn', 'Fiora', 'Karma', 'Shaco')",1,0,1
"('Ahri', 'Jhin', 'Karma', 'Pantheon', ""Rek'Sai"")",1,0,1
"('Leona', 'Nunu & Willump', 'Riven', 'Viego', 'Zeri')",1,0,1
"(""Kai'Sa"", 'Master Yi', 'Olaf', 'Rakan', 'Tristana')",0,1,1
"('Hecarim', 'Jhin', 'LeBlanc', 'Leona', 'Tryndamere')",0,1,1
"('Ekko', 'Leona', 'Tristana', 'Udyr', 'Warwick')",1,0,1
"(""Bel'Veth"", 'Camille', 'Diana', 'Taric', 'Varus')",1,0,1
"('Ashe', 'Leona', 'Qiyana', 'Skarner', 'Taliyah')",0,1,1
"('Nautilus', 'Taliyah', 'Warwick', 'Yone', 'Zeri')",1,0,1
"('Aatrox', 'Ivern', ""Kai'Sa"", 'Nautilus', 'Skarner')",1,0,1
"('Akali', 'Ashe', 'Leona', 'Tryndamere', 'Viego')",1,0,1
"('Galio', ""Kai'Sa"", 'Nasus', 'Nautilus', 'Warwick')",0,1,1
"('Jinx', 'Nautilus', 'Rumble', 'Taliyah', 'Yone')",1,0,1
"(""Bel'Veth"", 'Jinx', 'Pantheon', 'Thresh', 'Tristana')",1,0,1
"('Brand', ""Kog'Maw"", 'Olaf', 'Skarner', 'Tristana')",1,0,1
"('Braum', 'Jinx', 'Sylas', 'Twisted Fate', 'Viego')",1,0,1
"('Dr. Mundo', 'Fiddlesticks', 'Kalista', 'Nautilus', 'Tristana')",0,1,1
"('Gnar', 'Irelia', 'Leona', 'Twisted Fate', 'Viego')",0,1,1
"('Blitzcrank', 'Dr. Mundo', 'Galio', 'Skarner', 'Vayne')",1,0,1
"('Aatrox', 'Jinx', 'Skarner', 'Thresh', 'Tristana')",0,1,1
"('Camille', 'Ezreal', 'Galio', 'Skarner', 'Sona')",1,0,1
"('Aatrox', 'Blitzcrank', 'Jayce', ""Kai'Sa"", 'Nidalee')",0,1,1
"(""K'Sante"", 'Lissandra', 'Nautilus', 'Varus', 'Viego')",1,0,1
"('Ashe', 'Braum', 'Corki', 'Gwen', ""Kha'Zix"")",1,0,1
"('Corki', 'Leona', 'Ryze', 'Viego', 'Yone')",0,1,1
"('Blitzcrank', 'Draven', ""K'Sante"", 'Nidalee', 'Tristana')",1,0,1
"('Ashe', 'Blitzcrank', 'Karthus', 'Kennen', 'Tristana')",1,0,1
"('Gragas', 'Hwei', 'Kalista', 'Rell', 'Tryndamere')",1,0,1
"(""Bel'Veth"", 'Blitzcrank', ""Kai'Sa"", 'Kassadin', 'Tryndamere')",1,0,1
"('Jayce', 'Jhin', 'Lissandra', 'Thresh', 'Viego')",0,1,1
"('Aurelion Sol', 'Bard', 'Rumble', 'Twitch', 'Viego')",1,0,1
"('Ahri', 'Bard', 'Gnar', ""Kai'Sa"", 'Viego')",1,0,1
"('Bard', 'Hwei', ""K'Sante"", 'Smolder', 'Viego')",0,1,1
"('Blitzcrank', 'Heimerdinger', ""Kai'Sa"", 'Master Yi', 'Orianna')",0,1,1
"('Irelia', 'Lucian', 'Milio', 'Taliyah', 'Tristana')",1,0,1
"('Ashe', 'Gragas', 'Karthus', 'Leona', 'Yone')",1,0,1
"('Amumu', 'Braum', 'Sejuani', 'Tristana', 'Viego')",0,1,1
"('Fiddlesticks', ""Kai'Sa"", 'Malphite', 'Pyke', 'Viego')",0,1,1
"('Fiddlesticks', 'Skarner', 'Syndra', 'Varus', 'Zyra')",0,1,1
"('Ashe', 'Braum', 'Jayce', 'Morgana', ""Rek'Sai"")",0,1,1
"('Galio', 'Jax', 'Karma', 'Nidalee', 'Varus')",1,0,1
"('Ashe', 'Jarvan IV', 'Nautilus', 'Taliyah', 'Tristana')",1,0,1
"('Ahri', ""Kai'Sa"", 'Lee Sin', 'Malphite', 'Nautilus')",0,1,1
"('Hwei', 'Karma', 'Karthus', 'Rammus', 'Varus')",1,0,1
"('Kalista', 'Nautilus', 'Qiyana', 'Sejuani', 'Twisted Fate')",1,0,1
"('Akali', 'Alistar', 'Corki', 'Jax', ""Kai'Sa"")",1,0,1
"('Amumu', 'Ashe', 'Shaco', 'Shen', 'Yasuo')",1,0,1
"('Katarina', 'Kindred', 'Nautilus', 'Nilah', 'Pantheon')",1,0,1
"('Hwei', 'Kled', 'Nidalee', 'Thresh', 'Zeri')",1,0,1
"('Akali', 'Alistar', 'Camille', ""Kai'Sa"", 'Viego')",1,0,1
"('Akali', 'Aurelion Sol', 'Jinx', 'Kayn', 'Rell')",0,1,1
"('Galio', 'Graves', 'Kennen', 'Rakan', 'Varus')",0,1,1
"('Caitlyn', 'Katarina', 'Olaf', 'Skarner', 'Viego')",1,0,1
"('Aphelios', 'Lillia', 'Nautilus', 'Vladimir', 'Yone')",0,1,1
"('Lee Sin', 'Qiyana', 'Rell', 'Samira', 'Vladimir')",0,1,1
"('Braum', 'Corki', 'Ekko', 'Jayce', 'Tryndamere')",0,1,1
"('Kalista', ""Rek'Sai"", 'Skarner', 'Twisted Fate', 'Xerath')",1,0,1
"('Pyke', 'Samira', 'Vladimir', 'Yone', 'Zac')",0,1,1
"('Akali', 'Rell', 'Samira', 'Taliyah', 'Tryndamere')",1,0,1
"('Ezreal', 'Lillia', 'Maokai', 'Vladimir', 'Yone')",1,0,1
"('Bard', 'Elise', 'Jhin', 'Qiyana', 'Vladimir')",1,0,1
"('Jax', ""Kog'Maw"", 'Lulu', 'Vladimir', 'Yone')",0,1,1
"('Qiyana', 'Syndra', 'Varus', 'Vladimir', 'Zyra')",1,0,1
"('Jinx', 'Qiyana', ""Rek'Sai"", 'Thresh', 'Vladimir')",1,0,1
"('Fiora', 'Kindred', 'Qiyana', ""Vel'Koz"", 'Ziggs')",1,0,1
"('Jinx', 'Kled', 'Qiyana', 'Rammus', 'Thresh')",1,0,1
"('Corki', 'Graves', 'Nautilus', 'Qiyana', 'Vladimir')",1,0,1
"('Lillia', 'Olaf', 'Qiyana', 'Rakan', 'Smolder')",1,0,1
"('Amumu', 'Qiyana', 'Ryze', 'Sivir', 'Yuumi')",0,1,1
"('Blitzcrank', 'Graves', 'Hwei', 'Illaoi', ""Kai'Sa"")",0,1,1
"('Ashe', 'Illaoi', 'Olaf', 'Udyr', 'Yone')",1,0,1
"('Darius', 'Ezreal', 'Lulu', 'Nidalee', 'Qiyana')",0,1,1
"('Karthus', 'Qiyana', 'Seraphine', 'Singed', 'Varus')",0,1,1
"('Corki', 'Kled', 'Nautilus', 'Nidalee', 'Qiyana')",0,1,1
"('Ashe', 'Lulu', 'Maokai', 'Qiyana', 'Udyr')",0,1,1
"('Camille', 'Elise', 'Qiyana', 'Rumble', 'Tristana')",1,0,1
"('Camille', 'Gragas', 'Skarner', 'Smolder', 'Talon')",0,1,1
"('Ashe', 'Nunu & Willump', 'Pyke', 'Qiyana', 'Rumble')",1,0,1
"('Corki', 'Nautilus', 'Nunu & Willump', 'Qiyana', 'Udyr')",0,1,1
"('Lillia', 'Qiyana', 'Rell', 'Rumble', 'Samira')",0,1,1
"('Braum', 'Elise', 'Jinx', 'Qiyana', 'Singed')",1,0,1
"('Braum', 'Corki', 'Nidalee', 'Vladimir', 'Yone')",1,0,1
"('Qiyana', 'Rakan', 'Singed', 'Viego', 'Zeri')",0,1,1
"('Braum', 'Jinx', 'Qiyana', 'Taliyah', 'Vladimir')",0,1,1
"('Ashe', 'Blitzcrank', 'Lee Sin', 'Vladimir', 'Yone')",1,0,1
"(""Kai'Sa"", 'Maokai', 'Qiyana', 'Rumble', 'Viego')",1,0,1
"('Ashe', 'Qiyana', 'Twitch', 'Viego', 'Vladimir')",0,1,1
"('Aphelios', 'Nautilus', 'Qiyana', 'Shaco', 'Vladimir')",1,0,1
"('Lee Sin', 'Lucian', 'Qiyana', 'Vladimir', 'Yuumi')",0,1,1
"('Kennen', 'Qiyana', 'Rell', 'Smolder', 'Sylas')",1,0,1
"('Akali', 'Kindred', 'Skarner', 'Varus', 'Wukong')",1,0,1
"('Gragas', 'Jhin', 'Neeko', 'Rumble', 'Zed')",0,1,1
"(""Kai'Sa"", 'Lissandra', 'Skarner', 'Twisted Fate', 'Viego')",1,0,1
"('Hwei', 'Kalista', 'Skarner', 'Twisted Fate', 'Viego')",1,0,1
"('Draven', 'Graves', 'LeBlanc', 'Syndra', 'Wukong')",0,1,1
"('Lillia', 'Qiyana', 'Rakan', 'Vayne', 'Wukong')",1,0,1
"('Akshan', 'Caitlyn', 'Lux', 'Nidalee', 'Wukong')",0,1,1
"('Ashe', 'Graves', 'Jayce', 'Skarner', 'Twisted Fate')",1,0,1
"('Nidalee', 'Pyke', 'Vex', 'Wukong', 'Zeri')",1,0,1
"('Akshan', 'Brand', ""Kai'Sa"", 'Rell', 'Wukong')",1,0,1
"('LeBlanc', 'Master Yi', 'Rakan', 'Wukong', 'Zeri')",1,0,1
"('Akshan', 'Blitzcrank', ""Kai'Sa"", 'Wukong', 'Zac')",0,1,1
"('Fiddlesticks', 'Lucian', 'Nami', 'Sylas', 'Wukong')",1,0,1
"('Ahri', 'Rakan', 'Taliyah', 'Tryndamere', 'Xayah')",0,1,1
"('Akshan', 'Kalista', 'Pyke', 'Vi', 'Wukong')",1,0,1
"('Akshan', 'Corki', 'Heimerdinger', 'Nidalee', 'Wukong')",1,0,1
"('Alistar', 'Hwei', 'Jhin', 'Twisted Fate', 'Xin Zhao')",1,0,1
"('Camille', 'Hecarim', 'Hwei', 'Jinx', 'Rell')",1,0,1
"('Ahri', 'Jayce', 'Kayn', 'Rakan', ""Vel'Koz"")",1,0,1
"('Aurelion Sol', 'Kalista', 'Kindred', 'Nautilus', 'Skarner')",1,0,1
"('Blitzcrank', 'Corki', 'LeBlanc', 'Tryndamere', 'Viego')",0,1,1
"('Ashe', 'Jax', 'Nautilus', 'Qiyana', 'Taliyah')",0,1,1
"('Draven', 'Hwei', 'Nautilus', 'Viego', 'Wukong')",0,1,1
"('Blitzcrank', 'Heimerdinger', 'Olaf', 'Qiyana', 'Viego')",1,0,1
"('Ashe', 'Gragas', 'Jax', 'Qiyana', 'Rell')",1,0,1
"('Fiora', 'Kassadin', 'Nautilus', 'Senna', 'Taliyah')",0,1,1
"('Gnar', ""Kai'Sa"", 'Lillia', 'Qiyana', 'Rakan')",0,1,1
"('Aatrox', ""Kai'Sa"", 'Rell', 'Sejuani', 'Yone')",0,1,1
"('Jarvan IV', 'Nautilus', 'Taliyah', ""Vel'Koz"", 'Wukong')",0,1,1
"('Dr. Mundo', 'Hwei', 'Jinx', 'Viego', 'Wukong')",1,0,1
"('Caitlyn', 'Rumble', 'Shaco', 'Tristana', 'Wukong')",0,1,1
"('Akshan', 'Neeko', 'Samira', 'Wukong', 'Zac')",1,0,1
"('Jinx', 'Nidalee', 'Thresh', 'Vex', 'Wukong')",1,0,1
"('Alistar', 'Lee Sin', 'Samira', 'Sylas', 'Wukong')",1,0,1
"('Hwei', 'Jhin', 'Karma', 'Lee Sin', 'Wukong')",0,1,1
"('Hwei', 'Kalista', 'Maokai', 'Viego', 'Wukong')",0,1,1
"('Kalista', 'Lee Sin', 'Poppy', 'Taliyah', 'Wukong')",1,0,1
"('Ahri', 'Alistar', 'Samira', 'Skarner', 'Wukong')",1,0,1
"('Hecarim', 'Olaf', 'Thresh', 'Tristana', 'Varus')",0,1,1
"('Galio', 'Graves', 'Jinx', 'Skarner', 'Twisted Fate')",1,0,1
"('Kled', 'Lillia', 'Lucian', 'Nami', 'Qiyana')",1,0,1
"('Aphelios', 'Diana', 'Qiyana', 'Rumble', 'Taric')",0,1,1
"('Kayn', 'Kennen', 'Lucian', 'Nami', 'Orianna')",1,0,1
"('Akshan', 'Diana', ""Kai'Sa"", 'Karma', 'Skarner')",0,1,1
"('Aatrox', ""Kai'Sa"", 'Karthus', 'Nautilus', 'Pantheon')",0,1,1
"('Jhin', 'Katarina', 'Lee Sin', 'Rumble', 'Twisted Fate')",1,0,1
"('Akshan', 'Rumble', 'Shaco', 'Sona', 'Zeri')",1,0,1
"('Braum', 'Rumble', 'Twisted Fate', 'Viego', 'Zeri')",1,0,1
"('Katarina', 'Kennen', 'Lee Sin', 'Soraka', 'Varus')",1,0,1
"('Ekko', 'Jinx', 'Kennen', 'Skarner', 'Talon')",0,1,1
"('Aurelion Sol', ""Kai'Sa"", 'Lee Sin', 'Seraphine', 'Yone')",0,1,1
"('Ashe', 'Camille', 'Nasus', 'Taliyah', 'Yone')",1,0,1
"('Brand', 'Kled', 'Qiyana', 'Rakan', 'Xayah')",1,0,1
"('Jhin', 'Kled', 'Pantheon', 'Qiyana', 'Taliyah')",1,0,1
"('Briar', 'Caitlyn', 'Kled', 'Lux', 'Qiyana')",0,1,1
"(""Kai'Sa"", 'Neeko', 'Poppy', 'Viego', 'Vladimir')",0,1,1
"('Dr. Mundo', ""Kai'Sa"", 'Karthus', 'Pyke', 'Yone')",1,0,1
"('Jinx', 'Kled', 'Lulu', 'Nidalee', 'Qiyana')",0,1,1
"('Aphelios', 'Brand', 'Irelia', 'Karma', 'Kennen')",1,0,1
"('Azir', 'Ezreal', 'Taric', 'Tryndamere', 'Viego')",1,0,1
"('Jinx', 'Talon', 'Thresh', 'Twisted Fate', 'Zed')",0,1,1
"('Alistar', 'Jhin', 'Qiyana', ""Rek'Sai"", 'Rumble')",0,1,1
"('Akali', 'Ashe', 'Gragas', 'Twisted Fate', 'Viego')",1,0,1
"('Aphelios', 'Gwen', 'Neeko', 'Viego', 'Zyra')",0,1,1
"('Hwei', ""Kai'Sa"", ""Kha'Zix"", 'Nasus', 'Nautilus')",0,1,1
"('Jarvan IV', 'Kennen', 'LeBlanc', 'Nasus', 'Zeri')",1,0,1
"('Gangplank', 'Gragas', ""Kha'Zix"", 'Lulu', 'Zeri')",1,0,1
"('Lulu', 'Sylas', 'Talon', 'Volibear', 'Zeri')",0,1,1
"('Cassiopeia', ""Kha'Zix"", 'Lulu', 'Tristana', 'Varus')",0,1,1
"('Aphelios', 'Dr. Mundo', 'Kayn', 'Viego', 'Zoe')",1,0,1
"('Ashe', 'Jarvan IV', 'Nidalee', 'Viego', 'Yone')",1,0,1
"('Azir', 'Jinx', 'Lulu', 'Ryze', 'Viego')",0,1,1
"('Akali', 'Jinx', 'Kayn', 'Riven', 'Thresh')",1,0,1
"('Ashe', 'Brand', 'Braum', 'Nunu & Willump', 'Rumble')",0,1,1
"('Braum', 'Jinx', 'Rumble', 'Skarner', 'Viego')",0,1,1
"('Diana', 'Kayn', 'Rell', 'Skarner', 'Twitch')",0,1,1
"('Ashe', 'Hwei', 'Rumble', 'Skarner', 'Viego')",1,0,1
"('Diana', ""Kai'Sa"", ""Kha'Zix"", 'Rell', 'Twisted Fate')",1,0,1
"('Brand', ""Kai'Sa"", 'Rell', 'Skarner', 'Viego')",1,0,1
"(""Bel'Veth"", 'Hwei', 'Rumble', 'Sylas', 'Xayah')",0,1,1
"('LeBlanc', 'Master Yi', 'Rell', 'Skarner', 'Varus')",1,0,1
"('Gragas', 'Qiyana', 'Singed', 'Tristana', 'Yuumi')",0,1,1
"('Jinx', 'Nidalee', 'Qiyana', 'Rumble', 'Syndra')",1,0,1
"('Kalista', 'Neeko', 'Qiyana', 'Rumble', 'Viego')",1,0,1
"('Lucian', 'Nami', 'Qiyana', 'Rumble', 'Zac')",1,0,1
"('Kled', 'Qiyana', 'Sivir', 'Sylas', 'Zyra')",1,0,1
"('Diana', 'Gragas', 'Lucian', 'Qiyana', 'Zyra')",0,1,1
"('Bard', 'Gragas', 'Karthus', 'Qiyana', 'Zeri')",0,1,1
"('Bard', 'Jhin', 'Nidalee', 'Qiyana', 'Rumble')",1,0,1
"('Ashe', 'Braum', 'Qiyana', ""Rek'Sai"", 'Rumble')",1,0,1
"('Jinx', 'Nautilus', 'Qiyana', 'Rumble', 'Sejuani')",1,0,1
"('Bard', 'Hecarim', 'Kennen', 'Malphite', 'Twitch')",0,1,1
"(""Kai'Sa"", 'Nautilus', 'Qiyana', 'Rumble', 'Skarner')",0,1,1
"('Bard', 'Jhin', ""Kha'Zix"", 'Nasus', 'Tryndamere')",0,1,1
"('Aphelios', 'Nautilus', 'Nidalee', 'Skarner', 'Yone')",0,1,1
"('Corki', 'Hwei', 'Malphite', 'Qiyana', 'Talon')",1,0,1
"(""Kai'Sa"", 'Kled', 'Nautilus', 'Nidalee', 'Qiyana')",1,0,1
"('Jayce', ""Kai'Sa"", 'Karthus', 'Poppy', 'Rell')",1,0,1
"('Elise', ""Kai'Sa"", 'Qiyana', 'Rumble', 'Thresh')",0,1,1
"('Bard', 'Caitlyn', 'Hwei', 'Master Yi', 'Rumble')",1,0,1
"('Ashe', 'Skarner', 'Sylas', 'Thresh', 'Viego')",0,1,1
"('Draven', 'Lee Sin', 'Qiyana', 'Rumble', 'Thresh')",1,0,1
"('Draven', 'Kled', 'Lillia', 'Qiyana', 'Rakan')",0,1,1
"(""Kai'Sa"", 'Quinn', 'Rell', 'Skarner', 'Taliyah')",0,1,1
"('Kled', 'Leona', 'Qiyana', 'Samira', 'Taliyah')",1,0,1
"('Jhin', 'Malphite', 'Pantheon', 'Rakan', 'Taliyah')",0,1,1
"('Ahri', 'Jinx', 'Skarner', 'Thresh', 'Viego')",1,0,1
"('Kled', 'Lillia', 'Lucian', 'Qiyana', 'Zac')",1,0,1
"('Jinx', 'Kled', 'Lillia', 'Pyke', 'Qiyana')",1,0,1
"('Elise', 'Kled', 'Nautilus', 'Nilah', 'Qiyana')",0,1,1
"('Morgana', 'Nautilus', 'Qiyana', 'Rumble', 'Tristana')",1,0,1
"('Fiddlesticks', ""Kai'Sa"", 'Shaco', 'Skarner', 'Swain')",1,0,1
"('Fiddlesticks', ""Kai'Sa"", 'Kindred', 'Nautilus', 'Skarner')",1,0,1
"('Aphelios', 'Lulu', 'Master Yi', 'Qiyana', 'Udyr')",1,0,1
"('Jinx', 'Lee Sin', 'Qiyana', 'Rakan', 'Rumble')",0,1,1
"('Hecarim', 'Katarina', 'Nasus', 'Rell', 'Twisted Fate')",1,0,1
"(""Kai'Sa"", 'Nautilus', 'Skarner', 'Vi', 'Viego')",1,0,1
"('Elise', 'Jhin', 'Morgana', 'Qiyana', 'Rumble')",1,0,1
"('Corki', 'Galio', 'Jayce', 'Karthus', 'Nautilus')",0,1,1
"(""Bel'Veth"", ""Kai'Sa"", 'LeBlanc', 'Renekton', 'Thresh')",0,1,1
"('Nidalee', 'Rell', 'Renekton', 'Tristana', 'Varus')",1,0,1
"('Ashe', 'Jinx', 'Skarner', 'Taliyah', 'Xin Zhao')",1,0,1
"(""Cho'Gath"", 'Ezreal', 'Graves', 'Twisted Fate', 'Yasuo')",1,0,1
"('Aphelios', 'Ekko', 'Jayce', 'Taric', 'Tryndamere')",0,1,1
"('Camille', 'Jayce', 'Nidalee', 'Rell', 'Varus')",0,1,1
"('Blitzcrank', 'Gragas', 'Jayce', ""Kai'Sa"", 'Viego')",1,0,1
"('Aphelios', 'Elise', 'Jayce', 'Kennen', 'Rell')",1,0,1
"('Ezreal', 'Jayce', 'Lillia', 'Rakan', 'Twisted Fate')",1,0,1
"('Aatrox', 'Blitzcrank', 'Lee Sin', 'Taliyah', 'Zeri')",1,0,1
"('Akali', 'Jhin', 'Kennen', 'Lee Sin', 'Zac')",1,0,1
"('Camille', ""Cho'Gath"", ""Kha'Zix"", 'Thresh', 'Twisted Fate')",0,1,1
"('Ahri', 'Nautilus', 'Qiyana', 'Sejuani', 'Varus')",1,0,1
"('Draven', 'Fiddlesticks', 'Jayce', 'Pyke', 'Skarner')",1,0,1
"('Blitzcrank', 'Camille', ""Cho'Gath"", 'Lee Sin', 'Zoe')",1,0,1
"('Azir', 'Corki', 'Illaoi', 'Rell', 'Viego')",0,1,1
"('Jayce', 'Jhin', 'Skarner', 'Taliyah', 'Thresh')",1,0,1
"('Lee Sin', 'Pantheon', 'Sylas', 'Zeri', 'Zilean')",1,0,1
"('Gragas', 'Lux', 'Nidalee', 'Qiyana', 'Sivir')",1,0,1
"('Garen', 'Irelia', 'Nunu & Willump', 'Rakan', 'Smolder')",1,0,1
"('Ahri', 'Graves', 'Jax', ""Kai'Sa"", 'Nautilus')",1,0,1
"('Braum', 'Corki', 'Jinx', 'Kennen', 'Master Yi')",1,0,1
"('Braum', 'Hwei', 'Lucian', 'Vladimir', 'Xin Zhao')",1,0,1
"('Ashe', 'Camille', 'Kennen', 'Lee Sin', 'Tristana')",1,0,1
"('Hwei', 'Jax', 'Karma', 'Varus', 'Viego')",0,1,1
"('Braum', 'Hwei', 'Jayce', 'Rumble', 'Sivir')",1,0,1
"('Blitzcrank', 'Darius', 'Diana', 'Yasuo', 'Zeri')",1,0,1
"('Hwei', 'Kindred', 'Lucian', 'Nami', 'Sejuani')",1,0,1
"('Akali', 'Corki', 'Graves', 'Lux', 'Skarner')",0,1,1
"('Jayce', 'Kindred', 'LeBlanc', 'Rakan', 'Xayah')",1,0,1
"('Ashe', 'Jax', 'Katarina', 'Seraphine', 'Taliyah')",1,0,1
"('Akali', 'Jinx', 'Thresh', 'Urgot', 'Viego')",1,0,1
"(""Cho'Gath"", 'Jayce', 'Kindred', 'LeBlanc', 'Senna')",1,0,1
"('Ashe', 'Camille', ""Cho'Gath"", 'Lee Sin', 'Xerath')",1,0,1
"('Aphelios', ""Kha'Zix"", 'Mordekaiser', 'Thresh', 'Viktor')",0,1,1
"('Ashe', 'Jayce', 'Nidalee', 'Poppy', 'Seraphine')",0,1,1
"('Camille', ""Cho'Gath"", 'Gragas', 'Graves', ""Vel'Koz"")",1,0,1
"('Camille', 'Heimerdinger', ""Kai'Sa"", 'Master Yi', 'Taliyah')",0,1,1
"('Gragas', 'Graves', 'Hwei', 'Jhin', 'Orianna')",1,0,1
"('Corki', 'Elise', 'Hwei', ""K'Sante"", 'Viego')",0,1,1
"('Camille', ""Cho'Gath"", 'Nidalee', 'Pantheon', 'Tristana')",0,1,1
"(""Kai'Sa"", 'Rakan', 'Rengar', 'Rumble', 'Zed')",0,1,1
"('Ahri', 'Jhin', 'Pyke', 'Rumble', 'Viego')",0,1,1
"('Akali', 'Ashe', 'Lee Sin', 'Rakan', 'Rumble')",1,0,1
"('Brand', 'Corki', 'Jayce', 'Neeko', 'Rakan')",0,1,1
"('Alistar', ""Cho'Gath"", 'Heimerdinger', 'Vi', 'Zoe')",0,1,1
"('Aphelios', 'Hwei', 'Kayn', 'Leona', 'Rumble')",1,0,1
"('Brand', 'Jinx', 'Rell', 'Rumble', 'Tristana')",1,0,1
"('Brand', 'Rell', 'Rumble', 'Tristana', 'Vayne')",0,1,1
"('Ashe', 'Olaf', 'Rumble', 'Sivir', 'Vi')",1,0,1
"('Blitzcrank', 'Jinx', 'Renekton', 'Taliyah', 'Yone')",1,0,1
"('Aphelios', 'Braum', 'Hwei', 'Skarner', 'Vayne')",1,0,1
"('Braum', 'Caitlyn', 'Rumble', 'Tristana', 'Xin Zhao')",1,0,1
"('Aphelios', 'Kennen', 'Lee Sin', 'Rell', 'Yone')",1,0,1
"('Alistar', 'Aphelios', 'Gnar', 'Katarina', 'Talon')",1,0,1
"('Blitzcrank', ""Cho'Gath"", 'Darius', 'Graves', 'Tristana')",0,1,1
"('Jax', ""Kai'Sa"", 'Nautilus', 'Rumble', 'Viego')",1,0,1
"('Akshan', 'Camille', ""Cho'Gath"", 'Lillia', 'Renekton')",1,0,1
"('Poppy', 'Pyke', 'Rumble', 'Syndra', 'Varus')",1,0,1
"(""Cho'Gath"", 'Seraphine', 'Skarner', 'Tristana', 'Zac')",1,0,1
"('Akali', 'Camille', 'Fiddlesticks', 'Kalista', 'Vayne')",1,0,1
"('Fiora', ""Kai'Sa"", 'Lissandra', 'Nautilus', 'Poppy')",0,1,1
"('Alistar', ""Kai'Sa"", 'Kennen', 'Pantheon', 'Viego')",1,0,1
"('Corki', 'Nautilus', 'Pantheon', 'Rumble', 'Viego')",1,0,1
"('Alistar', 'Ashe', 'Gnar', 'Taliyah', 'Talon')",1,0,1
"('Blitzcrank', 'Corki', 'Gragas', 'Jayce', 'Skarner')",0,1,1
"('Hwei', 'Jayce', 'Jhin', 'Rumble', 'Zac')",0,1,1
"('Akshan', 'Corki', 'Jayce', 'Pyke', 'Skarner')",1,0,1
"(""Cho'Gath"", 'Jayce', 'Leona', 'Taliyah', 'Varus')",1,0,1
"('Braum', 'Gragas', ""Kai'Sa"", 'Vex', 'Xin Zhao')",1,0,1
"(""Cho'Gath"", 'Dr. Mundo', 'Lee Sin', 'Rell', 'Yasuo')",1,0,1
"('Caitlyn', 'Hwei', 'Renekton', 'Rengar', 'Rumble')",1,0,1
"('Ahri', 'Camille', ""Cho'Gath"", 'Galio', 'Graves')",1,0,1
"(""Cho'Gath"", 'Graves', 'Jayce', ""K'Sante"", 'Senna')",0,1,1
"(""Cho'Gath"", 'Jinx', 'Karthus', 'Pyke', 'Tristana')",1,0,1
"(""Cho'Gath"", 'Irelia', 'LeBlanc', 'Poppy', 'Rengar')",1,0,1
"('Bard', 'Corki', 'Gragas', 'Hwei', 'Viego')",0,1,1
"('Aurelion Sol', ""Cho'Gath"", ""Kai'Sa"", 'Rakan', 'Viego')",1,0,1
"('Ezreal', 'Jayce', 'Skarner', 'Vex', 'Viego')",1,0,1
"('Bard', 'Camille', 'Lucian', 'Nidalee', 'Yone')",1,0,1
"('Irelia', 'Jarvan IV', 'Kalista', 'Renata Glasc', 'Skarner')",1,0,1
"('Camille', 'Lucian', 'Nami', 'Orianna', 'Warwick')",0,1,1
"('Blitzcrank', 'Gwen', 'Jax', 'Jinx', 'Qiyana')",1,0,1
"('Hwei', 'Jayce', 'Smolder', 'Sona', 'Viego')",0,1,1
"('Diana', ""Kai'Sa"", 'Pyke', 'Rumble', 'Skarner')",1,0,1
"('Lee Sin', 'Nautilus', 'Taliyah', 'Twisted Fate', 'Viego')",0,1,1
"('Braum', 'Corki', 'Nidalee', 'Tryndamere', 'Zed')",1,0,1
"('Azir', ""Kai'Sa"", ""Kha'Zix"", 'Rakan', 'Rumble')",0,1,1
"('Ahri', 'Ezreal', 'Maokai', 'Viego', 'Yone')",0,1,1
"('Karthus', 'Rakan', 'Varus', 'Wukong', 'Zed')",1,0,1
"(""Cho'Gath"", 'Gnar', 'Karthus', 'Senna', 'Talon')",0,1,1
"('Ahri', ""Kai'Sa"", 'Lucian', 'Senna', 'Vi')",0,1,1
"('Aphelios', 'Lulu', 'Sejuani', 'Trundle', 'Yone')",0,1,1
"('Aurelion Sol', 'Ezreal', 'Graves', 'Malphite', 'Pyke')",1,0,1
"('Jayce', 'LeBlanc', 'Maokai', 'Nidalee', 'Tristana')",1,0,1
"('Malphite', 'Nidalee', 'Rakan', 'Xayah', 'Yasuo')",1,0,1
"('Ashe', 'Caitlyn', 'Fiora', 'Nidalee', 'Yone')",1,0,1
"('Ezreal', 'Tristana', 'Twisted Fate', 'Viego', 'Zyra')",1,0,1
"('Karthus', 'Rakan', 'Riven', 'Smolder', 'Yorick')",0,1,1
"('Ezreal', 'Gragas', 'Graves', 'Karma', 'Yone')",0,1,1
"('Jinx', 'Lux', 'Rell', 'Shen', 'Taliyah')",0,1,1
"('Aurelion Sol', 'Hwei', 'Jhin', ""Kha'Zix"", 'Riven')",0,1,1
"('Hwei', 'Lucian', 'Milio', 'Riven', 'Viego')",0,1,1
"('Akali', ""K'Sante"", 'Lulu', ""Rek'Sai"", 'Vayne')",0,1,1
"('Cassiopeia', 'Lee Sin', 'Rell', 'Renekton', 'Tristana')",1,0,1
"('Hecarim', 'Hwei', 'Rell', 'Rumble', 'Tristana')",1,0,1
"('Brand', 'Darius', 'Orianna', 'Sivir', 'Viego')",1,0,1
"('Ahri', ""Kai'Sa"", 'Master Yi', 'Rell', 'Udyr')",0,1,1
"('Camille', 'Kindred', 'Varus', 'Zoe', 'Zyra')",0,1,1
"('Akali', 'Jinx', 'Pyke', 'Veigar', 'Viego')",0,1,1
"('Ezreal', 'Kennen', 'Rakan', 'Taliyah', 'Talon')",1,0,1
"('Kalista', 'Lee Sin', 'Ornn', 'Rell', 'Vladimir')",1,0,1
"('Draven', 'Malphite', 'Nautilus', 'Nidalee', 'Tristana')",0,1,1
"('Fiora', 'Graves', 'Jinx', 'Rell', 'Twisted Fate')",1,0,1
"('Camille', ""Kai'Sa"", 'Katarina', ""Rek'Sai"", 'Rell')",0,1,1
"('Aatrox', 'Kalista', 'Orianna', 'Rell', 'Thresh')",0,1,1
"('Alistar', 'Kalista', 'Rell', 'Talon', 'Twisted Fate')",0,1,1
"('Kalista', 'Maokai', 'Renekton', 'Senna', 'Tristana')",0,1,1
"('Gragas', 'Graves', ""Kai'Sa"", 'Leona', 'Yasuo')",0,1,1
"('Jinx', 'Orianna', 'Skarner', 'Thresh', 'Viego')",1,0,1
"('Aurelion Sol', 'Darius', 'Ezreal', 'Shaco', 'Viego')",0,1,1
"('Alistar', 'Caitlyn', 'Lee Sin', 'Rammus', 'Yasuo')",0,1,1
"('Diana', 'Rammus', 'Renekton', 'Twitch', 'Yone')",0,1,1
"('Camille', 'Diana', 'Kalista', 'Senna', 'Zeri')",1,0,1
"('Fiora', 'Graves', 'Rakan', 'Taliyah', 'Xayah')",0,1,1
"('Darius', 'Graves', ""Kai'Sa"", 'Rell', 'Syndra')",0,1,1
"('Akshan', 'Bard', 'Lillia', 'Malphite', 'Varus')",1,0,1
"('Gwen', 'Lee Sin', 'Leona', 'Syndra', 'Zeri')",0,1,1
"('Aatrox', 'Dr. Mundo', 'Karthus', 'Rammus', 'Samira')",1,0,1
"('Ahri', 'Kalista', 'Kindred', 'Nocturne', 'Pyke')",1,0,1
"('Caitlyn', 'Gnar', 'Lux', 'Nidalee', 'Yasuo')",1,0,1
"(""Cho'Gath"", 'Poppy', 'Rengar', 'Talon', 'Varus')",1,0,1
"('Caitlyn', 'Heimerdinger', 'Jayce', 'Nidalee', 'Tristana')",1,0,1
"('Hwei', 'Lucian', 'Nidalee', 'Poppy', 'Senna')",1,0,1
"('Ashe', 'Irelia', 'Rumble', 'Varus', 'Viego')",1,0,1
"('Heimerdinger', 'Nautilus', 'Senna', 'Taliyah', 'Yone')",0,1,1
"('Aphelios', ""K'Sante"", ""Kha'Zix"", 'Nautilus', 'Taliyah')",0,1,1
"('Camille', 'Hwei', 'Jinx', 'Soraka', 'Xin Zhao')",0,1,1
"('Camille', ""Cho'Gath"", 'Galio', 'Graves', 'Kled')",0,1,1
"('Azir', 'Braum', 'Jayce', 'Lucian', 'Talon')",0,1,1
"('Gnar', 'Lee Sin', 'Lulu', 'Taliyah', 'Zeri')",0,1,1
"(""Bel'Veth"", ""Kai'Sa"", 'Nautilus', 'Shen', 'Tristana')",1,0,1
"('Ashe', 'Jinx', 'LeBlanc', 'Renekton', 'Warwick')",0,1,1
"(""K'Sante"", 'Taliyah', 'Tristana', 'Yuumi', 'Zeri')",1,0,1
"('Jhin', 'Ryze', 'Seraphine', 'Skarner', 'Viego')",1,0,1
"('Heimerdinger', 'Jinx', 'Nautilus', 'Nidalee', 'Renekton')",1,0,1
"(""Cho'Gath"", 'Corki', 'Jayce', 'Karthus', 'Rell')",0,1,1
"('Ahri', 'Darius', 'Kalista', 'Taric', 'Viego')",1,0,1
"('Aphelios', 'Braum', 'Karthus', 'Twisted Fate', 'Yone')",0,1,1
"('Aurelion Sol', 'Camille', 'Darius', 'Lucian', ""Rek'Sai"")",1,0,1
"('Akali', 'Jhin', 'Nautilus', 'Riven', 'Viego')",0,1,1
"('Alistar', 'Ashe', 'Hwei', 'Jayce', 'Kindred')",1,0,1
"('Diana', ""K'Sante"", 'Kalista', 'Rakan', 'Warwick')",1,0,1
"('Fiddlesticks', ""Kai'Sa"", 'Maokai', 'Rumble', 'Tristana')",1,0,1
"('Akali', 'Aphelios', 'Nautilus', 'Skarner', 'Viego')",0,1,1
"('Rumble', 'Skarner', 'Varus', 'Yone', 'Zac')",0,1,1
"('Cassiopeia', ""Kai'Sa"", 'Nidalee', 'Pantheon', 'Seraphine')",1,0,1
"('Brand', 'Camille', ""Cho'Gath"", 'Jayce', 'Neeko')",0,1,1
"('Lucian', 'Orianna', 'Rell', 'Rumble', 'Viego')",0,1,1
"('Neeko', 'Rumble', 'Tristana', 'Varus', 'Viego')",1,0,1
"('Hwei', 'Nautilus', 'Riven', 'Varus', 'Viego')",0,1,1
"(""Bel'Veth"", 'Fiora', 'Leona', 'Nunu & Willump', 'Varus')",1,0,1
"(""K'Sante"", 'Karthus', 'Pyke', 'Viego', 'Zeri')",0,1,1
"('Akshan', ""Kai'Sa"", 'Kennen', 'Nautilus', 'Nidalee')",0,1,1
"(""Bel'Veth"", 'Malphite', 'Rakan', 'Taliyah', 'Varus')",1,0,1
"('Bard', 'Darius', 'Maokai', 'Orianna', 'Smolder')",0,1,1
"('Kalista', 'Nidalee', 'Pantheon', 'Vayne', 'Xerath')",1,0,1
"('Maokai', 'Teemo', 'Tristana', 'Varus', 'Viego')",0,1,1
"('Ashe', 'Blitzcrank', 'Heimerdinger', 'Orianna', 'Xin Zhao')",1,0,1
"('Caitlyn', 'Corki', 'Kennen', 'Nidalee', 'Rakan')",1,0,1
"('Jax', ""Kai'Sa"", 'Katarina', 'Rakan', 'Xin Zhao')",1,0,1
"('Akshan', 'Ezreal', 'Lillia', 'Renekton', 'Sona')",1,0,1
"('Akshan', 'Heimerdinger', 'Lee Sin', 'Malphite', 'Nautilus')",0,1,1
"('Akshan', 'Aphelios', 'Brand', 'Darius', 'Rell')",0,1,1
"('Akshan', 'Karthus', 'Rell', 'Twisted Fate', 'Zeri')",1,0,1
"('Graves', ""Kai'Sa"", 'Rumble', 'Soraka', 'Tryndamere')",0,1,1
"('Blitzcrank', ""Kai'Sa"", 'Kennen', 'Pantheon', 'Sylas')",0,1,1
"('Diana', 'Jax', 'Viego', 'Zeri', 'Zilean')",0,1,1
"('Jhin', 'Kennen', 'Lillia', 'Nautilus', 'Yone')",0,1,1
"('Fiora', 'Pyke', 'Rumble', 'Sivir', 'Tristana')",0,1,1
"('Alistar', 'Aphelios', 'Cassiopeia', 'Diana', 'Lee Sin')",0,1,1
"('Gwen', 'Hwei', 'Lulu', 'Ornn', 'Zeri')",1,0,1
"('Ashe', 'Braum', 'Gragas', 'Katarina', 'Viego')",0,1,1
"('Camille', ""Cho'Gath"", 'Gnar', 'Lee Sin', 'Neeko')",0,1,1
"('Aatrox', 'Gwen', 'Kalista', 'Thresh', 'Tristana')",1,0,1
"(""Cho'Gath"", 'Graves', 'Hwei', 'Rumble', 'Twisted Fate')",0,1,1
"('Ashe', 'Graves', 'Poppy', 'Singed', 'Skarner')",1,0,1
"('Ashe', 'Gwen', 'Hwei', ""K'Sante"", 'Qiyana')",1,0,1
"('Camille', ""Cho'Gath"", 'Heimerdinger', 'Kindred', 'Twisted Fate')",0,1,1
"('Camille', ""Cho'Gath"", 'Hwei', 'Kindred', 'Senna')",0,1,1
"('Rakan', 'Skarner', 'Taliyah', 'Yone', 'Zeri')",0,1,1
"(""Cho'Gath"", ""Kha'Zix"", 'Rell', 'Volibear', 'Zoe')",1,0,1
"(""Cho'Gath"", 'Jhin', 'Nunu & Willump', 'Pantheon', 'Zed')",0,1,1
"('Aphelios', 'Graves', 'Ornn', 'Rumble', 'Xerath')",0,1,1
"(""Cho'Gath"", 'Jax', 'Rakan', 'Skarner', 'Viktor')",0,1,1
"('Karthus', 'Leona', 'Sivir', 'Skarner', 'Yone')",1,0,1
"('Graves', ""Kai'Sa"", 'Skarner', 'Twisted Fate', 'Zac')",1,0,1
"('Gwen', 'Jayce', 'Lucian', 'Rakan', 'Zeri')",0,1,1
"('Camille', ""Vel'Koz"", 'Vex', 'Viego', 'Warwick')",0,1,1
"('Diana', 'Jax', 'Jinx', ""Kha'Zix"", 'Nautilus')",1,0,1
"('Ahri', 'Graves', 'Kalista', 'Pyke', 'Rumble')",1,0,1
"('Aphelios', 'Braum', 'Hwei', ""K'Sante"", 'Nidalee')",0,1,1
"('Akali', 'Cassiopeia', 'Jax', 'Nautilus', 'Viego')",1,0,1
"('Ezreal', 'Gangplank', 'Lillia', 'Nautilus', 'Tristana')",1,0,1
"('Akshan', 'Alistar', 'Cassiopeia', 'Taliyah', 'Zeri')",0,1,1
"('Jayce', 'Jhin', 'Nautilus', 'Nidalee', 'Renekton')",0,1,1
"('Heimerdinger', 'Pantheon', ""Rek'Sai"", 'Rumble', 'Sivir')",1,0,1
"('Ekko', 'Gangplank', 'Irelia', ""Kai'Sa"", 'Rakan')",1,0,1
"('Ashe', 'Braum', 'Irelia', 'Taliyah', 'Tristana')",0,1,1
"('Ashe', 'Camille', 'Lulu', 'Shaco', 'Sylas')",0,1,1
"('Ezreal', 'Karma', ""Rek'Sai"", 'Vex', 'Yorick')",0,1,1
"('Akali', 'Aphelios', 'Nautilus', 'Renekton', 'Viego')",0,1,1
"('Bard', 'Ezreal', 'Jayce', 'Nocturne', 'Sylas')",1,0,1
"('Caitlyn', 'Galio', 'Irelia', 'Jax', 'Sylas')",1,0,1
"('Azir', 'Hecarim', 'Jhin', 'Karma', 'Shaco')",1,0,1
"('Aatrox', 'Alistar', 'Kindred', 'LeBlanc', 'Swain')",1,0,1
"('Fiora', 'Jinx', 'Lee Sin', 'Nautilus', 'Zed')",1,0,1
"('Ashe', 'Ivern', 'Nautilus', 'Skarner', 'Yone')",0,1,1
"('Alistar', 'Brand', 'Lucian', 'Rengar', 'Skarner')",1,0,1
"('Draven', 'Rell', 'Skarner', 'Xin Zhao', 'Zoe')",0,1,1
"('Akshan', 'Brand', ""Kai'Sa"", 'Malzahar', 'Pyke')",0,1,1
"('Graves', 'Jhin', 'Kennen', 'LeBlanc', 'Rell')",0,1,1
"('Diana', 'Jinx', 'Lee Sin', 'Rakan', 'Rumble')",1,0,1
"('Akshan', ""Bel'Veth"", 'Cassiopeia', ""Kai'Sa"", 'Pyke')",1,0,1
"('Ashe', 'Diana', 'Pantheon', 'Skarner', 'Viego')",1,0,1
"('Caitlyn', 'Lee Sin', 'Tryndamere', 'Viktor', 'Zeri')",1,0,1
"('Akshan', 'Jax', 'Taliyah', 'Warwick', 'Zeri')",0,1,1
"('Cassiopeia', 'Hecarim', 'Vex', 'Zeri', 'Zyra')",0,1,1
"('Graves', 'Hwei', 'Jayce', 'Sivir', 'Skarner')",0,1,1
"('Blitzcrank', 'Gnar', 'Gragas', ""Kai'Sa"", 'Shen')",0,1,1
"('Ashe', 'Nidalee', 'Skarner', 'Yone', 'Zeri')",0,1,1
"('Fiora', 'Sylas', 'Thresh', 'Tristana', 'Zeri')",0,1,1
"(""Kai'Sa"", 'Lillia', 'Poppy', 'Pyke', 'Skarner')",1,0,1
"('Corki', 'Sivir', 'Skarner', 'Vayne', 'Zed')",0,1,1
"('Galio', 'Gwen', ""Kai'Sa"", 'Nautilus', 'Xin Zhao')",0,1,1
"('Brand', ""K'Sante"", 'Leona', 'Smolder', 'Tristana')",0,1,1
"('Jinx', 'Kled', 'Rakan', 'Rumble', 'Vex')",0,1,1
"('Jayce', 'Nautilus', 'Shen', 'Smolder', 'Taliyah')",1,0,1
"(""Cho'Gath"", 'Graves', 'Kassadin', 'Lux', 'Vayne')",0,1,1
"('Alistar', 'Hwei', 'Jinx', 'Vayne', 'Viego')",0,1,1
"(""Cho'Gath"", 'Senna', 'Shen', 'Taliyah', 'Talon')",1,0,1
"('Bard', 'Corki', 'Nidalee', 'Rumble', 'Tristana')",1,0,1
"('Jinx', 'Nidalee', 'Thresh', 'Twisted Fate', 'Yone')",1,0,1
"('Graves', 'Rumble', 'Senna', 'Tahm Kench', 'Tristana')",1,0,1
"('Alistar', 'Jax', 'Lucian', 'Rumble', 'Zoe')",0,1,1
"('Jinx', 'Lee Sin', 'Milio', 'Neeko', 'Udyr')",0,1,1
"('Aatrox', 'Akali', 'Braum', 'Taliyah', 'Tristana')",0,1,1
"('Fiora', 'Jhin', 'Nautilus', 'Vex', 'Viego')",1,0,1
"('Ahri', 'Jax', 'Karthus', 'Samira', 'Sett')",0,1,1
"('Ezreal', 'Kennen', 'Nidalee', 'Viego', 'Zed')",1,0,1
"('Akshan', 'Graves', 'Nautilus', 'Ryze', 'Varus')",0,1,1
"('Jayce', 'Jhin', 'Leona', 'Maokai', 'Nidalee')",0,1,1
"('Graves', 'Rakan', 'Skarner', ""Vel'Koz"", 'Viego')",0,1,1
"('Aatrox', 'Corki', 'Gwen', 'Thresh', 'Twisted Fate')",1,0,1
"('Dr. Mundo', 'Jhin', 'Nidalee', 'Qiyana', 'Seraphine')",1,0,1
"(""Cho'Gath"", 'Galio', 'Maokai', ""Rek'Sai"", 'Varus')",1,0,1
"('Blitzcrank', 'Draven', 'Nidalee', 'Pantheon', 'Yone')",1,0,1
"('Camille', 'Dr. Mundo', 'Galio', 'Viego', 'Zeri')",0,1,1
"('Aurelion Sol', 'Heimerdinger', 'Kalista', 'Thresh', 'Xin Zhao')",1,0,1
"('Brand', 'Draven', 'Leona', 'Rumble', 'Tristana')",1,0,1
"('Gwen', 'Lucian', 'Lulu', 'Pyke', 'Renekton')",1,0,1
"(""Cho'Gath"", 'Jayce', 'Rumble', 'Viego', 'Yuumi')",1,0,1
"('Galio', ""Kai'Sa"", 'Leona', 'Rumble', 'Viego')",1,0,1
"('Ashe', 'Blitzcrank', 'Malzahar', 'Nidalee', 'Renekton')",0,1,1
"(""Bel'Veth"", 'Jhin', 'Rumble', 'Tristana', 'Zilean')",0,1,1
"('Alistar', 'Rumble', 'Tristana', ""Vel'Koz"", 'Viego')",1,0,1
"('Draven', 'Rumble', 'Thresh', 'Viego', 'Zed')",0,1,1
"('Ahri', 'Lucian', 'Maokai', 'Skarner', 'Talon')",0,1,1
"(""Cho'Gath"", 'Graves', 'Irelia', ""K'Sante"", 'Rumble')",0,1,1
"('Jinx', 'Maokai', 'Ornn', 'Taliyah', 'Yasuo')",1,0,1
"(""Cho'Gath"", 'Corki', ""Kai'Sa"", 'Nidalee', 'Twisted Fate')",1,0,1
"('Draven', 'Hwei', 'Nautilus', 'Renekton', 'Skarner')",1,0,1
"('Akshan', 'Braum', 'Camille', 'Lucian', 'Taliyah')",1,0,1
"('Azir', 'Fiora', 'Nautilus', 'Nidalee', 'Varus')",0,1,1
"('Jinx', ""K'Sante"", 'Orianna', 'Thresh', 'Xin Zhao')",1,0,1
"('Corki', 'Fiora', 'Galio', 'Thresh', 'Viego')",1,0,1
"('Braum', 'Corki', 'LeBlanc', 'Varus', 'Viego')",0,1,1
"('Jinx', 'Nidalee', 'Pantheon', 'Rammus', 'Zed')",0,1,1
"('Ahri', 'Camille', 'Gnar', 'Jinx', 'Viego')",0,1,1
"('Aurelion Sol', ""Cho'Gath"", ""Kai'Sa"", 'Lee Sin', 'Thresh')",0,1,1
"('Corki', 'Nidalee', 'Rakan', 'Skarner', 'Varus')",0,1,1
"('Dr. Mundo', 'Hwei', 'Rakan', 'Twitch', 'Viego')",1,0,1
"('Karthus', 'Nautilus', 'Poppy', 'Varus', 'Zed')",0,1,1
"(""Cho'Gath"", 'Hecarim', 'Rell', 'Samira', 'Yasuo')",1,0,1
"('Akali', 'Camille', ""Cho'Gath"", 'Lee Sin', 'Nautilus')",0,1,1
"(""Cho'Gath"", 'Diana', 'Renekton', 'Seraphine', 'Viego')",1,0,1
"(""Cho'Gath"", 'Corki', ""K'Sante"", 'Lillia', 'Senna')",0,1,1
"(""Cho'Gath"", 'Corki', 'Graves', 'Ornn', 'Syndra')",0,1,1
"('Ashe', 'Corki', 'Nidalee', 'Sett', 'Varus')",1,0,1
"('Anivia', ""Cho'Gath"", 'Graves', 'Quinn', 'Tahm Kench')",1,0,1
"('Corki', 'Karthus', 'Pyke', 'Tristana', 'Tryndamere')",0,1,1
"('Ahri', ""Kai'Sa"", 'Mordekaiser', 'Nautilus', 'Viego')",0,1,1
"('Graves', 'Vayne', 'Zac', 'Zeri', 'Zoe')",0,1,1
"(""Cho'Gath"", 'Galio', 'Kindred', 'Leona', 'Riven')",1,0,1
"(""Cho'Gath"", 'Jayce', 'Nidalee', 'Renekton', 'Thresh')",1,0,1
"('Ahri', 'Gwen', 'Skarner', 'Vayne', 'Zeri')",1,0,1
"('Draven', 'Pyke', 'Taliyah', 'Vayne', 'Viego')",1,0,1
"('Alistar', 'Gwen', 'Kled', 'Tristana', 'Varus')",1,0,1
"('Aatrox', 'Katarina', 'Nautilus', 'Samira', 'Sejuani')",0,1,1
"(""Cho'Gath"", 'Graves', 'Orianna', 'Rakan', 'Renekton')",0,1,1
"('Malphite', 'Soraka', 'Taliyah', 'Tristana', 'Varus')",0,1,1
"('Akshan', 'Jax', 'Jinx', 'Lulu', 'Ornn')",0,1,1
"('Braum', 'Jayce', ""Kai'Sa"", 'Nasus', 'Nidalee')",1,0,1
"('Jinx', 'Nidalee', 'Thresh', 'Tristana', 'Viego')",1,0,1
"(""Cho'Gath"", 'Gangplank', 'Taliyah', 'Thresh', 'Viego')",0,1,1
"(""K'Sante"", 'Lillia', 'Smolder', 'Twisted Fate', 'Zac')",1,0,1
"('Darius', 'Galio', 'Gwen', 'Lucian', 'Yasuo')",1,0,1
"('Draven', 'Hwei', ""K'Sante"", 'Taliyah', 'Viego')",0,1,1
"('Ezreal', 'Hwei', 'Nautilus', 'Twisted Fate', 'Viego')",0,1,1
"('Alistar', ""Cho'Gath"", 'Graves', ""K'Sante"", 'Swain')",0,1,1
"('Aurelion Sol', ""K'Sante"", 'Nautilus', 'Taliyah', 'Zeri')",1,0,1
"('Jax', ""Kog'Maw"", 'Lulu', 'Rumble', 'Yone')",0,1,1
"('Graves', 'Illaoi', 'Orianna', 'Rell', 'Varus')",1,0,1
"('Jinx', 'Rumble', 'Seraphine', 'Sett', 'Xin Zhao')",1,0,1
"('Akshan', 'Alistar', 'Nidalee', 'Rumble', 'Xayah')",0,1,1
"('Camille', 'Cassiopeia', 'Corki', ""Kai'Sa"", 'Nidalee')",0,1,1
"('Aatrox', 'Corki', 'Skarner', 'Vex', 'Zoe')",1,0,1
"('Ahri', 'Bard', 'Kennen', 'Varus', 'Viego')",1,0,1
"('Hwei', 'Jhin', 'Lee Sin', 'Renata Glasc', 'Ryze')",1,0,1
"('Heimerdinger', 'Hwei', 'Irelia', 'Qiyana', 'Viego')",0,1,1
"('Gwen', ""Rek'Sai"", 'Rell', 'Sylas', 'Zeri')",1,0,1
"('Camille', 'Jayce', 'Lillia', 'Shen', ""Vel'Koz"")",0,1,1
"('Alistar', 'Brand', 'Skarner', 'Tristana', 'Varus')",0,1,1
"(""Kai'Sa"", 'Kalista', 'Kayn', 'Nautilus', 'Twisted Fate')",1,0,1
"('Aphelios', ""K'Sante"", 'Maokai', 'Nidalee', 'Viego')",0,1,1
"('Akali', 'Bard', 'Caitlyn', 'Viego', 'Volibear')",1,0,1
"('Graves', 'Lissandra', 'Malphite', 'Rakan', 'Zeri')",0,1,1
"('Akali', 'Corki', 'Lucian', 'Nami', 'Viego')",0,1,1
"('Camille', 'Kalista', 'Nidalee', 'Vladimir', 'Yasuo')",1,0,1
"('Fiora', 'Nautilus', 'Samira', 'Taliyah', 'Tristana')",0,1,1
"('Corki', 'Jinx', 'Nidalee', 'Thresh', 'Twisted Fate')",1,0,1
"('Draven', 'Ezreal', ""Rek'Sai"", 'Rumble', 'Seraphine')",0,1,1
"('Cassiopeia', 'Hecarim', 'LeBlanc', 'Pyke', 'Tristana')",1,0,1
"('Garen', 'Katarina', 'Pyke', 'Smolder', 'Viego')",1,0,1
"('Jayce', ""Kai'Sa"", 'Nautilus', 'Taliyah', 'Tryndamere')",0,1,1
"('Rell', 'Renekton', 'Ryze', 'Taliyah', 'Varus')",1,0,1
"(""Kai'Sa"", 'Nidalee', 'Pantheon', 'Tristana', 'Zyra')",1,0,1
"('Hecarim', 'Heimerdinger', ""K'Sante"", 'Maokai', 'Nautilus')",1,0,1
"('Jinx', ""K'Sante"", 'Kindred', 'LeBlanc', 'Lulu')",0,1,1
"('Hecarim', 'Hwei', 'Kalista', 'Kennen', 'Zed')",0,1,1
"('Fizz', 'Jhin', 'Kindred', 'Lulu', 'Skarner')",1,0,1
"('Karthus', 'Malphite', 'Pantheon', 'Tristana', 'Varus')",1,0,1
"('Jayce', 'Lucian', 'Maokai', 'Sylas', 'Tryndamere')",1,0,1
"('Cassiopeia', 'Katarina', 'Thresh', 'Twisted Fate', 'Viego')",0,1,1
"('Jayce', 'Jhin', 'Kled', 'Lillia', 'Pyke')",0,1,1
"('Aatrox', 'Camille', 'Hwei', 'Vi', 'Zeri')",1,0,1
"('Irelia', ""K'Sante"", ""Kai'Sa"", 'Nidalee', 'Rell')",0,1,1
"('Ahri', 'Kennen', ""Kog'Maw"", 'Lulu', 'Viego')",1,0,1
"('Aatrox', 'Draven', 'Nautilus', 'Nidalee', 'Yone')",0,1,1
"('Hwei', 'Jinx', 'Kindred', 'Nautilus', 'Renekton')",1,0,1
"('Aatrox', 'Blitzcrank', ""Kai'Sa"", 'Nidalee', 'Talon')",1,0,1
"('Aphelios', 'Diana', ""K'Sante"", 'Ryze', 'Thresh')",0,1,1
"('Ashe', 'Corki', 'Taliyah', 'Tristana', 'Yone')",1,0,1
"('Gangplank', 'Jinx', 'LeBlanc', ""Rek'Sai"", 'Rell')",1,0,1
"('Gwen', ""Kog'Maw"", 'Lulu', ""Rek'Sai"", 'Zoe')",0,1,1
"('Aphelios', ""K'Sante"", 'Nautilus', 'Taliyah', 'Tristana')",0,1,1
"('Galio', 'Hwei', 'Kindred', 'Shen', 'Varus')",0,1,1
"('Hwei', 'Kayn', 'LeBlanc', 'Twisted Fate', 'Varus')",1,0,1
"('Ashe', 'Hwei', 'Lillia', 'Rell', 'Tryndamere')",1,0,1
"('Ahri', 'Ashe', 'Lee Sin', 'Seraphine', 'Skarner')",0,1,1
"('Braum', 'Jinx', 'Kayle', 'Taliyah', 'Twisted Fate')",1,0,1
"('Alistar', 'Hwei', 'Samira', 'Skarner', 'Viego')",0,1,1
"('Ashe', 'Camille', 'Lulu', 'Renekton', 'Taliyah')",0,1,1
"('Aurelion Sol', 'Gnar', 'Graves', 'Jhin', 'Nautilus')",1,0,1
"('Cassiopeia', 'Graves', 'Hwei', 'Maokai', 'Tristana')",1,0,1
"('Ashe', 'Graves', 'Janna', 'Rumble', 'Veigar')",1,0,1
"('Blitzcrank', 'Gnar', 'Gwen', 'Jinx', 'Lee Sin')",1,0,1
"('Ashe', 'Nidalee', 'Orianna', 'Skarner', 'Varus')",1,0,1
"('Jayce', 'Kayle', 'Lucian', 'Nidalee', 'Taric')",1,0,1
"('Lillia', 'Nautilus', 'Rumble', 'Talon', 'Varus')",1,0,1
"('Camille', ""Kai'Sa"", 'Karma', 'Udyr', 'Xin Zhao')",1,0,1
"('Ahri', 'Corki', 'Irelia', 'Maokai', 'Viego')",1,0,1
"('Aurelion Sol', ""Kha'Zix"", 'Thresh', 'Udyr', 'Zeri')",1,0,1
"('Bard', 'Jinx', 'Nidalee', 'Rumble', 'Talon')",0,1,1
"('Camille', 'Lee Sin', 'Tristana', 'Udyr', 'Xerath')",0,1,1
"('Kayle', 'Rumble', 'Varus', 'Zed', 'Zyra')",1,0,1
"('Caitlyn', 'Jayce', 'Karthus', 'Lux', 'Yone')",0,1,1
"('Aphelios', 'Janna', 'Rumble', 'Viego', 'Zoe')",0,1,1
"('Ahri', ""K'Sante"", 'Kalista', 'Kindred', 'Nautilus')",1,0,1
"(""Kai'Sa"", 'Rell', 'Skarner', 'Taliyah', 'Tristana')",1,0,1
"('Hwei', 'Jhin', ""K'Sante"", 'Pyke', 'Skarner')",0,1,1
"('Ashe', 'Corki', 'Jax', 'Jhin', 'Nidalee')",1,0,1
"('Corki', 'Nidalee', 'Pantheon', 'Rell', 'Varus')",0,1,1
"('Rakan', 'Rengar', 'Rumble', 'Sylas', 'Zeri')",1,0,1
"('Hecarim', 'LeBlanc', 'Nautilus', 'Twisted Fate', 'Zeri')",1,0,1
"('Kalista', 'Karthus', 'Lucian', 'Renata Glasc', 'Twisted Fate')",0,1,1
"('Camille', 'Karthus', 'Seraphine', 'Varus', 'Yone')",0,1,1
"('Aurelion Sol', 'Hecarim', 'Riven', 'Skarner', 'Varus')",0,1,1
"('Ashe', 'Renata Glasc', 'Talon', 'Twisted Fate', 'Zoe')",1,0,1
"('Corki', 'Taliyah', 'Yasuo', 'Yuumi', 'Zeri')",1,0,1
"('Ahri', ""Kai'Sa"", 'Nautilus', 'Rumble', 'Skarner')",1,0,1
"('Ahri', 'Rakan', ""Rek'Sai"", 'Skarner', 'Xayah')",1,0,1
"('Ahri', 'Graves', ""Kai'Sa"", 'Morgana', 'Tryndamere')",1,0,1
"('Ezreal', 'Nautilus', 'Skarner', 'Twisted Fate', 'Urgot')",0,1,1
"('Annie', 'Jhin', 'Leona', 'Taliyah', 'Tryndamere')",1,0,1
"('Ashe', 'Braum', 'Lillia', 'Olaf', 'Zed')",1,0,1
"('Jhin', 'Morgana', 'Rumble', 'Syndra', 'Tryndamere')",1,0,1
"('Alistar', 'Hwei', 'Jhin', ""Rek'Sai"", 'Rumble')",0,1,1
"('Ashe', ""Rek'Sai"", 'Rumble', 'Taliyah', 'Taric')",1,0,1
"('Camille', 'Cassiopeia', 'Graves', 'LeBlanc', 'Nautilus')",0,1,1
"('Akali', 'Jax', 'Nautilus', 'Quinn', 'Varus')",1,0,1
"('Lulu', 'Taliyah', 'Tristana', 'Vayne', 'Zeri')",0,1,1
"('Corki', 'Fiora', 'Nidalee', 'Rell', 'Yasuo')",1,0,1
"('Alistar', ""Kai'Sa"", 'Renekton', 'Taliyah', 'Yone')",1,0,1
"('Irelia', ""Kai'Sa"", 'Mordekaiser', 'Nautilus', 'Nidalee')",1,0,1
"('Hwei', 'LeBlanc', 'Nilah', 'Pantheon', 'Viego')",1,0,1
"('Hwei', 'Malphite', 'Nidalee', 'Renekton', 'Varus')",0,1,1
"('Jhin', ""K'Sante"", 'Lillia', 'Rell', 'Viego')",0,1,1
"('Akshan', 'Draven', 'Karthus', 'Nautilus', 'Ornn')",0,1,1
"('Nautilus', 'Urgot', 'Viego', 'Viktor', 'Zeri')",1,0,1
"('Alistar', 'Hwei', ""Kai'Sa"", ""Kha'Zix"", 'Mordekaiser')",0,1,1
"('Ashe', 'Bard', ""Bel'Veth"", 'LeBlanc', 'Ornn')",1,0,1
"('Ashe', 'Nautilus', 'Nidalee', 'Tristana', 'Twisted Fate')",1,0,1
"('Jayce', 'Lillia', 'Nautilus', 'Pantheon', 'Varus')",0,1,1
"('Heimerdinger', 'Lee Sin', 'Orianna', 'Rakan', 'Smolder')",0,1,1
"('Braum', 'Corki', 'Draven', 'Lillia', 'Renekton')",1,0,1
"('Caitlyn', 'Hecarim', 'Heimerdinger', 'Kled', 'Orianna')",0,1,1
"('Ahri', 'Draven', 'Rumble', 'Thresh', 'Viego')",0,1,1
"('Gragas', 'Gwen', 'Jayce', 'Lulu', 'Zeri')",0,1,1
"('Aphelios', 'Camille', 'Hwei', 'Lee Sin', 'Renata Glasc')",1,0,1
"('Ashe', 'Elise', 'Nautilus', 'Ornn', 'Tristana')",0,1,1
"('Ashe', 'Caitlyn', 'Hecarim', 'Syndra', 'Volibear')",0,1,1
"('Ahri', 'Braum', 'Corki', 'Ryze', 'Viego')",0,1,1
"('Aphelios', 'Elise', 'Lee Sin', 'Mordekaiser', 'Thresh')",1,0,1
"('Jhin', 'Kled', 'Lee Sin', 'Sona', 'Vex')",1,0,1
"('Aurelion Sol', 'Graves', 'Lucian', 'Ornn', 'Thresh')",1,0,1
"('Draven', 'Elise', 'Hwei', 'Nami', 'Renekton')",1,0,1
"('Ashe', 'Elise', 'Galio', 'Jax', 'Pyke')",0,1,1
"('Aurelion Sol', 'Hwei', 'Nautilus', 'Rengar', 'Twitch')",1,0,1
"('Ashe', 'Gragas', 'Nautilus', 'Ornn', 'Yasuo')",0,1,1
"('Alistar', ""Bel'Veth"", ""K'Sante"", 'Lucian', 'Rumble')",0,1,1
"('Aphelios', 'Graves', 'Janna', 'Katarina', 'Renekton')",1,0,1
"('Graves', ""Kai'Sa"", 'LeBlanc', 'Rakan', 'Tryndamere')",1,0,1
"('Ashe', 'Graves', 'Quinn', 'Rell', 'Syndra')",0,1,1
"('Akshan', 'Ashe', 'Leona', 'Lulu', 'Rumble')",1,0,1
"('Aatrox', 'Ashe', 'Graves', 'Seraphine', 'Twisted Fate')",0,1,1
"('Akshan', 'Graves', 'Lulu', 'Rakan', 'Varus')",1,0,1
"('Corki', 'Jarvan IV', 'Nilah', 'Rakan', 'Rumble')",1,0,1
"('Graves', ""Kai'Sa"", 'Rell', 'Tryndamere', 'Vex')",1,0,1
"('Heimerdinger', 'Karthus', 'Nautilus', 'Senna', 'Tristana')",1,0,1
"('Kennen', 'LeBlanc', 'Renata Glasc', 'Varus', 'Viego')",1,0,1
"('Brand', 'Corki', 'Kayle', 'Rakan', 'Zeri')",0,1,1
"('Ashe', 'Gangplank', 'Lillia', 'Maokai', 'Twisted Fate')",1,0,1
"(""K'Sante"", 'Nautilus', 'Syndra', 'Viego', 'Zeri')",0,1,1
"('Lucian', 'Nautilus', 'Rumble', 'Taliyah', 'Tristana')",1,0,1
"('Aatrox', 'Azir', 'Senna', 'Skarner', 'Tahm Kench')",1,0,1
"('Ashe', 'Azir', 'Lillia', 'Lucian', 'Thresh')",0,1,1
"('Ahri', 'Lee Sin', 'Lucian', 'Mordekaiser', 'Nami')",1,0,1
"('LeBlanc', ""Rek'Sai"", 'Rumble', 'Vayne', 'Xayah')",1,0,1
"('Hwei', 'Nautilus', 'Rumble', 'Senna', 'Xin Zhao')",1,0,1
"('Blitzcrank', 'Jinx', 'Lee Sin', 'Rumble', 'Taliyah')",1,0,1
"('Akali', 'Anivia', 'Gragas', 'Jinx', 'Viego')",1,0,1
"('Ahri', 'Jinx', 'Nautilus', 'Wukong', 'Xin Zhao')",1,0,1
"('Ashe', ""Kog'Maw"", ""Rek'Sai"", 'Ryze', 'Viego')",1,0,1
"('Cassiopeia', 'LeBlanc', 'Lee Sin', 'Nautilus', 'Tristana')",0,1,1
"('Akshan', 'Draven', 'Jayce', 'Karthus', 'Nautilus')",1,0,1
"('Alistar', 'Corki', 'Draven', 'Kled', 'Taliyah')",1,0,1
"(""Cho'Gath"", 'Corki', 'Jax', 'Lillia', 'Thresh')",1,0,1
"('Blitzcrank', 'Kalista', 'Nunu & Willump', 'Rumble', 'Twisted Fate')",0,1,1
"('Corki', 'Heimerdinger', 'Jax', 'Lulu', 'Skarner')",1,0,1
"('Corki', 'Jinx', 'Kindred', 'Olaf', 'Seraphine')",0,1,1
"('Alistar', 'Gwen', ""Kai'Sa"", 'Nidalee', 'Renekton')",1,0,1
"('Illaoi', ""Kai'Sa"", 'Nautilus', 'Nidalee', 'Shaco')",0,1,1
"('Ashe', 'Galio', 'Kindred', 'Leona', 'Vladimir')",1,0,1
"('Janna', 'Taliyah', 'Twisted Fate', 'Viego', 'Zeri')",0,1,1
"('Ashe', 'Hwei', ""Kha'Zix"", 'Poppy', 'Vladimir')",0,1,1
"('Alistar', 'Viego', 'Viktor', 'Vladimir', 'Zeri')",0,1,1
"('Anivia', 'Corki', 'Rell', 'Vladimir', 'Xin Zhao')",0,1,1
"('Aphelios', 'Lillia', 'Thresh', 'Vladimir', 'Yone')",1,0,1
"('Poppy', 'Sylas', 'Vladimir', 'Yasuo', 'Zeri')",0,1,1
"('Akshan', 'Camille', 'Karthus', 'Veigar', 'Vladimir')",1,0,1
"(""Kai'Sa"", 'Nautilus', 'Poppy', 'Vex', 'Vladimir')",1,0,1
"('Jinx', 'Rell', 'Skarner', 'Taliyah', 'Tristana')",1,0,1
"('Hecarim', 'Irelia', 'Miss Fortune', 'Vladimir', 'Zyra')",1,0,1
"(""Kai'Sa"", 'LeBlanc', 'Lee Sin', 'Nautilus', 'Vladimir')",1,0,1
"('Corki', 'Graves', 'Kalista', 'Lulu', 'Rell')",0,1,1
"('Ashe', 'Bard', 'Lux', 'Skarner', 'Xin Zhao')",1,0,1
"('Jinx', 'Nunu & Willump', 'Rakan', 'Tryndamere', 'Yasuo')",0,1,1
"('Camille', 'Galio', 'Hwei', ""Kai'Sa"", 'Olaf')",1,0,1
"('Camille', 'Lillia', 'Soraka', 'Varus', 'Viego')",1,0,1
"('Akali', 'Karthus', 'Nautilus', 'Twisted Fate', 'Varus')",0,1,1
"('Camille', ""Kai'Sa"", 'Nautilus', 'Nidalee', 'Zed')",1,0,1
"('Lillia', 'Pyke', 'Twisted Fate', 'Varus', 'Zed')",1,0,1
"('Alistar', 'Draven', 'Jax', 'Nidalee', 'Zed')",0,1,1
"('Aphelios', 'Graves', 'Hwei', 'Shen', 'Soraka')",1,0,1
"('Ashe', 'Seraphine', 'Skarner', 'Vex', 'Xin Zhao')",0,1,1
"('Dr. Mundo', 'Hwei', 'Jhin', 'Lee Sin', 'Rell')",1,0,1
"('Jax', ""K'Sante"", 'Seraphine', 'Smolder', 'Twisted Fate')",1,0,1
"('Lee Sin', 'Quinn', 'Seraphine', 'Yasuo', 'Zeri')",1,0,1
"('Alistar', 'Jax', 'Jinx', 'Poppy', 'Taliyah')",1,0,1
"(""K'Sante"", 'Katarina', 'Lee Sin', 'Rell', 'Samira')",1,0,1
"('Akali', 'Blitzcrank', ""K'Sante"", 'Lee Sin', 'Varus')",1,0,1
"(""Kai'Sa"", 'Katarina', 'Lee Sin', 'Malphite', 'Nautilus')",0,1,1
"('Hwei', 'Illaoi', 'Lee Sin', 'Lucian', 'Nautilus')",1,0,1
"('Cassiopeia', 'Jhin', 'LeBlanc', 'Rell', 'Viego')",1,0,1
"('Alistar', 'Gangplank', ""Kai'Sa"", 'Kindred', 'Sylas')",0,1,1
"('Akshan', 'Aurelion Sol', 'Kindred', 'Rell', 'Ryze')",1,0,1
"('Caitlyn', 'Lillia', 'Pyke', 'Wukong', 'Zoe')",0,1,1
"('Irelia', 'Pyke', 'Taliyah', 'Tristana', 'Twitch')",1,0,1
"('Akali', 'Nidalee', 'Rakan', 'Tristana', 'Varus')",1,0,1
"('Blitzcrank', ""Kai'Sa"", 'Taliyah', 'Tristana', 'Urgot')",0,1,1
"('Aatrox', 'Annie', ""Kai'Sa"", 'Pyke', 'Viego')",0,1,1
"('Ashe', 'Kindred', 'LeBlanc', 'Renata Glasc', 'Twisted Fate')",1,0,1
"('Hwei', ""Kai'Sa"", 'Rakan', 'Rumble', 'Vi')",1,0,1
"('Fiddlesticks', ""Kai'Sa"", 'Rakan', 'Twisted Fate', 'Yone')",0,1,1
"('Akali', 'Gragas', 'Kindred', 'Rakan', 'Zeri')",0,1,1
"('Lillia', 'Nautilus', 'Skarner', 'Tristana', 'Zeri')",1,0,1
"('Hwei', 'Jinx', ""K'Sante"", 'Kindred', 'Zilean')",0,1,1
"('Ahri', 'Lucian', 'Maokai', 'Nami', 'Vi')",0,1,1
"('Hwei', ""K'Sante"", 'Kindred', 'Varus', 'Zilean')",0,1,1
"('Graves', 'Jayce', 'Pyke', 'Sylas', 'Varus')",1,0,1
"('Corki', 'Nautilus', 'Nocturne', 'Skarner', 'Twisted Fate')",1,0,1
"(""Kai'Sa"", 'Lillia', 'Orianna', 'Pyke', 'Rengar')",1,0,1
"('Ashe', 'Lillia', 'Orianna', 'Riven', 'Varus')",0,1,1
"('Ahri', 'Jinx', 'Nasus', 'Taric', 'Vi')",1,0,1
"('Akali', 'Blitzcrank', ""Kai'Sa"", 'Orianna', 'Vi')",0,1,1
"('Ashe', 'Galio', 'Gragas', 'Graves', 'Heimerdinger')",0,1,1
"('Ahri', 'Nidalee', 'Taric', 'Varus', 'Volibear')",1,0,1
"('Corki', 'Lee Sin', 'Nautilus', 'Ryze', 'Skarner')",0,1,1
"('Akshan', 'Corki', 'Lillia', 'Master Yi', 'Pyke')",0,1,1
"('Graves', ""Kai'Sa"", 'Pyke', 'Ryze', 'Twisted Fate')",1,0,1
"('Camille', 'Nidalee', 'Pyke', 'Sivir', 'Skarner')",1,0,1
"('Aphelios', ""K'Sante"", 'Lillia', 'Lissandra', 'Yone')",1,0,1
"('Akshan', 'Camille', ""Kai'Sa"", 'Nidalee', 'Rumble')",1,0,1
"('Corki', 'Master Yi', 'Pyke', 'Taliyah', 'Tristana')",1,0,1
"(""Bel'Veth"", 'Hwei', 'Jhin', 'Maokai', 'Master Yi')",0,1,1
"('Braum', 'Jinx', 'Lillia', 'Master Yi', 'Yasuo')",0,1,1
"('Kalista', ""Kha'Zix"", 'Master Yi', 'Nautilus', 'Twisted Fate')",0,1,1
"('Graves', 'Lucian', 'Nami', 'Quinn', 'Twisted Fate')",1,0,1
"('Ezreal', 'Master Yi', 'Nidalee', 'Nunu & Willump', 'Xerath')",0,1,1
"('Bard', 'Elise', 'Master Yi', 'Renekton', 'Varus')",0,1,1
"(""Kai'Sa"", 'Master Yi', 'Seraphine', 'Shaco', 'Sylas')",0,1,1
"(""K'Sante"", 'Master Yi', 'Viego', 'Yuumi', 'Zeri')",0,1,1
"('Ashe', ""Bel'Veth"", 'Master Yi', 'Neeko', 'Rumble')",0,1,1
"('Blitzcrank', 'Jhin', 'Lillia', 'Master Yi', 'Rengar')",1,0,1
"('Akshan', 'Lillia', 'Lucian', 'Master Yi', 'Nami')",1,0,1
"('Fizz', 'Graves', 'Nasus', 'Nautilus', 'Varus')",1,0,1
"('Azir', 'Corki', 'Maokai', 'Nidalee', 'Skarner')",0,1,1
"('Janna', 'Nidalee', 'Twisted Fate', 'Yorick', 'Zeri')",0,1,1
"('Katarina', 'Nautilus', 'Taliyah', 'Viego', 'Zeri')",1,0,1
"('Diana', 'Lee Sin', 'Senna', 'Swain', 'Yasuo')",1,0,1
"('Camille', 'Jinx', 'Nidalee', 'Pyke', 'Rumble')",1,0,1
"('Fiora', ""Kai'Sa"", 'Katarina', 'Leona', 'Viego')",1,0,1
"('Gragas', 'Jhin', 'Nautilus', 'Taliyah', 'Yone')",0,1,1
"('Alistar', 'Gragas', 'Lee Sin', 'Xerath', 'Zeri')",1,0,1
"('Annie', 'Gragas', ""Kai'Sa"", 'Lee Sin', 'Zoe')",1,0,1
"('Akshan', 'Aphelios', 'Kennen', 'Lee Sin', 'Rell')",1,0,1
"('Jinx', 'Rumble', 'Seraphine', 'Xin Zhao', 'Zac')",1,0,1
"('Ahri', 'Jinx', 'Rell', 'Tryndamere', 'Viego')",0,1,1
"('Aphelios', 'Irelia', 'Nidalee', 'Skarner', 'Thresh')",1,0,1
"('Nidalee', 'Ornn', 'Rell', 'Tristana', 'Zeri')",0,1,1
"(""K'Sante"", 'Nautilus', 'Nidalee', 'Varus', 'Yasuo')",0,1,1
"('Aphelios', 'Galio', 'Lee Sin', 'Lulu', 'Sett')",0,1,1
"('Ashe', 'Cassiopeia', 'Lillia', 'Pyke', 'Riven')",1,0,1
"('Lee Sin', 'Nautilus', 'Riven', 'Sylas', 'Zeri')",1,0,1
"('Ashe', 'Jax', 'Lee Sin', 'Nautilus', 'Orianna')",0,1,1
"('Garen', 'Hwei', ""Kai'Sa"", 'Nautilus', 'Viego')",1,0,1
"('Fiora', 'Kalista', 'LeBlanc', 'Pantheon', 'Rumble')",1,0,1
"('Ashe', 'Cassiopeia', 'Hwei', ""Kha'Zix"", 'Zeri')",1,0,1
"('Aatrox', 'Aphelios', 'Blitzcrank', 'Lillia', 'Tristana')",0,1,1
"('Ashe', 'Braum', 'Rumble', 'Taliyah', 'Vi')",0,1,1
"('Ashe', 'Ekko', 'Milio', 'Nasus', 'Yone')",0,1,1
"('Ashe', 'Katarina', 'Milio', 'Skarner', 'Taliyah')",1,0,1
"('Fizz', 'Jarvan IV', 'Thresh', 'Varus', 'Warwick')",1,0,1
"('Akali', 'Camille', 'Graves', 'Malzahar', 'Zeri')",1,0,1
"('Ashe', 'Brand', 'Rammus', 'Varus', 'Yasuo')",0,1,1
"('Ashe', 'Camille', 'Lee Sin', 'Taliyah', 'Varus')",0,1,1
"('Aphelios', 'Kennen', 'Lulu', 'Skarner', 'Viego')",0,1,1
"('LeBlanc', 'Nautilus', 'Senna', 'Tryndamere', 'Vi')",1,0,1
"('Camille', 'Corki', 'Fiddlesticks', 'Lee Sin', 'Taric')",0,1,1
"('Hwei', ""K'Sante"", 'Lee Sin', 'Rakan', 'Zeri')",1,0,1
"('Ashe', 'Hwei', 'Karthus', 'Renekton', 'Seraphine')",0,1,1
"('Alistar', 'Gragas', 'Smolder', 'Viego', 'Viktor')",1,0,1
"('Ashe', 'Gnar', 'Graves', ""Kai'Sa"", 'Zoe')",0,1,1
"('Ashe', 'LeBlanc', 'Skarner', 'Soraka', 'Viego')",0,1,1
"('Brand', 'Katarina', 'Nautilus', 'Vayne', 'Zeri')",1,0,1
"('Bard', 'Irelia', 'Jhin', 'Maokai', 'Viego')",0,1,1
"('Ashe', 'Brand', 'Nautilus', 'Tristana', 'Udyr')",1,0,1
"('Gnar', 'LeBlanc', 'Lucian', 'Nami', 'Taliyah')",1,0,1
"('Graves', ""Kai'Sa"", 'Lissandra', 'Nautilus', 'Rumble')",0,1,1
"('Jinx', 'Lillia', 'Rakan', 'Tristana', 'Udyr')",1,0,1
"('Galio', 'Tryndamere', 'Varus', 'Viego', 'Zyra')",0,1,1
"('Camille', 'Heimerdinger', 'Lee Sin', 'Lissandra', 'Varus')",1,0,1
"('Hwei', ""Kai'Sa"", 'Lee Sin', 'Nautilus', 'Rumble')",0,1,1
"('Ahri', 'Skarner', 'Vi', 'Yuumi', 'Zeri')",0,1,1
"('Ashe', ""Kha'Zix"", 'Sylas', 'Taric', 'Udyr')",0,1,1
"('Akali', 'Nautilus', 'Samira', 'Taliyah', 'Twisted Fate')",1,0,1
"('Elise', 'Lulu', 'Rumble', 'Smolder', 'Tristana')",1,0,1
"('Ashe', 'Jax', 'Maokai', 'Rumble', 'Tryndamere')",1,0,1
"('Jayce', ""Kai'Sa"", 'Karthus', 'Nautilus', 'Skarner')",1,0,1
"('Graves', 'Lissandra', 'Rumble', 'Udyr', 'Zeri')",0,1,1
"('Galio', 'Kindred', 'Nautilus', 'Senna', 'Udyr')",0,1,1
"('LeBlanc', 'Olaf', 'Pyke', 'Sivir', 'Skarner')",0,1,1
"('Ashe', 'Corki', 'Nautilus', 'Nidalee', 'Skarner')",0,1,1
"('Annie', 'Camille', ""Kai'Sa"", 'Tryndamere', 'Viego')",1,0,1
"('Nautilus', ""Rek'Sai"", 'Udyr', 'Vex', 'Zeri')",0,1,1
"(""Kai'Sa"", 'Katarina', 'Nidalee', 'Rell', 'Twisted Fate')",1,0,1
"('Corki', 'Graves', 'Hwei', 'Thresh', 'Tryndamere')",0,1,1
"('Akshan', 'Ashe', 'Nidalee', 'Rakan', 'Skarner')",1,0,1
"('Aatrox', 'Draven', 'Ekko', 'Pantheon', 'Seraphine')",0,1,1
"('Hecarim', 'Hwei', 'Rell', 'Rumble', 'Varus')",1,0,1
"('Annie', 'Caitlyn', 'Graves', 'Morgana', 'Skarner')",1,0,1
"('Diana', 'Fiora', 'Lucian', 'Rell', 'Varus')",1,0,1
"('Annie', 'Elise', 'Ezreal', 'Poppy', 'Tryndamere')",0,1,1
"('Ashe', 'Gragas', 'Lillia', 'Rakan', 'Tristana')",0,1,1
"('Aatrox', 'Aphelios', 'Lillia', 'Lulu', 'Tristana')",0,1,1
"('Alistar', 'Annie', 'Gwen', 'Jinx', 'Lee Sin')",1,0,1
"('Annie', 'Blitzcrank', 'Teemo', 'Viego', 'Xayah')",1,0,1
"('Lissandra', 'Nautilus', 'Rumble', 'Viego', 'Zeri')",1,0,1
"('Ashe', 'Darius', 'Hwei', 'Nautilus', 'Viego')",0,1,1
"('Ashe', 'Blitzcrank', 'Nidalee', 'Rumble', 'Tristana')",0,1,1
"('Fiora', 'Graves', 'Hwei', 'Thresh', 'Varus')",1,0,1
"('Akali', 'Ezreal', 'Graves', 'Irelia', 'Rell')",1,0,1
"('Nasus', 'Rell', 'Taliyah', 'Tristana', 'Twitch')",0,1,1
"('Galio', 'Gragas', 'Jinx', 'Rakan', 'Tristana')",0,1,1
"('Cassiopeia', 'Draven', 'Rakan', 'Vi', 'Zoe')",1,0,1
"('Hwei', 'Jax', 'Twisted Fate', 'Xayah', 'Zilean')",0,1,1
"('Akali', 'Ashe', 'Draven', 'Lee Sin', 'Rumble')",0,1,1
"('Aatrox', 'Jhin', 'LeBlanc', 'Lee Sin', 'Pyke')",0,1,1
"('Ashe', 'Hwei', 'Pantheon', 'Rumble', 'Taliyah')",0,1,1
"('Ivern', 'Jayce', 'Nautilus', 'Senna', 'Twisted Fate')",0,1,1
"('Akshan', 'Rumble', 'Senna', 'Swain', 'Urgot')",1,0,1
"('Ashe', 'Braum', 'Corki', 'Jax', 'Taliyah')",0,1,1
"('Camille', 'LeBlanc', 'Lulu', 'Xin Zhao', 'Zeri')",1,0,1
"('Lulu', 'Talon', 'Yone', 'Zac', 'Zeri')",0,1,1
"('Diana', ""Kai'Sa"", 'Nautilus', 'Tryndamere', 'Viego')",1,0,1
"('Akshan', 'Leona', 'Lillia', 'Tryndamere', 'Varus')",0,1,1
"('Corki', 'Hwei', 'Rell', 'Rumble', 'Talon')",1,0,1
"('Akali', 'Kalista', 'Neeko', 'Tryndamere', 'Wukong')",1,0,1
"('Akali', 'Kalista', 'Renata Glasc', 'Skarner', 'Sylas')",0,1,1
"('Cassiopeia', 'Jinx', 'Lulu', ""Rek'Sai"", 'Zoe')",1,0,1
"('Alistar', 'Gragas', 'Jinx', 'Kindred', 'Ornn')",0,1,1
"('Ashe', 'Jax', 'Lee Sin', 'Seraphine', 'Zoe')",1,0,1
"('Ashe', ""Bel'Veth"", 'Blitzcrank', 'Skarner', 'Viktor')",1,0,1
"('Graves', 'Jax', ""Kai'Sa"", 'Nautilus', 'Tristana')",1,0,1
"('Gragas', 'Hwei', 'Jinx', 'Nautilus', 'Xin Zhao')",1,0,1
"('Corki', 'Galio', 'Nidalee', 'Rell', 'Viego')",1,0,1
"('Darius', ""Kha'Zix"", ""Kog'Maw"", 'Lulu', 'Syndra')",1,0,1
"('Fiddlesticks', 'Jayce', 'Qiyana', 'Sivir', 'Yuumi')",1,0,1
"('Ezreal', 'Nidalee', 'Senna', 'Skarner', 'Yasuo')",0,1,1
"('Jayce', 'Seraphine', 'Taliyah', 'Varus', 'Yone')",0,1,1
"('Azir', 'Caitlyn', 'Lillia', 'Rell', 'Sion')",0,1,1
"('Irelia', 'Nami', 'Nasus', 'Nidalee', 'Varus')",0,1,1
"('Aatrox', 'Aphelios', 'Karthus', 'Kled', 'Soraka')",1,0,1
"('Akali', 'Darius', 'Lee Sin', 'Rakan', 'Zeri')",0,1,1
"('Ashe', 'Fiora', 'Galio', 'Senna', 'Viego')",1,0,1
"('Nidalee', 'Olaf', 'Orianna', 'Poppy', 'Varus')",1,0,1
"('Aatrox', 'Ashe', 'Ekko', 'Jayce', 'Seraphine')",1,0,1
"('Draven', 'Maokai', 'Olaf', 'Syndra', 'Viego')",0,1,1
"('Draven', 'Orianna', 'Rakan', 'Riven', 'Sejuani')",1,0,1
"('Akshan', 'Maokai', 'Mordekaiser', 'Zeri', 'Zyra')",0,1,1
"('Draven', 'Pyke', 'Taliyah', 'Tristana', 'Vayne')",0,1,1
"(""Kai'Sa"", 'LeBlanc', 'Poppy', 'Viego', 'Yone')",0,1,1
"('Ahri', 'Blitzcrank', 'Draven', 'Kennen', 'Viego')",0,1,1
"('Anivia', 'Ashe', 'Camille', 'Viego', 'Volibear')",0,1,1
"('Fiora', 'Katarina', 'Varus', 'Viego', 'Zyra')",1,0,1
"('Ahri', 'Jhin', 'Kindred', 'Olaf', 'Seraphine')",0,1,1
"('Akshan', 'Ashe', 'Soraka', 'Sylas', 'Zac')",0,1,1
"('Ashe', 'Graves', 'Janna', 'Jax', 'Twisted Fate')",1,0,1
"('Ashe', 'Fiora', 'LeBlanc', 'Master Yi', 'Seraphine')",1,0,1
"('Jax', 'Jinx', 'Nidalee', 'Skarner', 'Zac')",1,0,1
"('Blitzcrank', 'Gnar', ""Kha'Zix"", 'Nunu & Willump', 'Varus')",0,1,1
"('Camille', 'Rumble', 'Skarner', 'Tristana', 'Ziggs')",1,0,1
"('Camille', 'Galio', 'Kindred', 'Sett', 'Varus')",1,0,1
"('Ashe', 'Elise', 'Fiora', 'Poppy', 'Twisted Fate')",1,0,1
"('Aatrox', 'Ahri', 'Jarvan IV', 'Jinx', 'Thresh')",1,0,1
"('Azir', 'Gragas', ""Kai'Sa"", ""Kha'Zix"", 'Skarner')",0,1,1
"('Jax', 'Lillia', 'Skarner', 'Varus', 'Yasuo')",1,0,1
"(""Kai'Sa"", 'Karthus', 'Nautilus', 'Riven', 'Sylas')",1,0,1
"(""Bel'Veth"", 'Jinx', ""K'Sante"", 'Maokai', 'Vex')",1,0,1
"('Aurelion Sol', 'Jarvan IV', 'Jayce', 'Nautilus', 'Swain')",0,1,1
"('Cassiopeia', 'Galio', 'Hecarim', ""Kai'Sa"", 'Skarner')",0,1,1
"('Draven', 'Graves', 'Nautilus', 'Skarner', 'Taliyah')",1,0,1
"('Darius', 'Ekko', 'Katarina', 'Sivir', 'Yuumi')",0,1,1
"(""Kog'Maw"", 'Lillia', 'Qiyana', 'Renekton', 'Skarner')",1,0,1
"('Ahri', ""K'Sante"", ""Kai'Sa"", 'Kayn', 'Pyke')",0,1,1
"(""Kai'Sa"", 'Karthus', 'Pantheon', 'Rell', 'Twisted Fate')",1,0,1
"('Corki', 'Graves', 'Nasus', 'Poppy', 'Rakan')",0,1,1
"('Ashe', 'Hwei', 'Lee Sin', 'Poppy', 'Varus')",0,1,1
"(""Kai'Sa"", 'Neeko', 'Rell', 'Skarner', 'Xin Zhao')",1,0,1
"('Nautilus', 'Rumble', 'Senna', 'Tristana', 'Volibear')",1,0,1
"('Caitlyn', 'Ivern', 'Lissandra', 'Morgana', 'Olaf')",1,0,1
"('Fiora', 'Jinx', 'Katarina', 'Skarner', 'Thresh')",1,0,1
"('Aatrox', 'Draven', 'Orianna', 'Rell', 'Taliyah')",1,0,1
"('Ashe', 'Ivern', 'Lee Sin', 'Seraphine', 'Skarner')",0,1,1
"('Ekko', ""Kha'Zix"", 'Quinn', 'Thresh', 'Varus')",0,1,1
"('Ahri', 'Jhin', 'Rakan', 'Riven', 'Viego')",0,1,1
"('Galio', 'Kalista', 'Morgana', 'Rumble', 'Tryndamere')",0,1,1
"('Ashe', 'Brand', 'Rakan', 'Renekton', 'Xin Zhao')",0,1,1
"('Nautilus', 'Samira', 'Skarner', 'Vladimir', 'Zed')",0,1,1
"('Bard', 'Ekko', 'Jhin', 'Rumble', 'Viego')",1,0,1
"('Blitzcrank', 'Draven', ""K'Sante"", 'Nidalee', 'Zed')",0,1,1
"('Irelia', 'Janna', 'Lucian', 'Nidalee', 'Poppy')",0,1,1
"('Ashe', 'Kalista', 'Lee Sin', 'Maokai', 'Rumble')",0,1,1
"('Bard', 'Ezreal', 'Irelia', 'Nidalee', 'Pantheon')",1,0,1
"('Ahri', 'Renekton', 'Sivir', 'Viego', 'Zyra')",1,0,1
"('Graves', 'Jinx', 'LeBlanc', 'Thresh', 'Tryndamere')",1,0,1
"('Akali', 'Brand', ""Kai'Sa"", 'Rell', 'Yone')",0,1,1
"('Blitzcrank', 'Galio', 'Jayce', ""Kai'Sa"", 'Nidalee')",1,0,1
"('Ahri', 'Caitlyn', 'Seraphine', 'Taliyah', 'Tryndamere')",1,0,1
"('Corki', 'Jarvan IV', 'Senna', 'Tryndamere', 'Twisted Fate')",1,0,1
"('Ahri', ""Bel'Veth"", 'Draven', 'Fiora', 'Nautilus')",1,0,1
"(""Bel'Veth"", 'Braum', 'Draven', 'Hwei', 'Volibear')",0,1,1
"(""Bel'Veth"", 'Rakan', 'Renekton', 'Sivir', 'Sylas')",1,0,1
"('Diana', 'Gragas', ""Kai'Sa"", 'Rell', 'Yasuo')",0,1,1
"('Alistar', ""Kai'Sa"", 'Renekton', 'Viego', 'Xerath')",1,0,1
"(""Kai'Sa"", 'Lulu', 'Nidalee', 'Talon', 'Thresh')",1,0,1
"('Alistar', 'Corki', 'Karthus', 'Shen', 'Twitch')",1,0,1
"('Rell', 'Rumble', 'Viego', 'Viktor', 'Xayah')",1,0,1
"('Ahri', 'Draven', 'Graves', 'Jayce', 'Nautilus')",0,1,1
"('Graves', 'Olaf', 'Rakan', 'Ryze', 'Tristana')",1,0,1
"('Fiora', 'Graves', 'Maokai', 'Twisted Fate', 'Zeri')",1,0,1
"('Cassiopeia', 'Corki', 'Kayn', 'Nautilus', 'Qiyana')",0,1,1
"('Cassiopeia', ""Kai'Sa"", 'Lee Sin', 'Nautilus', 'Yone')",0,1,1
"('Ahri', ""Kai'Sa"", ""Kha'Zix"", 'Rell', 'Rumble')",0,1,1
"('Aatrox', ""Kha'Zix"", 'Skarner', 'Smolder', 'Xerath')",1,0,1
"('Azir', 'Jax', 'Kindred', 'Skarner', 'Swain')",1,0,1
"('Dr. Mundo', 'Jhin', 'Kassadin', 'Lillia', 'Neeko')",0,1,1
"('Alistar', 'Jax', 'Katarina', 'Nidalee', 'Samira')",1,0,1
"('Corki', 'Gnar', ""K'Sante"", 'Nautilus', 'Taliyah')",1,0,1
"('Ahri', 'Blitzcrank', 'Fiora', 'Jinx', ""Rek'Sai"")",1,0,1
"('Corki', 'Hwei', 'Nidalee', 'Talon', 'Vayne')",0,1,1
"('Aatrox', 'Camille', 'Diana', 'Fizz', 'Varus')",1,0,1
"('Jayce', 'Jhin', 'Kennen', 'Rakan', 'Vi')",0,1,1
"('Jinx', 'Lillia', 'Nasus', 'Nautilus', 'Tristana')",1,0,1
"('Blitzcrank', 'Cassiopeia', ""K'Sante"", ""Kai'Sa"", 'Nidalee')",0,1,1
"('Camille', 'Corki', 'Graves', 'LeBlanc', 'Viego')",0,1,1
"('Akali', 'Corki', 'Jax', 'Rell', 'Taliyah')",0,1,1
"('Akali', 'Braum', 'Kindred', 'Skarner', 'Varus')",0,1,1
"('Akali', 'Ezreal', 'Nasus', ""Rek'Sai"", 'Skarner')",0,1,1
"('Hecarim', 'Jax', 'Rumble', 'Viego', 'Xayah')",1,0,1
"('Ashe', 'Hecarim', 'Hwei', 'Skarner', 'Volibear')",1,0,1
"('Gnar', 'Irelia', 'Nidalee', 'Rumble', 'Varus')",0,1,1
"('Ashe', 'LeBlanc', 'Lee Sin', 'Nautilus', 'Riven')",1,0,1
"('Jayce', 'Kalista', 'Neeko', 'Veigar', 'Viego')",1,0,1
"(""Kai'Sa"", 'Lee Sin', 'Renata Glasc', 'Skarner', 'Xerath')",0,1,1
"('Akshan', 'Gragas', 'Lee Sin', 'Lucian', 'Nami')",1,0,1
"('Draven', 'Jax', 'Renata Glasc', 'Viego', 'Zoe')",1,0,1
"('Alistar', 'Garen', 'Kalista', 'Shyvana', 'Tryndamere')",1,0,1
"('Braum', 'Irelia', ""Kai'Sa"", 'LeBlanc', 'Poppy')",0,1,1
"('Hwei', 'Jax', 'Jhin', 'Seraphine', 'Zac')",0,1,1
"('Hwei', 'Jinx', 'Kindred', 'Lulu', 'Sejuani')",1,0,1
"('Ahri', ""Kai'Sa"", 'Mordekaiser', 'Rell', 'Viego')",1,0,1
"('Graves', ""Kai'Sa"", 'LeBlanc', 'Mordekaiser', 'Nautilus')",1,0,1
"('Skarner', 'Smolder', 'Tristana', 'Viego', 'Zilean')",0,1,1
"('Aphelios', 'Kled', 'Lillia', 'Skarner', 'Yone')",1,0,1
"('Caitlyn', 'Lillia', 'Pyke', 'Tristana', 'Tryndamere')",1,0,1
"('Elise', ""Kai'Sa"", 'Rakan', 'Skarner', 'Talon')",0,1,1
"('Gragas', ""Kai'Sa"", 'Kindred', 'LeBlanc', 'Maokai')",1,0,1
"('Brand', 'Lucian', 'Nami', 'Skarner', 'Twisted Fate')",1,0,1
"('Akali', 'Lucian', 'Master Yi', 'Nami', 'Sylas')",0,1,1
"('Aphelios', 'Darius', 'Sylas', 'Thresh', 'Tryndamere')",1,0,1
"('Gragas', 'Lucian', 'Nami', 'Skarner', 'Yone')",0,1,1
"('Corki', 'Gragas', 'Rakan', 'Viego', 'Viktor')",0,1,1
"('Elise', 'Jax', 'Jayce', 'Jinx', 'Neeko')",1,0,1
"('Ahri', 'Amumu', 'Ashe', 'Braum', 'Tryndamere')",1,0,1
"(""Bel'Veth"", 'Draven', 'Thresh', 'Tristana', 'Tryndamere')",1,0,1
"('Jax', 'Jinx', ""Kha'Zix"", 'Rumble', 'Thresh')",1,0,1
"('Ashe', 'Camille', 'Rell', 'Xin Zhao', 'Zoe')",1,0,1
"('Akali', ""Bel'Veth"", 'Darius', 'Ornn', 'Senna')",0,1,1
"('Ezreal', 'Graves', 'Karma', 'Katarina', 'Skarner')",0,1,1
"('Jinx', 'Ornn', 'Rumble', 'Talon', 'Thresh')",0,1,1
"('Ahri', 'Ezreal', 'Karma', ""Kha'Zix"", 'Udyr')",1,0,1
"('Ashe', 'Gragas', 'Hwei', 'Lee Sin', 'Nautilus')",0,1,1
"('Ashe', 'Camille', 'Ivern', 'Nautilus', 'Yone')",1,0,1
"('Caitlyn', 'Sejuani', 'Thresh', 'Tryndamere', 'Zyra')",1,0,1
"('Corki', 'Jax', 'Jinx', 'Nautilus', 'Nidalee')",1,0,1
"('Kayn', 'Lee Sin', 'Rakan', 'Taliyah', 'Zeri')",1,0,1
"(""Kai'Sa"", 'Nautilus', 'Pantheon', 'Taliyah', 'Talon')",1,0,1
"('Jayce', 'Kled', 'Nautilus', 'Rumble', 'Senna')",0,1,1
"('Gragas', ""Kai'Sa"", 'Lee Sin', 'Nautilus', 'Zoe')",0,1,1
"('Ahri', 'Braum', 'Tryndamere', 'Varus', 'Viego')",1,0,1
"('Fiddlesticks', 'Jhin', 'Leona', 'Pantheon', 'Poppy')",1,0,1
"('Aurelion Sol', 'Fiora', 'Graves', 'Lucian', 'Senna')",0,1,1
"('Akali', 'Corki', ""K'Sante"", 'Nidalee', 'Skarner')",1,0,1
"('Akshan', 'Elise', 'Ezreal', 'Olaf', 'Rumble')",0,1,1
"('Alistar', 'Ashe', 'Lee Sin', 'Yasuo', 'Zoe')",0,1,1
"('Irelia', 'Jhin', 'Nautilus', 'Rumble', 'Shaco')",0,1,1
"('Irelia', 'Jinx', 'Pyke', 'Rumble', 'Tryndamere')",1,0,1
"('Akali', 'Fiora', 'Kayn', 'Pyke', 'Zeri')",1,0,1
"('Blitzcrank', 'Cassiopeia', ""Kai'Sa"", 'Qiyana', 'Viego')",0,1,1
"('Leona', 'Quinn', 'Sylas', 'Wukong', 'Ziggs')",1,0,1
"('Pyke', 'Skarner', 'Syndra', 'Tristana', 'Tryndamere')",0,1,1
"('Akali', 'Lee Sin', 'Pyke', 'Tristana', 'Tryndamere')",1,0,1
"('Ashe', 'Ezreal', 'Graves', 'Heimerdinger', 'Lee Sin')",1,0,1
"('Hwei', 'Lee Sin', 'Renata Glasc', 'Rumble', 'Varus')",0,1,1
"('Ashe', ""Kha'Zix"", 'Poppy', 'Skarner', 'Taliyah')",1,0,1
"('Ashe', 'Janna', 'Kindred', 'Neeko', 'Rengar')",0,1,1
"('Cassiopeia', 'Ezreal', 'Skarner', 'Twisted Fate', 'Viego')",1,0,1
"('Ahri', 'Gnar', 'Jinx', 'Karthus', 'Leona')",0,1,1
"('Blitzcrank', 'Corki', 'Gangplank', 'Viego', 'Xerath')",0,1,1
"('Katarina', 'Leona', 'Nidalee', 'Smolder', 'Varus')",1,0,1
"('Jayce', 'Nautilus', 'Nidalee', 'Orianna', 'Zeri')",0,1,1
"('Draven', 'Fiora', 'Karthus', 'Poppy', 'Yone')",0,1,1
"('Darius', 'Hwei', ""Kai'Sa"", 'Lee Sin', 'Thresh')",1,0,1
"('Ahri', 'Corki', 'Kindred', 'Nautilus', 'Urgot')",1,0,1
"('Akshan', 'Ashe', 'Graves', 'Rell', 'Rumble')",1,0,1
"('Blitzcrank', 'Draven', 'Gnar', 'Karthus', 'Nunu & Willump')",0,1,1
"('Ashe', 'Blitzcrank', 'Kennen', 'Kindred', 'Sylas')",1,0,1
"('Braum', 'Ekko', 'Kennen', ""Kha'Zix"", 'Varus')",0,1,1
"('Alistar', 'Camille', ""Kai'Sa"", 'Nidalee', 'Talon')",1,0,1
"('Akali', 'Jhin', 'Lee Sin', 'Nautilus', 'Talon')",0,1,1
"('Jax', 'Rakan', 'Taliyah', 'Teemo', 'Twitch')",1,0,1
"('Ashe', 'Braum', 'Galio', 'Jayce', 'Viego')",1,0,1
"('Blitzcrank', 'Irelia', 'Nidalee', 'Varus', 'Vex')",1,0,1
"('Braum', 'Graves', 'Irelia', ""Kai'Sa"", 'Orianna')",1,0,1
"('Aurelion Sol', 'Garen', ""Kai'Sa"", 'Nautilus', 'Taliyah')",1,0,1
"('Graves', ""Kai'Sa"", 'LeBlanc', 'Nautilus', 'Olaf')",1,0,1
"('Evelynn', 'Maokai', 'Nautilus', 'Tristana', 'Twitch')",0,1,1
"('Ashe', 'Camille', 'Kayn', 'Rakan', 'Taliyah')",0,1,1
"('Azir', 'Jinx', 'Kayn', 'Quinn', 'Rakan')",0,1,1
"('Aatrox', 'Blitzcrank', 'Caitlyn', 'Karthus', 'Xerath')",1,0,1
"('Akshan', 'Blitzcrank', 'Gwen', ""Kai'Sa"", 'Taliyah')",1,0,1
"('Aatrox', 'Ezreal', 'Hecarim', 'Rakan', 'Yasuo')",1,0,1
"('Alistar', 'Camille', ""Kai'Sa"", 'Lillia', 'Tristana')",1,0,1
"('Jinx', 'Pyke', 'Skarner', 'Taliyah', 'Tristana')",0,1,1
"('Ashe', 'Rakan', 'Shen', 'Sylas', 'Viego')",1,0,1
"('Ahri', 'Ashe', 'Camille', 'Senna', 'Viego')",1,0,1
"('Blitzcrank', 'Jhin', 'Nunu & Willump', 'Qiyana', 'Skarner')",0,1,1
"('Kalista', 'Olaf', 'Pyke', 'Sylas', 'Taliyah')",0,1,1
"('Ahri', 'Graves', 'Lucian', 'Pyke', 'Yone')",0,1,1
"('Ashe', 'Corki', 'LeBlanc', 'Lee Sin', 'Tryndamere')",1,0,1
"('Corki', 'Nautilus', 'Sylas', 'Udyr', 'Yone')",0,1,1
"('Ahri', 'Corki', 'Elise', 'Rell', 'Sett')",1,0,1
"('Akali', 'Fiora', 'Kindred', 'Rell', 'Veigar')",0,1,1
"('Corki', ""Kai'Sa"", 'Karthus', 'Pyke', 'Renekton')",0,1,1
"('Jinx', ""Kai'Sa"", 'Nidalee', 'Pyke', 'Rumble')",1,0,1
"('Graves', 'Lucian', 'Rakan', 'Tryndamere', 'Zoe')",1,0,1
"('Alistar', 'Jhin', 'Lillia', 'Qiyana', 'Twisted Fate')",1,0,1
"('Azir', ""Kai'Sa"", 'Nautilus', 'Neeko', 'Wukong')",1,0,1
"('Alistar', 'Hwei', 'Jhin', ""K'Sante"", 'Nidalee')",0,1,1
"(""Kai'Sa"", 'Lillia', 'Nautilus', 'Tryndamere', 'Yasuo')",1,0,1
"('Camille', 'Nautilus', 'Taliyah', 'Tristana', 'Viego')",1,0,1
"('Draven', 'Rell', 'Shen', 'Yasuo', 'Zac')",0,1,1
"('Aphelios', 'Kled', 'Master Yi', 'Orianna', 'Rakan')",0,1,1
"('Aatrox', 'Bard', 'Brand', 'Kalista', 'Yone')",1,0,1
"('Corki', 'Rakan', 'Singed', 'Sion', 'Taliyah')",0,1,1
"('Akali', 'Alistar', 'Graves', 'Samira', 'Wukong')",1,0,1
"('Jinx', 'Kennen', 'LeBlanc', ""Rek'Sai"", 'Thresh')",1,0,1
"('Aatrox', 'Jinx', 'Nautilus', 'Nidalee', 'Taliyah')",1,0,1
"('Lillia', 'Miss Fortune', 'Tryndamere', 'Yuumi', 'Zilean')",1,0,1
"('Galio', 'Jinx', 'Karthus', 'Nautilus', ""Rek'Sai"")",1,0,1
"('Akali', 'Ashe', 'Kalista', 'Shaco', 'Wukong')",1,0,1
"('Ashe', ""Kha'Zix"", 'Nautilus', 'Orianna', 'Rumble')",1,0,1
"('Aatrox', 'Fizz', 'Graves', 'Nautilus', 'Varus')",1,0,1
"('Alistar', 'Caitlyn', 'Graves', 'Jayce', 'Taliyah')",1,0,1
"('Ashe', 'Braum', 'Fiora', 'Hwei', 'Master Yi')",1,0,1
"('Akali', 'Cassiopeia', ""Kai'Sa"", 'Lee Sin', 'Rakan')",1,0,1
"('Caitlyn', 'Camille', 'Kindred', 'Neeko', 'Rakan')",1,0,1
"('Brand', 'Jinx', ""K'Sante"", 'Nautilus', 'Viego')",0,1,1
"('Ahri', 'Ashe', 'Corki', 'Olaf', 'Viego')",1,0,1
"('Ahri', 'Alistar', 'Ashe', 'Malphite', 'Viego')",0,1,1
"('Aphelios', 'Nocturne', 'Soraka', 'Viego', 'Zoe')",0,1,1
"('Alistar', 'Corki', 'Hwei', ""Kha'Zix"", 'Vladimir')",0,1,1
"('Gragas', ""Kai'Sa"", 'Orianna', 'Thresh', 'Viego')",0,1,1
"('Ashe', 'Briar', 'Jax', 'Nautilus', 'Zoe')",1,0,1
"('Ezreal', 'Nidalee', 'Rakan', ""Vel'Koz"", 'Zed')",0,1,1
"('Ashe', ""Bel'Veth"", 'Kalista', 'Skarner', 'Twisted Fate')",1,0,1
"('Akshan', 'Jinx', 'Milio', 'Nidalee', 'Singed')",1,0,1
"('Ashe', 'Blitzcrank', 'Hwei', 'Viego', 'Volibear')",1,0,1
"('Bard', 'Ezreal', 'Kindred', 'Rumble', 'Twisted Fate')",0,1,1
"('Draven', 'Galio', 'Kennen', 'Lee Sin', 'Leona')",1,0,1
"('Ashe', 'Aurelion Sol', 'Blitzcrank', 'Camille', 'Viego')",1,0,1
"('Alistar', 'Ezreal', ""K'Sante"", 'Syndra', 'Taliyah')",0,1,1
"('Fiddlesticks', 'Jinx', 'LeBlanc', 'Renekton', 'Thresh')",1,0,1
"('Jinx', ""K'Sante"", 'Lillia', 'Lucian', 'Lulu')",0,1,1
"('Anivia', 'Fiora', ""Kai'Sa"", 'Nidalee', 'Rell')",1,0,1
"('Alistar', 'Nidalee', 'Twisted Fate', 'Zed', 'Zeri')",0,1,1
"('Fizz', 'Lee Sin', 'Nautilus', 'Twisted Fate', 'Zeri')",1,0,1
"('Aphelios', 'Katarina', 'Lillia', 'Nautilus', 'Pantheon')",1,0,1
"('Ahri', 'Camille', 'Lucian', 'Poppy', 'Rakan')",1,0,1
"('Alistar', 'Orianna', 'Renekton', 'Samira', 'Viego')",0,1,1
"('Akali', ""Kai'Sa"", 'Lucian', 'Nautilus', 'Nidalee')",1,0,1
"('Aatrox', 'Alistar', 'LeBlanc', 'Nidalee', 'Smolder')",0,1,1
"('Alistar', 'Corki', 'Gwen', 'Viego', 'Yone')",1,0,1
"('Caitlyn', 'Cassiopeia', 'Jax', 'Lux', 'Nocturne')",0,1,1
"('Aatrox', 'Hwei', 'Kindred', 'Rakan', 'Zeri')",1,0,1
"('Ezreal', 'Graves', 'Kennen', 'Rakan', 'Xerath')",1,0,1
"('Ekko', 'Jax', 'Jayce', 'Shaco', 'Smolder')",0,1,1
"('Hwei', ""K'Sante"", 'Karma', ""Kog'Maw"", 'Viego')",0,1,1
"('Akali', 'Alistar', 'Hecarim', ""Kai'Sa"", 'Rumble')",1,0,1
"(""Kai'Sa"", ""Kha'Zix"", 'Poppy', 'Renekton', 'Sylas')",1,0,1
"('Senna', 'Seraphine', 'Skarner', 'Taliyah', 'Tristana')",0,1,1
"(""Bel'Veth"", 'Gragas', 'Nautilus', 'Tristana', 'Zeri')",0,1,1
"(""Kai'Sa"", 'Nautilus', 'Shaco', 'Syndra', 'Twisted Fate')",1,0,1
"('Akshan', ""Kai'Sa"", 'Lillia', 'Rell', 'Renekton')",1,0,1
"('Camille', 'Draven', 'Graves', 'Skarner', 'Twisted Fate')",0,1,1
"('Alistar', 'Gwen', 'Lillia', 'Qiyana', 'Samira')",0,1,1
"('Ashe', 'Lillia', 'Nunu & Willump', 'Rell', 'Twisted Fate')",0,1,1
"('Blitzcrank', 'Camille', 'Jayce', 'Nidalee', 'Varus')",1,0,1
"('Gragas', 'Kalista', 'Neeko', 'Nidalee', 'Tristana')",1,0,1
"('Aurelion Sol', 'Corki', 'Gragas', 'Graves', 'Nautilus')",0,1,1
"('Irelia', 'Nidalee', 'Seraphine', 'Talon', 'Zeri')",0,1,1
"('Fiora', ""Kai'Sa"", 'Nautilus', 'Taliyah', 'Yone')",1,0,1
"('Hwei', ""Kai'Sa"", 'Lee Sin', 'Rakan', 'Rengar')",1,0,1
"('Ahri', 'Rakan', 'Skarner', 'Varus', 'Viego')",1,0,1
"('Hecarim', ""Kai'Sa"", 'Nautilus', 'Orianna', 'Skarner')",1,0,1
"('Ahri', 'Alistar', ""K'Sante"", 'Master Yi', 'Zeri')",1,0,1
"('Ahri', ""Kai'Sa"", 'Rakan', 'Renekton', 'Viego')",1,0,1
"('Ashe', 'Nidalee', 'Pantheon', 'Rell', 'Tryndamere')",1,0,1
"('Aatrox', 'Kindred', 'Orianna', 'Rell', 'Varus')",0,1,1
"('Bard', 'Ezreal', 'Ivern', 'Qiyana', 'Zac')",1,0,1
"('Dr. Mundo', 'Draven', 'Galio', 'Graves', 'Rell')",1,0,1
"('Diana', 'Leona', ""Rek'Sai"", 'Vladimir', 'Xayah')",1,0,1
"('Aatrox', 'Braum', 'Jayce', 'Kalista', 'Nidalee')",1,0,1
"('Caitlyn', 'Camille', 'Graves', 'Kassadin', 'Maokai')",1,0,1
"('Lillia', 'Nautilus', 'Skarner', 'Tristana', 'Varus')",0,1,1
"('Ashe', 'Galio', 'Nautilus', 'Rumble', 'Viego')",0,1,1
"('Camille', 'Gwen', 'Kayn', 'Miss Fortune', 'Rakan')",1,0,1
"('Graves', 'Nautilus', 'Twisted Fate', 'Varus', 'Viktor')",0,1,1
"('LeBlanc', 'Leona', 'Shen', 'Varus', 'Xin Zhao')",1,0,1
"('Hwei', 'Jinx', ""Kha'Zix"", 'Thresh', 'Warwick')",1,0,1
"('Aurelion Sol', 'Lucian', 'Nami', 'Skarner', 'Taliyah')",0,1,1
"('Corki', 'Jhin', ""K'Sante"", 'Leona', 'Nidalee')",0,1,1
"('Ezreal', ""K'Sante"", ""Kha'Zix"", 'Seraphine', 'Xerath')",0,1,1
"('Fiddlesticks', 'Jinx', 'Katarina', 'Nautilus', 'Renekton')",1,0,1
"('Mordekaiser', 'Seraphine', 'Skarner', 'Varus', 'Zed')",1,0,1
"('LeBlanc', 'Master Yi', 'Nautilus', 'Skarner', 'Zeri')",1,0,1
"('Akshan', 'Heimerdinger', 'Ivern', 'Jinx', 'Nautilus')",1,0,1
"('Janna', 'Kennen', 'Lillia', 'Viego', 'Zeri')",0,1,1
"('Braum', 'Galio', 'Irelia', 'Jinx', 'Viego')",1,0,1
"('Aurelion Sol', 'Jayce', ""Kai'Sa"", 'Nautilus', 'Vi')",1,0,1
"('Jayce', 'Rakan', 'Vi', 'Zeri', 'Zoe')",0,1,1
"('Hwei', 'Jinx', ""K'Sante"", 'Lulu', 'Viego')",1,0,1
"('Draven', 'Gnar', 'LeBlanc', 'Lee Sin', 'Nautilus')",0,1,1
"('Jinx', 'Lee Sin', 'Rakan', 'Rumble', 'Taliyah')",0,1,1
"('Jayce', ""Kai'Sa"", 'Lillia', 'Rell', 'Skarner')",1,0,1
"('Jayce', 'Katarina', 'Nautilus', 'Shaco', ""Vel'Koz"")",1,0,1
"('Hwei', 'Rakan', ""Rek'Sai"", 'Sivir', 'Skarner')",1,0,1
"('Ahri', 'Jayce', ""Kai'Sa"", 'Rakan', 'Vi')",1,0,1
"('Amumu', 'Ashe', 'Cassiopeia', 'Jayce', 'Karthus')",1,0,1
"('Jax', 'Lillia', 'Nilah', 'Yuumi', 'Zed')",0,1,1
"('Illaoi', 'Jinx', 'Naafiri', 'Nautilus', 'Nidalee')",0,1,1
"('Aurelion Sol', 'Olaf', 'Seraphine', 'Varus', 'Viego')",1,0,1
"('Graves', 'Heimerdinger', ""Kai'Sa"", 'Nautilus', 'Zoe')",0,1,1
"('Braum', 'Camille', 'Graves', 'Jinx', 'Ziggs')",1,0,1
"('Ekko', ""Kai'Sa"", 'Taric', 'Yasuo', 'Yone')",0,1,1
"('Brand', 'Leona', 'Nilah', 'Olaf', 'Yone')",0,1,1
"('Blitzcrank', 'LeBlanc', 'Lee Sin', 'Skarner', 'Varus')",0,1,1
"('Graves', 'Jax', 'Lulu', 'Twitch', 'Zoe')",0,1,1
"(""Kai'Sa"", 'Lissandra', 'Nautilus', 'Rumble', 'Viego')",1,0,1
"('Alistar', 'Aurelion Sol', 'Corki', 'Jax', 'Lee Sin')",1,0,1
"('Aurelion Sol', 'Jinx', 'Rakan', 'Skarner', 'Urgot')",1,0,1
"('Braum', 'Hwei', 'Jax', 'Kindred', 'Varus')",0,1,1
"('Hwei', 'Jayce', 'Lucian', 'Master Yi', 'Milio')",0,1,1
"('Bard', ""Kai'Sa"", 'Nidalee', 'Ornn', 'Tristana')",0,1,1
"('Akshan', 'Fiddlesticks', 'Jhin', 'Olaf', 'Rakan')",0,1,1
"('Akali', 'Alistar', 'Jinx', 'Nidalee', 'Twisted Fate')",1,0,1
"('Corki', 'Ezreal', 'Fiddlesticks', 'Gnar', 'Rakan')",1,0,1
"('Ahri', 'Irelia', 'Nidalee', 'Rakan', 'Zeri')",1,0,1
"('Braum', 'Jinx', 'Kindred', 'Neeko', 'Yone')",1,0,1
"('Hwei', ""Kai'Sa"", 'Kennen', 'Lee Sin', 'Nautilus')",0,1,1
"('Gragas', 'Lillia', 'Rakan', 'Tristana', 'Zeri')",0,1,1
"('Corki', 'Draven', 'Elise', 'Gnar', 'Rell')",1,0,1
"('Aatrox', 'Alistar', 'Draven', 'Hwei', ""Kha'Zix"")",0,1,1
"('Ezreal', 'Karma', 'Nidalee', 'Olaf', 'Zoe')",1,0,1
"('Akali', 'Ezreal', 'Karma', 'Lee Sin', 'Nasus')",1,0,1
"('Graves', 'Heimerdinger', 'Lee Sin', 'Taliyah', ""Vel'Koz"")",0,1,1
"('Alistar', 'Blitzcrank', ""Kai'Sa"", 'Rumble', 'Skarner')",0,1,1
"('Aurelion Sol', 'Jinx', 'Karma', 'Ornn', ""Rek'Sai"")",1,0,1
"('Galio', 'Jayce', 'Jhin', 'Veigar', 'Volibear')",1,0,1
"('Ezreal', 'Hwei', 'Karma', 'Kennen', 'Master Yi')",1,0,1
"('Jhin', 'Nidalee', 'Seraphine', 'Sett', 'Yone')",1,0,1
"('Ashe', 'Gragas', 'Jarvan IV', 'Nautilus', 'Zed')",1,0,1
"('Ashe', 'Camille', 'Lee Sin', 'Maokai', 'Vex')",1,0,1
"('Ezreal', 'Jax', 'Karma', 'Kassadin', 'Kayn')",1,0,1
"('Blitzcrank', 'Corki', 'Gnar', 'Hwei', 'Lee Sin')",1,0,1
"('Fiora', 'Graves', 'Jhin', 'Rengar', ""Vel'Koz"")",1,0,1
"('Corki', 'Gragas', ""K'Sante"", 'Ryze', 'Zed')",1,0,1
"('Ahri', 'Corki', 'Karma', 'Skarner', 'Vi')",1,0,1
"('Aphelios', 'Corki', 'Kayle', 'Skarner', 'Thresh')",1,0,1
"('Jhin', 'Karma', 'Taliyah', 'Tristana', 'Volibear')",0,1,1
"('Galio', 'Lee Sin', 'Lulu', 'Malphite', 'Zeri')",0,1,1
"('Caitlyn', 'Camille', 'Hwei', 'Rengar', 'Zoe')",1,0,1
"(""Kai'Sa"", 'Kennen', 'Nautilus', 'Shaco', 'Viktor')",1,0,1
"('Ezreal', 'Karma', 'Ornn', 'Tristana', 'Viego')",1,0,1
"('Draven', 'Karma', ""Kha'Zix"", 'Vladimir', 'Zed')",1,0,1
"('Jax', 'Jhin', 'Karma', 'Taliyah', 'Viktor')",0,1,1
"('Evelynn', 'Jayce', 'Karma', 'Tristana', 'Xayah')",1,0,1
"('Jinx', 'Karma', 'Skarner', 'Smolder', 'Twisted Fate')",0,1,1
"('Corki', 'Ekko', 'Karma', 'Lee Sin', 'Skarner')",1,0,1
"('Jhin', ""K'Sante"", 'Karma', 'LeBlanc', 'Taliyah')",0,1,1
"('Akali', 'Caitlyn', 'Karma', 'Lee Sin', 'Renekton')",1,0,1
"('Ezreal', 'Galio', ""K'Sante"", 'Karma', ""Kha'Zix"")",1,0,1
"('Graves', 'Jhin', 'Neeko', 'Nocturne', 'Orianna')",1,0,1
"('Braum', 'Caitlyn', 'Jax', 'Rumble', 'Talon')",1,0,1
"('Aurelion Sol', 'Gragas', 'Karma', 'Lee Sin', 'Varus')",1,0,1
"('Aurelion Sol', 'Corki', 'Graves', 'Karma', 'Urgot')",0,1,1
"('Jhin', 'Lee Sin', 'Nautilus', 'Poppy', 'Yasuo')",0,1,1
"('LeBlanc', 'Lee Sin', 'Lucian', 'Nami', 'Twisted Fate')",1,0,1
"('Caitlyn', 'Irelia', 'Leona', 'Lillia', 'Twisted Fate')",0,1,1
"('Ashe', 'Hwei', 'Karma', 'Sett', 'Viego')",0,1,1
"('Ahri', 'Ezreal', 'Karma', 'Mordekaiser', 'Xin Zhao')",0,1,1
"('Ahri', ""K'Sante"", 'Kindred', 'Morgana', 'Varus')",1,0,1
"('Galio', 'Gwen', 'Rakan', 'Smolder', 'Viego')",0,1,1
"('Akali', 'Darius', 'Lucian', 'Nami', 'Xin Zhao')",0,1,1
"('Gnar', 'Karma', ""Rek'Sai"", 'Taliyah', 'Zeri')",0,1,1
"('Camille', 'Corki', 'Lillia', 'Nautilus', 'Xerath')",0,1,1
"('Alistar', 'Jarvan IV', ""Kai'Sa"", 'Riven', 'Twisted Fate')",0,1,1
"('Ashe', 'Fiora', 'Karma', 'Lee Sin', 'Taliyah')",0,1,1
"('Darius', 'Galio', 'Karthus', 'Lulu', 'Zeri')",1,0,1
"('Galio', ""Kai'Sa"", 'Nautilus', 'Skarner', 'Taliyah')",1,0,1
"('Jax', 'Karma', 'Lee Sin', 'Taliyah', 'Varus')",0,1,1
"('Jinx', 'Nidalee', 'Ornn', 'Thresh', 'Viego')",1,0,1
"('Kindred', 'Rakan', 'Rumble', 'Vex', 'Zeri')",1,0,1
"(""Bel'Veth"", 'Diana', 'Jayce', 'Kalista', 'Neeko')",1,0,1
"('Braum', ""Kog'Maw"", 'Taliyah', 'Tryndamere', 'Vi')",1,0,1
"('Blitzcrank', 'Fiddlesticks', 'Jhin', 'Renekton', 'Skarner')",1,0,1
"('Braum', 'Camille', 'Hwei', 'Pantheon', 'Varus')",1,0,1
"('Galio', 'Jayce', 'Jhin', 'Pyke', ""Rek'Sai"")",1,0,1
"('Camille', 'Jinx', ""Rek'Sai"", 'Tryndamere', 'Vex')",1,0,1
"('Galio', 'Gangplank', 'Jhin', 'Seraphine', 'Viego')",1,0,1
"('Aatrox', 'Akali', 'Blitzcrank', 'Pantheon', 'Twisted Fate')",1,0,1
"('Elise', 'Ezreal', 'Hwei', 'Karma', 'Tryndamere')",1,0,1
"('Darius', 'Jayce', 'Karma', 'Nidalee', 'Smolder')",1,0,1
"('Karma', 'Skarner', 'Taliyah', 'Varus', 'Yone')",0,1,1
"('Corki', 'Gnar', 'Milio', 'Naafiri', 'Nidalee')",0,1,1
"('Akali', 'Caitlyn', 'Karma', 'Kayle', 'Viego')",1,0,1
"('Aatrox', 'Ashe', 'Ivern', 'Karma', 'Udyr')",1,0,1
"('Ezreal', 'Nami', 'Nidalee', 'Renekton', 'Talon')",1,0,1
"('Karma', 'Nidalee', 'Tristana', 'Udyr', 'Varus')",1,0,1
"('Elise', 'Galio', 'Karma', 'Nocturne', 'Xayah')",0,1,1
"('Jhin', 'Karma', 'Rumble', 'Vex', 'Viego')",1,0,1
"('Camille', 'Karma', 'Lee Sin', 'Sivir', 'Zac')",0,1,1
"('Akshan', 'Ezreal', 'Karma', 'Nidalee', 'Twisted Fate')",0,1,1
"('Corki', 'Karma', 'Lee Sin', 'Olaf', 'Taliyah')",1,0,1
"('Ahri', ""K'Sante"", 'Karma', 'Taliyah', 'Varus')",0,1,1
"('Gangplank', 'Hwei', ""Kai'Sa"", 'Karma', 'Viego')",1,0,1
"('Ashe', 'Karma', 'Kindred', 'Mordekaiser', 'Syndra')",0,1,1
"('Corki', 'Elise', 'Karma', 'Pantheon', 'Varus')",1,0,1
"('Camille', 'Galio', ""Kai'Sa"", 'Nautilus', 'Poppy')",0,1,1
"('Karma', 'Rengar', 'Skarner', 'Varus', 'Viego')",1,0,1
"('Camille', 'Graves', 'Hwei', 'Jhin', 'Karma')",1,0,1
"('Caitlyn', 'Karma', 'Katarina', 'Lee Sin', 'Zac')",0,1,1
"('Aatrox', 'Ezreal', 'Graves', 'Hwei', 'Karma')",0,1,1
"('Aurelion Sol', ""Bel'Veth"", 'Quinn', 'Yuumi', 'Zeri')",0,1,1
"('Ashe', 'Rumble', 'Varus', 'Viego', 'Wukong')",0,1,1
"('Alistar', 'Dr. Mundo', 'Karthus', 'Samira', 'Tristana')",0,1,1
"('Jhin', 'Lillia', 'Neeko', 'Sett', 'Tristana')",0,1,1
"('Alistar', 'Jax', 'Miss Fortune', 'Taliyah', 'Talon')",1,0,1
"('Alistar', 'Anivia', 'Jayce', ""Kha'Zix"", 'Lucian')",0,1,1
"('Aurelion Sol', 'Graves', ""Kai'Sa"", 'Malphite', 'Pyke')",1,0,1
"('Corki', ""K'Sante"", 'Senna', 'Taliyah', 'Viego')",1,0,1
"('Ashe', 'Kalista', 'LeBlanc', 'Olaf', 'Xin Zhao')",1,0,1
"('Ashe', 'Aurelion Sol', 'Braum', 'Graves', 'Quinn')",0,1,1
"('Aurelion Sol', 'Hecarim', 'Kled', 'Lucian', 'Shaco')",0,1,1
"('Blitzcrank', 'Lillia', 'Tristana', 'Volibear', 'Zeri')",1,0,1
"('Karthus', 'Maokai', 'Shen', 'Twisted Fate', 'Varus')",1,0,1
"('Graves', 'Rell', 'Renekton', 'Samira', 'Sylas')",1,0,1
"('Alistar', 'Aurelion Sol', 'Jinx', 'Renekton', 'Viego')",1,0,1
"('Blitzcrank', 'Riven', 'Rumble', 'Tristana', 'Zeri')",1,0,1
"('Corki', 'Jayce', 'Lulu', 'Nidalee', 'Zeri')",0,1,1
"('Ashe', 'Aurelion Sol', 'Blitzcrank', 'Lee Sin', 'Pantheon')",1,0,1
"('Aurelion Sol', 'Fiora', ""Kai'Sa"", 'Leona', 'Skarner')",0,1,1
"('Corki', 'Darius', 'Diana', 'Irelia', 'Karma')",0,1,1
"(""Bel'Veth"", 'Corki', 'Pyke', 'Skarner', 'Syndra')",1,0,1
"('Akali', 'Caitlyn', 'Lux', 'Ornn', 'Viego')",0,1,1
"(""Kai'Sa"", 'Ornn', 'Poppy', 'Rumble', 'Tristana')",0,1,1
"('Ashe', 'Jax', 'Lee Sin', 'Pyke', 'Vex')",0,1,1
"('Ivern', 'Jhin', 'Kennen', 'Seraphine', 'Tristana')",1,0,1
"('Ashe', 'Fiddlesticks', 'Seraphine', 'Tristana', 'Viego')",1,0,1
"('Aurelion Sol', ""Kai'Sa"", 'Olaf', ""Rek'Sai"", 'Seraphine')",0,1,1
"('Jhin', 'Rakan', 'Taliyah', 'Tristana', 'Warwick')",0,1,1
"('Blitzcrank', 'Jax', ""Kai'Sa"", 'Kindred', 'Viktor')",1,0,1
"('Azir', 'Camille', ""Rek'Sai"", 'Renata Glasc', 'Varus')",1,0,1
"('Ezreal', 'Graves', 'Urgot', 'Vex', 'Yuumi')",1,0,1
"('Aurelion Sol', ""Kai'Sa"", 'Kled', 'Nautilus', 'Viego')",1,0,1
"('Azir', 'Darius', 'Ekko', 'Jhin', 'Seraphine')",0,1,1
"('Jayce', ""Kai'Sa"", 'Katarina', 'Rammus', 'Seraphine')",1,0,1
"('Jhin', ""Kha'Zix"", 'Shaco', 'Vayne', 'Viktor')",1,0,1
"('Leona', 'Nidalee', 'Skarner', 'Varus', 'Viego')",1,0,1
"('Aurelion Sol', 'Miss Fortune', 'Seraphine', 'Vayne', 'Viego')",1,0,1
"('Anivia', 'Annie', 'Graves', 'Jhin', 'Nautilus')",0,1,1
"('Ahri', 'Ashe', 'Graves', ""K'Sante"", 'Leona')",0,1,1
"('Aurelion Sol', 'Blitzcrank', 'Corki', 'Hecarim', 'Lee Sin')",1,0,1
"('Aphelios', 'Kindred', 'Twisted Fate', 'Vex', 'Zilean')",1,0,1
"('Dr. Mundo', 'Seraphine', 'Tristana', 'Viego', 'Zyra')",1,0,1
"('Jhin', 'Poppy', 'Rakan', 'Vi', 'Viktor')",0,1,1
"('Camille', 'Graves', 'Jhin', ""K'Sante"", 'Vex')",0,1,1
"('Caitlyn', 'Lux', 'Nidalee', 'Orianna', 'Skarner')",1,0,1
"('Akali', 'Bard', 'Nidalee', 'Tristana', 'Zeri')",0,1,1
"('Poppy', 'Rakan', ""Rek'Sai"", 'Tristana', 'Ziggs')",1,0,1
"('Fiddlesticks', 'Jayce', ""Kai'Sa"", 'Rell', 'Tristana')",1,0,1
"('Ezreal', 'Karma', 'Syndra', 'Viego', 'Volibear')",0,1,1
"('Aurelion Sol', 'Draven', 'Nautilus', 'Urgot', 'Viego')",0,1,1
"('Ahri', ""Bel'Veth"", 'Ezreal', 'Karma', 'Malphite')",0,1,1
"('Ashe', 'Karma', 'Mordekaiser', 'Sylas', 'Viego')",0,1,1
"('Ezreal', 'Karma', 'Karthus', 'Renekton', 'Tristana')",1,0,1
"('Ahri', 'Karma', 'Lee Sin', 'Renekton', 'Varus')",1,0,1
"('Aatrox', 'Karma', 'Karthus', 'Varus', 'Vex')",0,1,1
"(""Bel'Veth"", 'Camille', 'Jhin', 'Karma', 'Twisted Fate')",1,0,1
"('Ahri', 'Aphelios', 'Darius', 'Karma', 'Shaco')",0,1,1
"('Renekton', 'Senna', 'Viego', 'Yasuo', 'Ziggs')",1,0,1
"('Ahri', 'Bard', 'Corki', 'Viego', 'Wukong')",0,1,1
"('Alistar', 'Diana', 'Gnar', 'Jinx', 'Tristana')",0,1,1
"('Ashe', 'Aurelion Sol', 'Darius', 'Graves', 'Heimerdinger')",0,1,1
"('Karthus', 'Rakan', 'Tryndamere', 'Viego', 'Zeri')",0,1,1
"('Braum', 'Kennen', 'Lucian', 'Nidalee', 'Yasuo')",1,0,1
"('Elise', 'Jayce', 'Jhin', 'Poppy', ""Vel'Koz"")",1,0,1
"('Nidalee', 'Skarner', 'Talon', 'Thresh', 'Varus')",1,0,1
"('Gragas', 'Jinx', 'Thresh', 'Viego', 'Yasuo')",0,1,1
"('Ashe', 'Lillia', 'Malphite', 'Taric', 'Tristana')",1,0,1
"('Aurelion Sol', ""Kai'Sa"", 'Lee Sin', 'Quinn', 'Seraphine')",1,0,1
"('Fiora', 'Jhin', 'Lee Sin', 'Sylas', 'Thresh')",0,1,1
"('Jinx', ""Kha'Zix"", 'Riven', 'Thresh', 'Zac')",1,0,1
"('Ezreal', 'Graves', 'Hwei', 'Karma', 'Kennen')",1,0,1
"('Alistar', 'Aphelios', 'Ekko', 'Twisted Fate', 'Zoe')",0,1,1
"('Ashe', 'Aurelion Sol', 'Gnar', 'Kindred', 'Seraphine')",1,0,1
"('Aurelion Sol', 'Draven', 'Graves', 'Karma', 'Nautilus')",1,0,1
"('Ashe', 'Braum', 'Taliyah', 'Vayne', 'Viego')",1,0,1
"('Azir', 'Irelia', 'Thresh', 'Varus', 'Viego')",0,1,1
"('Ahri', 'Hecarim', ""Kai'Sa"", 'Rell', 'Renekton')",1,0,1
"('Aatrox', 'Alistar', 'Anivia', 'Ashe', 'Graves')",1,0,1
"('Elise', 'Lucian', 'Riven', 'Thresh', 'Tristana')",0,1,1
"('Ashe', 'Camille', 'Cassiopeia', 'Ekko', 'Seraphine')",1,0,1
"('Camille', 'Corki', 'Fiddlesticks', 'Skarner', 'Varus')",1,0,1
"('Ashe', 'Graves', 'Hwei', 'Nautilus', 'Rumble')",1,0,1
"('Camille', 'Hwei', 'Master Yi', 'Thresh', 'Varus')",0,1,1
"(""Kai'Sa"", 'Karthus', 'Nautilus', 'Twisted Fate', 'Viktor')",0,1,1
"('Alistar', 'Diana', 'Varus', 'Volibear', 'Yasuo')",0,1,1
"('Camille', 'Hwei', 'Rakan', ""Rek'Sai"", 'Zeri')",1,0,1
"('Camille', 'Corki', 'Thresh', 'Twisted Fate', 'Udyr')",1,0,1
"('Hecarim', ""Kai'Sa"", 'Senna', 'Taliyah', 'Vayne')",1,0,1
"('Nautilus', 'Renekton', 'Syndra', 'Taliyah', 'Varus')",1,0,1
"('Braum', 'Jinx', 'Taliyah', 'Tristana', 'Vayne')",1,0,1
"('Gwen', 'Samira', 'Skarner', 'Taliyah', 'Viego')",0,1,1
"('Camille', 'Gwen', 'Lulu', 'Yone', 'Zeri')",1,0,1
"('Aatrox', 'Ashe', 'Leona', 'Malphite', 'Taliyah')",1,0,1
"('Jhin', ""K'Sante"", 'Lee Sin', 'Rakan', 'Zoe')",0,1,1
"('Blitzcrank', 'Camille', 'Nidalee', 'Taliyah', 'Varus')",0,1,1
"('Braum', 'Jarvan IV', 'Jayce', 'Lucian', 'Rumble')",1,0,1
"('Graves', 'Lucian', 'Taliyah', 'Taric', 'Vayne')",1,0,1
"('Corki', 'Graves', 'Kennen', 'Lucian', 'Neeko')",1,0,1
"('Camille', 'Ekko', 'Galio', ""Kai'Sa"", 'Orianna')",1,0,1
"('Aatrox', 'Karthus', 'Pyke', 'Tristana', 'Varus')",1,0,1
"('Cassiopeia', 'Ezreal', 'Gragas', 'Karma', 'Lee Sin')",1,0,1
"('Ashe', 'Hwei', 'Renata Glasc', 'Rumble', 'Viego')",1,0,1
"(""Bel'Veth"", 'Kennen', 'Lulu', 'Varus', 'Vex')",0,1,1
"('Pantheon', 'Rell', 'Samira', 'Taliyah', 'Twisted Fate')",0,1,1
"(""Bel'Veth"", 'Mordekaiser', 'Quinn', 'Smolder', 'Xerath')",0,1,1
"('Gnar', 'Jhin', 'Rakan', 'Taliyah', 'Xin Zhao')",1,0,1
"('Anivia', ""K'Sante"", ""Kai'Sa"", 'Rell', 'Viego')",1,0,1
"(""Kai'Sa"", 'Master Yi', 'Nunu & Willump', 'Twisted Fate', 'Zilean')",1,0,1
"('Corki', 'Kalista', 'Nidalee', 'Renata Glasc', 'Singed')",1,0,1
"('Braum', 'Graves', 'Jayce', 'Lucian', 'Taliyah')",0,1,1
"('Corki', ""Kha'Zix"", 'Orianna', 'Seraphine', 'Twisted Fate')",1,0,1
"('Aatrox', 'Ashe', 'Cassiopeia', 'Lee Sin', 'Seraphine')",0,1,1
"('Aatrox', 'Akali', 'Blitzcrank', 'Corki', 'Viego')",0,1,1
"('Graves', ""Kai'Sa"", 'Nautilus', 'Renekton', 'Syndra')",0,1,1
"('Camille', 'Corki', 'Lillia', 'Nautilus', 'Varus')",1,0,1
"('Corki', 'Gragas', 'Miss Fortune', 'Rakan', 'Rumble')",0,1,1
"('Alistar', 'Hecarim', 'Malphite', 'Taliyah', 'Tristana')",1,0,1
"('Camille', 'Corki', 'Ivern', 'Seraphine', 'Taliyah')",0,1,1
"('Aurelion Sol', 'Camille', 'Corki', 'Taliyah', 'Tryndamere')",0,1,1
"('Akshan', 'Ashe', 'Ekko', 'Thresh', 'Volibear')",1,0,1
"('Bard', 'Corki', 'Jhin', 'Skarner', 'Zac')",0,1,1
"('Camille', 'Evelynn', 'Jayce', 'Kalista', 'Nidalee')",0,1,1
"('Ezreal', 'Rakan', 'Syndra', 'Twisted Fate', 'Xin Zhao')",1,0,1
"('Nautilus', 'Nidalee', 'Twisted Fate', 'Vayne', 'Zeri')",1,0,1
"('Hwei', ""K'Sante"", 'Kalista', 'Lee Sin', 'Pyke')",1,0,1
"('Nautilus', 'Renekton', 'Smolder', 'Taliyah', 'Yasuo')",0,1,1
"('Hwei', ""K'Sante"", 'Poppy', 'Seraphine', 'Tristana')",0,1,1
"('Lucian', 'Morgana', 'Rumble', 'Sylas', 'Viego')",0,1,1
"('Aatrox', 'Aurelion Sol', 'Jarvan IV', 'Lucian', 'Nami')",0,1,1
"('Annie', 'Camille', ""Kai'Sa"", 'Viego', 'Zyra')",0,1,1
"('Bard', 'Caitlyn', 'Hwei', 'Lee Sin', 'Renekton')",1,0,1
"('Lucian', 'Pyke', 'Renekton', 'Rumble', 'Yone')",0,1,1
"('Bard', 'Hwei', ""Rek'Sai"", 'Samira', 'Twisted Fate')",0,1,1
"('Brand', 'Gnar', ""Kai'Sa"", 'Rell', 'Viktor')",1,0,1
"('Aurelion Sol', 'Ezreal', 'Graves', 'Poppy', 'Rumble')",1,0,1
"('Ashe', 'Braum', 'Renekton', 'Taliyah', 'Tristana')",0,1,1
"('Ezreal', 'Graves', 'Nunu & Willump', 'Renekton', 'Seraphine')",0,1,1
"('Bard', 'Caitlyn', 'Jax', 'Lee Sin', 'Twisted Fate')",1,0,1
"(""K'Sante"", 'Lillia', 'Seraphine', 'Zed', 'Zeri')",1,0,1
"('Camille', 'Corki', 'Lee Sin', 'Lux', 'Pyke')",1,0,1
"('Ashe', 'Gnar', 'Lillia', 'Rumble', 'Yasuo')",1,0,1
"('Caitlyn', 'Nautilus', 'Nidalee', 'Rumble', 'Tristana')",0,1,1
"(""Kai'Sa"", 'Neeko', 'Skarner', 'Talon', 'Volibear')",0,1,1
"('Camille', ""Kai'Sa"", 'Lux', 'Rell', 'Viego')",1,0,1
"('Corki', 'Nautilus', 'Renekton', 'Viego', 'Viktor')",0,1,1
"('Aphelios', 'Camille', 'Karthus', 'Lulu', 'Twisted Fate')",0,1,1
"('Ashe', 'Camille', 'Nidalee', 'Seraphine', 'Yone')",0,1,1
"('Camille', 'Kalista', 'Kennen', 'Lux', 'Viego')",1,0,1
"('Ahri', 'Blitzcrank', 'Ekko', 'Renekton', 'Varus')",1,0,1
"('Diana', 'Jhin', 'Lee Sin', 'Rumble', 'Seraphine')",1,0,1
"('Rell', 'Rumble', 'Samira', 'Taliyah', 'Yasuo')",1,0,1
"('Blitzcrank', 'Brand', ""Kai'Sa"", 'Lee Sin', 'Renekton')",0,1,1
"('Draven', ""K'Sante"", 'Master Yi', 'Rumble', 'Thresh')",1,0,1
"('Elise', 'Ezreal', 'Irelia', 'Lulu', 'Twisted Fate')",0,1,1
"('Aurelion Sol', 'Cassiopeia', 'Jhin', 'Skarner', 'Zyra')",0,1,1
"('Ahri', 'Camille', 'Graves', 'Rakan', 'Varus')",1,0,1
"('Gnar', 'Kennen', 'Nidalee', 'Ornn', 'Senna')",1,0,1
"('Graves', ""Kai'Sa"", 'Leona', 'Rumble', 'Twisted Fate')",1,0,1
"('Alistar', 'Corki', ""K'Sante"", 'Karthus', 'Yone')",1,0,1
"('Cassiopeia', 'Kayn', 'Rumble', 'Skarner', 'Varus')",1,0,1
"('Gragas', ""Kai'Sa"", 'Leona', 'Taliyah', 'Viego')",1,0,1
"('Camille', 'Draven', 'Jax', 'Nunu & Willump', 'Renata Glasc')",1,0,1
"('Aatrox', 'Ahri', 'Aphelios', 'Shaco', 'Viego')",1,0,1
"('Akali', 'Ashe', 'Jayce', 'Lee Sin', 'Seraphine')",1,0,1
"('Ekko', 'Skarner', 'Udyr', 'Xayah', 'Zed')",1,0,1
"('Elise', 'Rell', 'Tristana', 'Yasuo', 'Yone')",1,0,1
"('Ahri', 'Jhin', 'Kindred', 'Skarner', 'Tryndamere')",0,1,1
"('Akali', 'Kennen', 'Seraphine', 'Wukong', 'Zeri')",0,1,1
"('Akali', 'Lee Sin', 'Skarner', 'Varus', 'Xerath')",1,0,1
"(""Kai'Sa"", 'Lissandra', ""Rek'Sai"", 'Rumble', 'Skarner')",0,1,1
"('Ashe', 'Camille', 'Corki', 'Ekko', 'Seraphine')",1,0,1
"('Ahri', 'Aphelios', ""K'Sante"", ""Kha'Zix"", 'Seraphine')",0,1,1
"('Azir', 'Corki', 'Kindred', 'Nautilus', 'Vayne')",0,1,1
"('Aatrox', 'Karthus', 'Leona', 'Renekton', 'Smolder')",1,0,1
"('Aurelion Sol', 'Brand', 'Ezreal', 'Rumble', 'Tristana')",0,1,1
"('Ashe', 'Ivern', 'Orianna', 'Seraphine', 'Skarner')",0,1,1
"('Hwei', 'Jinx', 'Lulu', 'Renekton', 'Skarner')",1,0,1
"('Ashe', 'Hwei', 'Jax', 'Skarner', 'Taliyah')",0,1,1
"('Ashe', 'Braum', 'Hwei', ""Rek'Sai"", 'Skarner')",0,1,1
"('Bard', 'Galio', 'Lee Sin', 'Skarner', 'Smolder')",0,1,1
"('Jax', 'LeBlanc', 'Neeko', 'Skarner', 'Varus')",0,1,1
"('Alistar', 'Corki', 'Kindred', 'Twisted Fate', 'Xerath')",0,1,1
"('Cassiopeia', ""Kai'Sa"", 'Nautilus', ""Rek'Sai"", 'Taliyah')",0,1,1
"('Camille', 'Kindred', 'Lucian', 'Nami', 'Xerath')",1,0,1
"('Camille', 'Fiddlesticks', 'Jinx', 'Katarina', 'Poppy')",1,0,1
"('Galio', 'Hecarim', ""Kai'Sa"", 'Nasus', 'Taliyah')",1,0,1
"('Renata Glasc', 'Riven', 'Varus', 'Vex', 'Viego')",1,0,1
"('Ashe', 'Graves', 'Rumble', 'Seraphine', 'Syndra')",0,1,1
"(""Bel'Veth"", 'Hwei', 'Jhin', 'Viego', 'Zilean')",1,0,1
"('Camille', 'Hwei', 'Rell', 'Samira', 'Warwick')",1,0,1
"('Alistar', 'Draven', 'Gnar', 'Irelia', 'Rumble')",1,0,1
"('Galio', 'Kayn', 'Lulu', 'Ornn', 'Varus')",0,1,1
"(""Kai'Sa"", 'Kayn', 'Nautilus', 'Ornn', 'Qiyana')",0,1,1
"('Hwei', 'Sylas', 'Varus', 'Viego', 'Warwick')",1,0,1
"('Jax', 'Lucian', 'Nami', 'Nidalee', 'Taliyah')",0,1,1
"('Caitlyn', 'Ornn', 'Skarner', 'Taliyah', 'Talon')",1,0,1
"('Jayce', 'Rakan', 'Twisted Fate', 'Viego', 'Zeri')",0,1,1
"('Jhin', 'Lee Sin', 'Malphite', 'Rakan', 'Twisted Fate')",1,0,1
"('Draven', 'Kindred', 'Nidalee', 'Seraphine', 'Tryndamere')",1,0,1
"('Diana', 'Hecarim', 'Skarner', 'Twisted Fate', 'Vayne')",0,1,1
"('Galio', 'Jayce', 'Jhin', 'Nidalee', 'Pyke')",1,0,1
"('Blitzcrank', 'Caitlyn', 'Lulu', 'Shaco', 'Twisted Fate')",1,0,1
"('Brand', 'Camille', 'Gwen', 'Jinx', 'Skarner')",1,0,1
"('Aphelios', 'Gnar', ""Kha'Zix"", 'Senna', 'Twisted Fate')",1,0,1
"('Alistar', 'Elise', 'Ezreal', 'Skarner', 'Taliyah')",1,0,1
"('Blitzcrank', 'Draven', 'Kalista', 'Taliyah', 'Vi')",1,0,1
"('Fiora', 'Ivern', 'Skarner', 'Vex', 'Zeri')",1,0,1
"('Galio', 'Gangplank', 'Jhin', ""Kha'Zix"", 'Skarner')",0,1,1
"('Akshan', 'Ashe', 'Malphite', 'Nidalee', 'Seraphine')",1,0,1
"('Corki', 'Nidalee', 'Skarner', 'Tristana', 'Yuumi')",0,1,1
"('Caitlyn', 'Kindred', 'Sett', 'Skarner', 'Taliyah')",1,0,1
"('Lee Sin', 'Lillia', 'Rakan', 'Yone', 'Zeri')",1,0,1
"('Aatrox', 'Ashe', 'Rell', 'Syndra', 'Viego')",1,0,1
"('Brand', 'Caitlyn', 'Jayce', 'Skarner', 'Yone')",0,1,1
"('Corki', 'Lucian', 'Nidalee', 'Rakan', 'Renekton')",1,0,1
"('Bard', 'Caitlyn', 'Cassiopeia', 'Corki', 'Jarvan IV')",0,1,1
"('Hecarim', 'Illaoi', 'Jhin', 'Karma', 'LeBlanc')",0,1,1
"('Gnar', 'Jhin', 'Orianna', 'Skarner', 'Viego')",0,1,1
"('Lucian', 'Nami', 'Nidalee', 'Renekton', 'Xerath')",1,0,1
"('Hwei', ""Kai'Sa"", 'Kindred', 'Nautilus', 'Renekton')",1,0,1
"('Akshan', 'Alistar', 'Cassiopeia', 'Karthus', 'Samira')",1,0,1
"('Hwei', 'Rakan', 'Skarner', 'Viego', 'Xayah')",1,0,1
"('Galio', 'Lee Sin', 'Nilah', 'Orianna', 'Skarner')",1,0,1
"('Elise', 'Gragas', 'Nautilus', 'Tristana', 'Varus')",1,0,1
"('Jhin', 'LeBlanc', 'Lee Sin', 'Malphite', 'Poppy')",1,0,1
"('Aphelios', 'Gangplank', 'Nidalee', 'Seraphine', 'Tristana')",0,1,1
"('Corki', 'Ezreal', 'Karma', 'Lillia', 'Twisted Fate')",1,0,1
"('Ezreal', 'Karma', 'Lee Sin', 'Teemo', 'Yasuo')",1,0,1
"('Cassiopeia', 'Jarvan IV', 'Jhin', 'Tristana', 'Xerath')",1,0,1
"('Akshan', 'Alistar', 'Jhin', ""K'Sante"", 'Karthus')",0,1,1
"('Camille', 'Ezreal', 'Hwei', 'Karma', 'Kindred')",1,0,1
"('Miss Fortune', 'Rengar', 'Senna', 'Shaco', 'Taliyah')",1,0,1
"('Ahri', 'Gwen', 'Jax', 'Senna', 'Varus')",1,0,1
"('Corki', 'Darius', 'Lee Sin', 'Nautilus', 'Zoe')",1,0,1
"('Corki', 'Jax', 'Malzahar', 'Nautilus', ""Rek'Sai"")",1,0,1
"('Nilah', 'Pyke', 'Rumble', 'Tristana', 'Zac')",1,0,1
"('Ashe', 'Camille', 'Nocturne', 'Orianna', 'Rumble')",0,1,1
"('Cassiopeia', 'LeBlanc', 'Nautilus', 'Senna', 'Viego')",0,1,1
"('Bard', 'Corki', 'Galio', 'Viego', 'Volibear')",0,1,1
"('Aatrox', 'Nautilus', 'Smolder', 'Vex', 'Viego')",0,1,1
"('Akshan', 'Gwen', 'Lee Sin', 'Senna', 'Varus')",0,1,1
"('Alistar', 'Azir', 'Camille', 'Kalista', 'Viego')",0,1,1
"('Hwei', ""Kai'Sa"", 'Kled', 'Rakan', 'Viego')",1,0,1
"('Aatrox', 'Jhin', 'Leona', 'Viego', 'Warwick')",1,0,1
"('Ezreal', 'Jayce', 'Rumble', 'Tristana', 'Viego')",1,0,1
"('Aphelios', 'Diana', 'Rell', 'Tristana', 'Yorick')",0,1,1
"('Gragas', 'Katarina', 'Lee Sin', 'Nautilus', 'Zeri')",0,1,1
"('Graves', 'Hwei', 'Sivir', 'Udyr', 'Zilean')",0,1,1
"('Diana', 'Fiora', 'Graves', ""Kai'Sa"", 'Nautilus')",1,0,1
"('Ahri', 'Lee Sin', 'Lucian', 'Lulu', 'Poppy')",1,0,1
"('Draven', 'Nidalee', 'Pyke', 'Skarner', 'Xerath')",1,0,1
"('Alistar', 'Azir', ""Kai'Sa"", 'Viego', 'Warwick')",0,1,1
"('Ashe', 'Gnar', 'Taliyah', 'Varus', 'Viego')",1,0,1
"('Corki', 'Ezreal', 'Gwen', 'Viego', 'Yuumi')",0,1,1
"('Corki', 'Seraphine', 'Sylas', 'Twitch', 'Viego')",1,0,1
"('Jinx', 'Renekton', 'Sylas', 'Viego', 'Zac')",1,0,1
"('Akshan', 'Ashe', 'Malphite', 'Swain', 'Viego')",1,0,1
"('Orianna', 'Skarner', 'Soraka', 'Varus', 'Viego')",1,0,1
"('Bard', 'Corki', 'LeBlanc', 'Ornn', ""Rek'Sai"")",0,1,1
"('Graves', 'Pyke', 'Tristana', ""Vel'Koz"", 'Warwick')",1,0,1
"('Gwen', 'Jinx', 'Lissandra', 'Thresh', 'Viego')",0,1,1
"('Diana', 'Jax', 'Jayce', ""Kai'Sa"", 'Nautilus')",1,0,1
"('Azir', 'Heimerdinger', 'Poppy', 'Rakan', 'Smolder')",0,1,1
"('Gragas', 'Hwei', ""Kha'Zix"", 'Renata Glasc', 'Zeri')",1,0,1
"('Heimerdinger', 'Irelia', 'Renekton', 'Senna', 'Viego')",1,0,1
"('Ashe', 'Milio', 'Skarner', 'Taliyah', 'Tristana')",1,0,1
"('Akshan', 'Corki', 'Lillia', 'Rakan', 'Twisted Fate')",0,1,1
"('Aphelios', 'Nidalee', 'Olaf', 'Thresh', 'Zoe')",0,1,1
"('Gwen', 'Jayce', 'Kalista', 'Taric', 'Viego')",0,1,1
"('Ashe', 'Fiora', 'Lulu', 'Nidalee', 'Yone')",1,0,1
"('Diana', ""Kai'Sa"", ""Kha'Zix"", 'Pyke', 'Urgot')",1,0,1
"('Jinx', 'Renekton', 'Taliyah', 'Thresh', 'Viego')",1,0,1
"('Aatrox', 'Camille', 'Ezreal', 'Karma', 'Karthus')",1,0,1
"('Galio', ""K'Sante"", 'Renata Glasc', 'Varus', 'Viego')",1,0,1
"('Braum', 'Corki', 'Mordekaiser', 'Nidalee', 'Yone')",0,1,1
"('Aatrox', 'Corki', 'Fiora', 'Ivern', 'Neeko')",0,1,1
"('Aurelion Sol', 'Blitzcrank', 'Jinx', 'Rumble', 'Viego')",0,1,1
"('Aphelios', ""Kha'Zix"", 'Leona', 'Rumble', 'Twisted Fate')",1,0,1
"(""Kai'Sa"", 'Nautilus', 'Rumble', 'Tristana', 'Viego')",1,0,1
"('Aphelios', 'Heimerdinger', 'Nidalee', 'Talon', 'Thresh')",1,0,1
"('Ashe', 'Galio', 'Kindred', 'Leona', 'Rengar')",0,1,1
"(""Kai'Sa"", 'Malphite', 'Thresh', 'Veigar', 'Viego')",1,0,1
"('Kennen', 'Shaco', 'Taliyah', 'Varus', 'Warwick')",1,0,1
"('Leona', 'Nidalee', 'Shen', 'Taliyah', 'Varus')",1,0,1
"('Bard', 'Olaf', 'Sivir', 'Taliyah', 'Viego')",1,0,1
"('Aphelios', 'Kindred', 'Ornn', 'Skarner', 'Yasuo')",1,0,1
"('Hwei', 'Lee Sin', 'Rakan', 'Skarner', 'Twitch')",0,1,1
"('Jinx', 'Karthus', 'Malphite', 'Thresh', 'Zed')",1,0,1
"('Annie', 'Caitlyn', 'Jayce', 'Nidalee', 'Seraphine')",1,0,1
"('Akshan', 'Heimerdinger', 'Jinx', 'Nautilus', 'Viego')",0,1,1
"('Camille', 'Ekko', 'Jayce', ""Kai'Sa"", 'Tristana')",0,1,1
"('Blitzcrank', 'Gragas', 'Jhin', 'Lucian', 'Nidalee')",1,0,1
"('Jayce', 'Lux', 'Nidalee', 'Tristana', 'Twisted Fate')",0,1,1
"('Lee Sin', 'Rakan', 'Taliyah', 'Twisted Fate', 'Varus')",1,0,1
"('Draven', 'Gnar', 'Nidalee', 'Pantheon', 'Tristana')",0,1,1
"('Blitzcrank', ""Kai'Sa"", 'Kindred', 'Malphite', 'Sylas')",1,0,1
"('Aurelion Sol', 'Neeko', 'Renekton', 'Vi', 'Zeri')",1,0,1
"('Nidalee', 'Rell', 'Renekton', 'Tristana', 'Zeri')",0,1,1
"('Annie', ""Kai'Sa"", 'Nidalee', 'Olaf', 'Yuumi')",0,1,1
"('Karthus', 'Maokai', 'Tristana', 'Zac', 'Zeri')",0,1,1
"('Camille', ""Kai'Sa"", 'Nautilus', 'Neeko', ""Rek'Sai"")",1,0,1
"('Akali', 'Ezreal', 'Lee Sin', 'Nautilus', 'Tahm Kench')",1,0,1
"('Ashe', 'Jax', 'Rell', 'Twisted Fate', 'Viego')",0,1,1
"('Alistar', 'Galio', 'Jinx', 'Nidalee', 'Renekton')",0,1,1
"('Jax', ""Kai'Sa"", 'Nidalee', 'Rumble', 'Zoe')",0,1,1
"('Leona', 'Nidalee', 'Pantheon', 'Syndra', 'Xayah')",1,0,1
"('Aurelion Sol', 'Graves', ""Kog'Maw"", 'Nautilus', 'Swain')",0,1,1
"('Ashe', 'Kindred', 'LeBlanc', 'Renekton', 'Seraphine')",1,0,1
"('Draven', 'Jayce', 'Kennen', 'Pyke', ""Rek'Sai"")",1,0,1
"('Alistar', 'Rumble', 'Samira', 'Sylas', 'Viego')",0,1,1
"('Alistar', 'Ashe', 'Ryze', 'Twisted Fate', 'Udyr')",0,1,1
"('Ashe', 'Darius', 'Kalista', 'Neeko', 'Viego')",0,1,1
"('Jhin', 'LeBlanc', 'Lee Sin', 'Pyke', 'Skarner')",0,1,1
"('Graves', 'Hwei', 'Jinx', 'Taric', 'Volibear')",0,1,1
"('Corki', 'Jhin', 'Malphite', 'Nunu & Willump', 'Taliyah')",0,1,1
"('Blitzcrank', 'Corki', ""Kai'Sa"", 'Nidalee', 'Warwick')",1,0,1
"('Akshan', 'Corki', 'Nautilus', 'Riven', 'Taliyah')",0,1,1
"('Akali', 'Jinx', 'Renekton', 'Rumble', 'Viego')",1,0,1
"('Garen', 'Hwei', 'Nautilus', 'Smolder', 'Viego')",0,1,1
"('Fiora', 'Lee Sin', 'Lissandra', 'Pyke', 'Varus')",0,1,1
"('Akshan', ""K'Sante"", 'Lucian', 'Morgana', 'Skarner')",0,1,1
"('Akali', 'Ashe', 'Blitzcrank', ""Rek'Sai"", 'Viego')",0,1,1
"('Corki', 'Pyke', 'Taliyah', 'Viego', 'Zeri')",0,1,1
"('Alistar', 'Darius', 'Vex', 'Viego', 'Ziggs')",1,0,1
"('Elise', 'Jhin', 'Poppy', 'Quinn', 'Sylas')",1,0,1
"('Gangplank', 'Kalista', 'Nidalee', 'Renata Glasc', 'Tristana')",1,0,1
"('Poppy', 'Shaco', 'Thresh', 'Viego', 'Zeri')",0,1,1
"('Akali', 'Aphelios', 'Jayce', ""Kha'Zix"", 'Rell')",0,1,1
"('Ahri', 'Kindred', 'Singed', 'Tahm Kench', 'Taric')",1,0,1
"('Aphelios', 'Skarner', 'Thresh', 'Viego', 'Zoe')",1,0,1
"('Jax', 'Jhin', 'Rakan', 'Taliyah', 'Tristana')",1,0,1
"('Akshan', 'Aphelios', 'Janna', 'Vi', 'Zoe')",1,0,1
"('Akshan', 'Jayce', 'Kalista', 'Nidalee', 'Thresh')",0,1,1
"('Gragas', 'Nautilus', 'Senna', 'Vex', 'Viego')",0,1,1
"('Aphelios', 'Rell', 'Sett', 'Taliyah', 'Tristana')",0,1,1
"('Camille', 'Elise', 'Sivir', 'Skarner', 'Taliyah')",1,0,1
"('Alistar', 'Kennen', 'Nidalee', 'Sivir', 'Tristana')",1,0,1
"('Aatrox', 'Draven', 'Hwei', 'Nautilus', 'Viego')",1,0,1
"('Kindred', 'Lux', 'Teemo', 'Tristana', 'Varus')",0,1,1
"('Ashe', 'Skarner', 'Swain', 'Vi', 'Warwick')",0,1,1
"('Ezreal', 'Illaoi', 'LeBlanc', 'Rengar', 'Skarner')",1,0,1
"('Aatrox', 'Ekko', ""Kai'Sa"", 'Nautilus', 'Viego')",0,1,1
"('Fiora', ""Kai'Sa"", 'Nautilus', 'Tristana', 'Viego')",0,1,1
"('Hwei', 'Jinx', ""K'Sante"", 'Lulu', 'Volibear')",1,0,1
"(""K'Sante"", 'Nidalee', 'Samira', 'Skarner', 'Tristana')",1,0,1
"('Fiora', 'Hwei', 'Jhin', 'Lee Sin', 'Maokai')",1,0,1
"('Camille', 'Graves', 'Hwei', 'Lucian', 'Nami')",1,0,1
"('Rakan', 'Sivir', 'Vayne', 'Viego', 'Zoe')",1,0,1
"('Aatrox', 'Hwei', ""Kai'Sa"", 'LeBlanc', 'Lee Sin')",1,0,1
"('Lucian', 'Seraphine', 'Taliyah', 'Tristana', 'Zac')",1,0,1
"('Ashe', 'Gnar', 'Katarina', 'Skarner', 'Viego')",1,0,1
"('Dr. Mundo', ""K'Sante"", 'Lux', 'Nidalee', 'Varus')",0,1,1
"('Ashe', 'Graves', 'Jax', 'Lulu', 'Xerath')",0,1,1
"('Gwen', 'Hecarim', ""Kai'Sa"", 'Nunu & Willump', 'Thresh')",1,0,1
"('Hecarim', 'Rakan', 'Tryndamere', 'Twitch', 'Xerath')",0,1,1
"('Akshan', 'Aphelios', 'Irelia', 'Taliyah', 'Thresh')",1,0,1
"('Draven', 'LeBlanc', 'Mordekaiser', 'Rengar', 'Skarner')",1,0,1
"('Akali', 'Ashe', 'Kalista', 'Viego', 'Yasuo')",1,0,1
"('Cassiopeia', 'Graves', 'Jinx', 'Lulu', 'Olaf')",1,0,1
"('Camille', 'Katarina', 'Morgana', 'Rakan', 'Xayah')",1,0,1
"('Ahri', 'Jinx', 'Maokai', 'Nidalee', 'Skarner')",0,1,1
"('Aphelios', 'Graves', 'Hwei', 'Rell', 'Skarner')",0,1,1
"('Camille', 'Fiddlesticks', ""Kai'Sa"", 'Lee Sin', 'Rakan')",1,0,1
"('Diana', 'Jarvan IV', 'Jinx', 'Olaf', 'Sona')",1,0,1
"('Ashe', 'Katarina', 'Lillia', 'Rakan', 'Tryndamere')",1,0,1
"('Akali', 'Ashe', 'Lee Sin', 'Seraphine', 'Tristana')",0,1,1
"('Akali', 'Ashe', 'Jarvan IV', 'Lee Sin', 'Rakan')",0,1,1
"('Nidalee', 'Skarner', 'Tristana', 'Tryndamere', 'Varus')",1,0,1
"('Corki', 'Lee Sin', 'Nautilus', 'Rumble', 'Viego')",1,0,1
"('LeBlanc', 'Lucian', 'Nami', 'Ryze', 'Viego')",0,1,1
"('Akshan', 'Nautilus', 'Nilah', 'Sett', 'Taliyah')",1,0,1
"('Lucian', 'Sett', 'Taliyah', 'Viego', 'Zoe')",1,0,1
"('Akshan', 'Draven', 'LeBlanc', 'Sett', 'Viego')",1,0,1
"('Hwei', 'Kled', 'Lee Sin', 'Senna', 'Seraphine')",0,1,1
"('Aurelion Sol', 'Braum', 'Camille', 'Kindred', 'Tristana')",0,1,1
"('Ashe', 'Nautilus', ""Rek'Sai"", 'Riven', 'Zoe')",0,1,1
"('Rakan', 'Renekton', 'Viego', 'Zac', 'Zeri')",1,0,1
"('Aatrox', 'Diana', 'Neeko', 'Nilah', 'Yasuo')",1,0,1
"('Corki', 'Neeko', 'Skarner', 'Viego', 'Warwick')",1,0,1
"('Alistar', 'Diana', 'Jinx', 'Skarner', 'Yasuo')",1,0,1
"('Jax', 'Ornn', 'Senna', 'Taliyah', 'Yasuo')",1,0,1
"('Camille', 'Hwei', 'Jhin', 'Nidalee', 'Qiyana')",0,1,1
"('Azir', ""Cho'Gath"", 'Jax', 'Pyke', 'Viego')",1,0,1
"('Ashe', 'Braum', 'Kindred', 'Malphite', 'Ryze')",0,1,1
"('Jhin', 'Lee Sin', 'Nidalee', 'Skarner', 'Zed')",0,1,1
"('Alistar', 'Hecarim', 'Orianna', 'Tahm Kench', 'Zeri')",0,1,1
"('Jinx', 'Poppy', 'Rakan', 'Ryze', 'Viego')",1,0,1
"('Aphelios', 'Fiddlesticks', 'Nautilus', 'Tristana', 'Wukong')",0,1,1
"('Hwei', 'Nautilus', 'Senna', 'Skarner', 'Viego')",0,1,1
"(""K'Sante"", ""Kog'Maw"", 'Lillia', 'Lulu', 'Viego')",1,0,1
"('Cassiopeia', ""Kha'Zix"", 'Shaco', 'Xayah', 'Yone')",1,0,1
"('Corki', 'Nautilus', 'Riven', 'Taliyah', 'Viego')",1,0,1
"('Fizz', 'Rell', 'Tahm Kench', 'Viego', 'Zeri')",0,1,1
"('Jinx', 'Kennen', 'LeBlanc', 'Nautilus', 'Viego')",1,0,1
"(""Kai'Sa"", 'Olaf', 'Orianna', 'Rell', 'Viego')",0,1,1
"('Garen', ""Kai'Sa"", 'Karthus', 'Nautilus', 'Twisted Fate')",1,0,1
"('Braum', 'Lucian', 'Vex', 'Volibear', 'Xin Zhao')",1,0,1
"('Ashe', 'Hwei', 'Lee Sin', 'Seraphine', 'Skarner')",0,1,1
"('Lee Sin', 'Orianna', 'Renekton', 'Thresh', 'Varus')",1,0,1
"('Karthus', 'Rakan', 'Renekton', 'Twitch', 'Yone')",0,1,1
"('Graves', 'Hwei', 'Jax', 'Seraphine', 'Zeri')",0,1,1
"('Aatrox', 'Rell', 'Samira', 'Taliyah', 'Xin Zhao')",1,0,1
"('Aphelios', 'Jayce', 'Nidalee', 'Skarner', 'Tahm Kench')",0,1,1
"(""Kai'Sa"", 'Nidalee', 'Rell', 'Rumble', 'Zed')",0,1,1
"('Braum', 'Hecarim', 'Jax', ""Kai'Sa"", 'Syndra')",1,0,1
"('Graves', 'Leona', 'Rumble', 'Samira', 'Skarner')",1,0,1
"('Graves', 'Karma', 'Orianna', 'Zac', 'Zeri')",0,1,1
"('Ashe', 'Aurelion Sol', ""Rek'Sai"", 'Rumble', 'Seraphine')",1,0,1
"('Corki', 'Hwei', 'Nautilus', 'Viego', 'Vladimir')",1,0,1
"('Gnar', ""Kai'Sa"", 'Thresh', 'Viego', 'Ziggs')",1,0,1
"('Corki', ""Kog'Maw"", 'Leona', 'Twisted Fate', 'Warwick')",0,1,1
"(""Bel'Veth"", 'Gragas', 'Orianna', 'Rakan', 'Twitch')",0,1,1
"('Ashe', 'Gragas', 'Graves', 'Karma', 'Twisted Fate')",1,0,1
"('Kennen', 'LeBlanc', 'Lulu', 'Twitch', 'Viego')",0,1,1
"('Alistar', 'Jayce', 'Kennen', 'Master Yi', 'Varus')",0,1,1
"('Brand', 'Rakan', 'Skarner', 'Tristana', 'Zeri')",0,1,1
"('Aatrox', 'Lux', 'Sylas', 'Taliyah', 'Varus')",0,1,1
"('Jinx', ""K'Sante"", 'LeBlanc', 'Lee Sin', 'Seraphine')",0,1,1
"('Aurelion Sol', 'Leona', 'Lillia', 'Skarner', 'Tristana')",0,1,1
"('Darius', 'LeBlanc', 'Lee Sin', 'Rell', 'Zeri')",1,0,1
"('Graves', 'Rakan', 'Skarner', 'Taliyah', 'Xayah')",0,1,1
"('Ashe', 'Azir', 'Nautilus', 'Nidalee', 'Skarner')",0,1,1
"('Ahri', 'Corki', 'Gragas', 'Graves', 'Rell')",1,0,1
"('Cassiopeia', 'Hwei', 'Jax', ""K'Sante"", 'Varus')",0,1,1
"('Jax', 'Kindred', 'Taliyah', 'Varus', 'Zyra')",1,0,1
"(""Kai'Sa"", 'Nautilus', 'Pantheon', 'Skarner', 'Taliyah')",1,0,1
"('Camille', ""Kai'Sa"", 'Nautilus', 'Sylas', 'Viego')",1,0,1
"('Aatrox', 'Hwei', 'Senna', 'Varus', 'Viego')",1,0,1
"('Ahri', 'Caitlyn', 'Lux', 'Malphite', 'Viego')",1,0,1
"('Ahri', 'Aphelios', 'Graves', 'Nami', 'Skarner')",0,1,1
"('Fiora', 'Kalista', 'LeBlanc', 'Lee Sin', 'Pyke')",0,1,1
"('Aatrox', 'Aurelion Sol', 'Gwen', 'Rakan', 'Xayah')",0,1,1
"('Draven', 'Fiddlesticks', 'LeBlanc', 'Renekton', 'Taric')",0,1,1
"(""Kai'Sa"", 'Lee Sin', 'Nautilus', 'Renekton', 'Vex')",1,0,1
"('Bard', 'Graves', 'Renekton', 'Sylas', 'Zeri')",0,1,1
"('Ahri', 'Jax', 'Jinx', 'Poppy', 'Vi')",0,1,1
"('Alistar', 'Hwei', 'Jax', 'Taliyah', 'Varus')",1,0,1
"('Akali', 'Kennen', 'Lee Sin', 'Nautilus', 'Xayah')",1,0,1
"('Aatrox', 'Aurelion Sol', ""Kai'Sa"", ""Rek'Sai"", 'Rell')",1,0,1
"('Ashe', 'Malzahar', 'Rumble', 'Seraphine', 'Viego')",0,1,1
"('Jayce', ""Kai'Sa"", 'Karthus', 'Nautilus', 'Tristana')",0,1,1
"('Jax', 'Shaco', 'Taliyah', 'Xin Zhao', 'Zeri')",0,1,1
"('Ashe', 'Blitzcrank', 'Mordekaiser', 'Nidalee', 'Tristana')",1,0,1
"('Akshan', 'Alistar', 'Jhin', 'Skarner', 'Taliyah')",1,0,1
"('Amumu', ""Kai'Sa"", 'Orianna', 'Ryze', 'Viego')",1,0,1
"('Braum', 'Corki', 'Fiora', 'Hwei', 'Jax')",1,0,1
"('Ashe', 'Corki', 'Lillia', 'Mordekaiser', 'Pyke')",0,1,1
"('Nidalee', 'Orianna', 'Rell', 'Twisted Fate', 'Varus')",1,0,1
"('Alistar', 'Aurelion Sol', 'Kalista', 'Tryndamere', 'Xin Zhao')",1,0,1
"('Pyke', 'Sylas', 'Teemo', 'Tristana', 'Viego')",0,1,1
"('Corki', 'Jax', 'Nautilus', 'Sylas', 'Viego')",0,1,1
"('Aurelion Sol', 'Corki', 'Jarvan IV', 'Rell', 'Rengar')",1,0,1
"('Karthus', 'Maokai', 'Teemo', 'Tristana', 'Zeri')",1,0,1
"('Darius', 'Fiddlesticks', 'Nautilus', 'Smolder', 'Tristana')",0,1,1
"('Ezreal', 'Hwei', 'Irelia', 'Karma', 'Viego')",1,0,1
"('Jinx', 'Lee Sin', 'Nautilus', 'Qiyana', 'Skarner')",0,1,1
"('Bard', 'Brand', 'Tristana', 'Twisted Fate', 'Zeri')",0,1,1
"('Aatrox', 'Blitzcrank', 'Corki', ""Kai'Sa"", 'Nidalee')",0,1,1
"('Bard', ""Bel'Veth"", 'Camille', 'Hwei', ""Kai'Sa"")",0,1,1
"('Alistar', 'Hwei', 'Jax', 'Veigar', 'Viego')",0,1,1
"(""Kai'Sa"", 'Leona', 'Orianna', ""Rek'Sai"", 'Twisted Fate')",1,0,1
"('Ashe', 'Corki', 'Lee Sin', 'Nasus', 'Seraphine')",0,1,1
"('Ashe', 'Ekko', 'Tryndamere', 'Varus', 'Viego')",1,0,1
"('Galio', 'Jarvan IV', ""Kai'Sa"", 'Nautilus', 'Zed')",1,0,1
"('Lulu', 'Rumble', 'Twisted Fate', 'Xin Zhao', 'Zeri')",1,0,1
"(""Bel'Veth"", 'Diana', 'Ezreal', 'Karma', 'Riven')",1,0,1
"('Ashe', 'Darius', 'Nidalee', 'Seraphine', 'Tristana')",0,1,1
"('Leona', 'Renekton', 'Seraphine', 'Tristana', 'Viego')",1,0,1
"('Aurelion Sol', 'Jinx', 'Kindred', 'Leona', 'Zac')",1,0,1
"('Fiora', 'Lillia', 'Smolder', 'Taric', 'Tristana')",0,1,1
"(""Kai'Sa"", 'Kennen', 'Master Yi', 'Nautilus', 'Viego')",0,1,1
"('Aatrox', 'Ashe', 'Aurelion Sol', 'Lee Sin', 'Maokai')",1,0,1
"('Alistar', 'Nidalee', 'Rengar', 'Smolder', 'Tristana')",1,0,1
"('Aphelios', 'Camille', 'Graves', 'Lulu', 'Neeko')",1,0,1
"('Ezreal', 'Kennen', 'Orianna', 'Rakan', 'Viego')",0,1,1
"('Azir', 'Elise', 'Jinx', 'Nasus', 'Viego')",1,0,1
"('Darius', 'Jinx', 'Kindred', 'Soraka', 'Zac')",1,0,1
"('Aurelion Sol', ""Kai'Sa"", 'Kindred', 'Ornn', 'Skarner')",0,1,1
"('Corki', 'Irelia', 'Kindred', 'Malphite', 'Zyra')",0,1,1
"('Aphelios', 'Gragas', 'Skarner', 'Viego', 'Yasuo')",0,1,1
"('Draven', 'Hwei', 'Pyke', 'Sylas', 'Xin Zhao')",1,0,1
"('Fiddlesticks', 'Pantheon', 'Taliyah', 'Tristana', 'Vayne')",1,0,1
"('Jax', ""Kai'Sa"", 'Lee Sin', 'Skarner', 'Viktor')",1,0,1
"('Aphelios', 'Lulu', 'Rumble', 'Viego', 'Yasuo')",0,1,1
"('Corki', 'Ornn', 'Rell', 'Taliyah', 'Yone')",1,0,1
"('Blitzcrank', 'Graves', 'Hwei', 'Kalista', 'Mordekaiser')",0,1,1
"('Nidalee', 'Seraphine', 'Tristana', 'Varus', 'Volibear')",1,0,1
"('Draven', 'Hwei', 'Jax', 'Lee Sin', 'Rell')",0,1,1
"('Ahri', 'Blitzcrank', 'Graves', 'Rumble', 'Tristana')",1,0,1
"('Amumu', 'Nidalee', 'Skarner', 'Taliyah', 'Zeri')",0,1,1
"('Corki', 'Jayce', 'Nautilus', 'Sylas', 'Viego')",0,1,1
"('Gangplank', 'Renekton', 'Taliyah', 'Taric', 'Zeri')",0,1,1
"('Jinx', 'Rakan', 'Rumble', 'Twisted Fate', 'Vi')",0,1,1
"('Ashe', 'Kindred', 'Nautilus', 'Pantheon', 'Twisted Fate')",0,1,1
"('Ashe', 'Neeko', 'Rumble', 'Skarner', 'Viego')",1,0,1
"('Ahri', 'Ashe', 'Braum', 'Lee Sin', 'Skarner')",1,0,1
"('Aurelion Sol', 'Corki', 'Irelia', 'Lillia', 'Rell')",1,0,1
"('Azir', 'Braum', 'Jax', ""Kai'Sa"", 'Nidalee')",0,1,1
"('Hwei', 'Malphite', 'Thresh', 'Viego', 'Zeri')",1,0,1
"('Akshan', 'Draven', 'Karthus', 'Malphite', 'Pyke')",1,0,1
"('Ashe', 'Braum', 'Nidalee', 'Vayne', 'Yone')",0,1,1
"('Alistar', 'Ashe', 'Corki', 'Elise', 'Quinn')",0,1,1
"('Jayce', ""Kai'Sa"", 'Nidalee', 'Rell', 'Twisted Fate')",1,0,1
"('Garen', ""Kai'Sa"", 'LeBlanc', 'Lee Sin', 'Nautilus')",1,0,1
"(""Kai'Sa"", 'Maokai', 'Neeko', 'Olaf', 'Taliyah')",0,1,1
"('Galio', ""Kai'Sa"", 'Skarner', 'Taric', 'Viego')",1,0,1
"('Cassiopeia', 'Heimerdinger', 'Jinx', 'Morgana', 'Viego')",1,0,1
"('Cassiopeia', 'Galio', ""Rek'Sai"", 'Taric', 'Zeri')",1,0,1
"('Akshan', 'Jinx', 'Pyke', 'Taliyah', 'Yone')",1,0,1
"('Hwei', 'Leona', 'Samira', 'Viego', 'Warwick')",0,1,1
"('Jinx', 'Nautilus', 'Rumble', 'Viego', 'Zoe')",1,0,1
"('Rakan', 'Sylas', 'Teemo', 'Viego', 'Zeri')",0,1,1
"('Camille', ""Kai'Sa"", 'Katarina', 'Lee Sin', 'Rell')",0,1,1
"('Elise', 'Seraphine', 'Skarner', 'Yone', 'Ziggs')",1,0,1
"('Caitlyn', 'Hwei', 'Kindred', 'Leona', 'Skarner')",1,0,1
"('Gragas', 'Jhin', 'Pantheon', 'Viego', 'Xerath')",1,0,1
"('Alistar', 'Corki', 'Diana', 'Jinx', 'Skarner')",0,1,1
"('Ahri', 'Nidalee', 'Shaco', 'Tryndamere', 'Varus')",1,0,1
"('Gnar', 'Heimerdinger', 'Orianna', 'Taliyah', 'Varus')",0,1,1
"('Camille', 'Diana', 'Fiddlesticks', ""Kai'Sa"", 'Rakan')",0,1,1
"('Akali', 'Ashe', 'Lee Sin', 'Rell', 'Vladimir')",0,1,1
"('Fiora', 'Tahm Kench', 'Taliyah', ""Vel'Koz"", 'Zed')",1,0,1
"('Braum', 'Briar', 'Corki', 'LeBlanc', 'Skarner')",0,1,1
"('Camille', 'Jayce', 'Leona', 'Taliyah', ""Vel'Koz"")",0,1,1
"('Galio', 'Graves', 'Pantheon', 'Seraphine', ""Vel'Koz"")",0,1,1
"('Ashe', 'Jax', 'Orianna', 'Thresh', 'Zyra')",1,0,1
"('Ashe', 'Camille', 'Ekko', 'Kennen', 'Talon')",0,1,1
"('Aphelios', 'Azir', ""K'Sante"", 'Rell', 'Taliyah')",0,1,1
"('Ashe', 'Diana', 'Heimerdinger', 'Taliyah', 'Yasuo')",1,0,1
"('Ashe', 'Jax', 'Master Yi', 'Taric', 'Vex')",1,0,1
"(""K'Sante"", ""Kai'Sa"", 'Lee Sin', 'Sona', 'Twisted Fate')",0,1,1
"('Aatrox', 'Ahri', 'Blitzcrank', ""K'Sante"", 'Varus')",0,1,1
"('Ahri', 'Elise', 'Irelia', 'Kalista', ""Rek'Sai"")",1,0,1
"('Ashe', 'Riven', 'Rumble', 'Sejuani', 'Soraka')",0,1,1
"('Ashe', 'Hwei', 'Kayle', 'Seraphine', 'Talon')",1,0,1
"('Alistar', 'Corki', ""K'Sante"", 'Lillia', 'Lucian')",1,0,1
"('Darius', 'Diana', ""Kai'Sa"", 'Leona', 'Lillia')",1,0,1
"('Aurelion Sol', 'Gnar', ""Kai'Sa"", 'Kindred', 'Rakan')",1,0,1
"('Gragas', 'Nidalee', 'Senna', 'Tryndamere', 'Varus')",1,0,1
"('Camille', 'Galio', 'Hecarim', 'Rumble', 'Tristana')",0,1,1
"('Aatrox', 'Ashe', 'Kindred', 'Rakan', 'Taliyah')",1,0,1
"('Cassiopeia', 'Nautilus', 'Renekton', 'Vex', 'Viego')",0,1,1
"('Ashe', 'Poppy', 'Sion', 'Soraka', 'Twisted Fate')",0,1,1
"('Brand', 'Braum', 'Darius', 'Draven', 'Tristana')",0,1,1
"('Azir', 'Camille', 'Kindred', 'Nautilus', 'Senna')",0,1,1
"('Aurelion Sol', 'Caitlyn', 'Camille', 'Seraphine', 'Xin Zhao')",1,0,1
"('Aurelion Sol', 'Braum', 'Camille', 'Jinx', 'Xin Zhao')",1,0,1
"(""K'Sante"", 'Lissandra', 'Lucian', 'Nami', 'Taliyah')",0,1,1
"('Janna', 'Kayn', 'Syndra', 'Zac', 'Zeri')",1,0,1
"('Aurelion Sol', 'Jhin', 'Karthus', 'Nocturne', 'Rakan')",1,0,1
"('Camille', 'Elise', ""Kai'Sa"", 'Maokai', 'Tristana')",1,0,1
"('Aurelion Sol', 'Gragas', 'Nautilus', 'Smolder', 'Xin Zhao')",0,1,1
"('Aurelion Sol', 'Corki', 'Jarvan IV', ""Kha'Zix"", 'Maokai')",1,0,1
"('Fiddlesticks', 'Lucian', 'Rell', 'Renekton', 'Udyr')",1,0,1
"('Caitlyn', 'LeBlanc', 'Morgana', 'Renekton', 'Rengar')",0,1,1
"('Akshan', 'Blitzcrank', ""Kai'Sa"", 'Lee Sin', 'Rumble')",0,1,1
"('Fiora', ""Kai'Sa"", 'Nidalee', 'Rakan', 'Sion')",1,0,1
"('Blitzcrank', 'Draven', 'Kennen', 'Kindred', ""Vel'Koz"")",1,0,1
"('Braum', 'Gragas', 'Talon', 'Tryndamere', 'Varus')",1,0,1
"('Galio', 'Kennen', 'Kindred', 'Pyke', 'Varus')",1,0,1
"('Alistar', 'Azir', 'Kalista', 'Skarner', 'Viego')",1,0,1
"('Corki', 'Fiora', 'Gragas', ""Kha'Zix"", 'Zac')",0,1,1
"('Ashe', 'Jax', 'Master Yi', 'Nautilus', 'Rumble')",0,1,1
"('Ashe', 'Braum', 'Kennen', 'Rengar', 'Taliyah')",1,0,1
"('Braum', 'Jinx', 'Kennen', 'Pantheon', 'Tryndamere')",1,0,1
"('Jinx', ""K'Sante"", 'Nidalee', 'Seraphine', 'Zed')",0,1,1
"('Corki', ""K'Sante"", 'Katarina', 'Kayn', 'Nautilus')",1,0,1
"('Jhin', 'Maokai', ""Rek'Sai"", 'Rumble', 'Twisted Fate')",1,0,1
"('Alistar', 'Camille', 'Hwei', 'Jax', 'Jinx')",1,0,1
"('Rell', 'Samira', 'Taliyah', 'Tristana', 'Urgot')",0,1,1
"('Azir', 'Jhin', 'Lee Sin', 'Poppy', 'Thresh')",1,0,1
"('Aurelion Sol', 'Corki', 'Pantheon', 'Viego', 'Zyra')",0,1,1
"('Akshan', ""Kai'Sa"", 'Nasus', 'Nidalee', 'Pyke')",1,0,1
"('Camille', 'Elise', ""Kai'Sa"", 'Nautilus', 'Yone')",1,0,1
"('Corki', 'Hwei', 'Nautilus', 'Quinn', 'Viego')",0,1,1
"('Blitzcrank', ""Kai'Sa"", 'Nidalee', 'Vex', 'Volibear')",0,1,1
"('Corki', 'Master Yi', 'Nidalee', 'Tryndamere', 'Yuumi')",0,1,1
"('Heimerdinger', 'Kennen', 'Neeko', 'Qiyana', 'Volibear')",1,0,1
"('Alistar', 'Jhin', 'Kennen', 'Lee Sin', 'Nunu & Willump')",0,1,1
"('Camille', 'Fiddlesticks', 'Kled', 'Rakan', 'Smolder')",0,1,1
"('Jinx', ""K'Sante"", 'Pantheon', 'Rakan', 'Taliyah')",0,1,1
"('Jinx', 'Kindred', 'LeBlanc', 'Naafiri', 'Seraphine')",1,0,1
"('Aurelion Sol', 'Caitlyn', 'Lulu', 'Naafiri', 'Viego')",1,0,1
"('Kalista', 'Nidalee', 'Seraphine', 'Skarner', 'Syndra')",1,0,1
"('Anivia', 'Braum', 'Caitlyn', 'Graves', 'Xin Zhao')",0,1,1
"('Corki', ""K'Sante"", 'Poppy', 'Taliyah', 'Viego')",1,0,1
"('Fiora', 'Kennen', 'Rell', 'Varus', 'Viego')",0,1,1
"('Ashe', 'Fiora', 'Hwei', 'Lee Sin', 'Lux')",0,1,1
"('Bard', 'Fiora', 'Jhin', 'Nidalee', 'Zoe')",0,1,1
"('Camille', 'Graves', 'Syndra', 'Zeri', 'Zyra')",1,0,1
"('Kennen', 'LeBlanc', 'Pyke', 'Varus', 'Viego')",0,1,1
"('Braum', 'Fiddlesticks', 'Fiora', 'Tristana', 'Varus')",1,0,1
"('Jhin', 'Kindred', 'Neeko', 'Quinn', 'Taliyah')",1,0,1
"('Ahri', 'Braum', 'Skarner', 'Swain', 'Viego')",0,1,1
"('Diana', ""Kai'Sa"", 'Taric', 'Urgot', 'Yasuo')",0,1,1
"('Corki', 'Hwei', 'Jayce', 'Kindred', 'Nautilus')",0,1,1
"('Corki', 'Jax', 'Kindred', 'Nami', 'Orianna')",1,0,1
"('Jax', 'Lee Sin', 'Pantheon', 'Varus', 'Xerath')",0,1,1
"('Blitzcrank', 'Jinx', 'Malphite', 'Viego', 'Viktor')",1,0,1
"('Ashe', 'Nautilus', 'Nidalee', 'Pantheon', 'Twisted Fate')",1,0,1
"('Rakan', 'Skarner', 'Varus', 'Viego', 'Viktor')",1,0,1
"('Jinx', 'Lillia', 'Poppy', 'Soraka', 'Twisted Fate')",0,1,1
"('Ahri', 'Akali', 'Alistar', 'Tristana', 'Viego')",0,1,1
"('Cassiopeia', 'LeBlanc', 'Lee Sin', 'Rell', 'Varus')",1,0,1
"('Camille', 'Graves', 'Jax', 'Jinx', 'Katarina')",1,0,1
"('Bard', 'Corki', 'Graves', 'Taliyah', 'Volibear')",0,1,1
"('Ashe', 'Elise', 'Hwei', 'Jax', 'Varus')",0,1,1
"('Aatrox', 'Bard', 'Jax', 'Lee Sin', 'Ziggs')",1,0,1
"('Alistar', 'Ashe', 'Jayce', 'Viego', 'Vladimir')",0,1,1
"('Caitlyn', 'Elise', 'Heimerdinger', 'Irelia', 'Yasuo')",1,0,1
"('Ashe', 'Rell', 'Renekton', 'Viego', 'Zoe')",0,1,1
"('Nidalee', 'Pyke', 'Sylas', 'Tahm Kench', 'Varus')",1,0,1
"('Aurelion Sol', 'Rengar', 'Volibear', 'Yuumi', 'Zeri')",0,1,1
"('Aurelion Sol', 'Corki', 'Irelia', 'Lee Sin', 'Rakan')",0,1,1
"('Corki', 'Karma', 'Rumble', 'Twisted Fate', 'Warwick')",1,0,1
"('Aurelion Sol', 'Graves', 'Irelia', 'Jinx', 'Nautilus')",0,1,1
"('Corki', 'Jax', 'Taliyah', 'Twisted Fate', 'Varus')",1,0,1
"('Aurelion Sol', 'Jax', 'Kalista', 'Lee Sin', 'Thresh')",1,0,1
"(""Kai'Sa"", 'Rakan', 'Renekton', 'Twisted Fate', 'Viego')",1,0,1
"('Jayce', 'Neeko', 'Nidalee', 'Varus', 'Yasuo')",0,1,1
"('Jayce', 'LeBlanc', 'Lucian', 'Seraphine', 'Shyvana')",1,0,1
"('Ezreal', 'Hwei', 'Sona', 'Twisted Fate', 'Viego')",1,0,1
"('Braum', 'Hwei', ""K'Sante"", 'Varus', 'Viego')",1,0,1
"('Ahri', 'Jinx', 'Nautilus', 'Twisted Fate', 'Viego')",1,0,1
"('Aatrox', 'Ashe', 'Azir', 'Milio', 'Viego')",0,1,1
"('Braum', 'Jinx', 'LeBlanc', 'Poppy', 'Viego')",1,0,1
"('Ashe', 'Braum', 'Hwei', ""Rek'Sai"", 'Renekton')",0,1,1
"('Azir', 'Caitlyn', 'Graves', 'Gwen', 'Rumble')",0,1,1
"('Blitzcrank', 'Jax', 'LeBlanc', ""Rek'Sai"", 'Varus')",1,0,1
"('Cassiopeia', 'Lulu', 'Orianna', ""Rek'Sai"", 'Tristana')",1,0,1
"('Caitlyn', 'Gwen', 'Lux', 'Master Yi', 'Yasuo')",0,1,1
"('Aurelion Sol', 'Leona', 'Nilah', 'Vayne', 'Viego')",0,1,1
"('Corki', ""K'Sante"", 'Skarner', 'Taliyah', 'Twisted Fate')",0,1,1
"('Corki', 'Kennen', 'Nautilus', 'Shaco', 'Tristana')",1,0,1
"('Blitzcrank', 'Jinx', 'Kennen', 'Rengar', 'Zed')",0,1,1
"('Corki', 'Leona', 'Nidalee', 'Renekton', 'Yone')",1,0,1
"('Jinx', 'Master Yi', 'Nautilus', 'Poppy', 'Tristana')",1,0,1
"('Hwei', 'Irelia', 'Nautilus', 'Nidalee', 'Varus')",0,1,1
"('Ashe', 'Braum', 'Fiddlesticks', 'Tristana', 'Twisted Fate')",1,0,1
"('Kalista', 'Neeko', 'Poppy', 'Sett', 'Sylas')",1,0,1
"('Camille', 'Galio', 'Olaf', 'Rakan', 'Varus')",0,1,1
"('Akali', 'Jinx', 'Kindred', 'Nautilus', 'Rumble')",1,0,1
"('Aurelion Sol', 'Corki', 'Irelia', 'Rakan', 'Vi')",1,0,1
"('Dr. Mundo', 'Draven', 'Galio', 'Neeko', 'Nidalee')",0,1,1
"('Aatrox', 'Jinx', 'Nidalee', 'Thresh', 'Tristana')",1,0,1
"(""Bel'Veth"", 'Corki', 'Hwei', 'Lux', 'Volibear')",0,1,1
"('Aphelios', 'Skarner', 'Taliyah', 'Thresh', 'Zed')",1,0,1
"('Ashe', 'Katarina', 'Lee Sin', 'Lucian', 'Varus')",0,1,1
"('Anivia', 'Katarina', 'Rakan', 'Shaco', 'Xayah')",1,0,1
"('Blitzcrank', ""Kai'Sa"", 'Lee Sin', 'Lissandra', 'Rumble')",1,0,1
"('Blitzcrank', 'Cassiopeia', 'Gragas', 'Graves', 'Varus')",0,1,1
"('Camille', 'Corki', 'Lillia', 'Rakan', 'Zeri')",0,1,1
"('Nautilus', 'Nidalee', 'Samira', 'Skarner', 'Talon')",0,1,1
"('Aurelion Sol', 'Gwen', 'Jhin', 'Lee Sin', 'Leona')",0,1,1
"('Camille', 'Corki', 'Leona', 'Nidalee', 'Talon')",0,1,1
"('Akali', 'Fiora', 'Ivern', 'Lucian', 'Nautilus')",0,1,1
"('Draven', 'Lillia', 'Nautilus', 'Tryndamere', 'Vayne')",0,1,1
"('Bard', 'Hwei', 'Kalista', 'Shyvana', 'Skarner')",0,1,1
"('Aphelios', 'Blitzcrank', 'Rumble', 'Viego', 'Yasuo')",0,1,1
"(""Kai'Sa"", 'Mordekaiser', ""Rek'Sai"", 'Skarner', 'Syndra')",1,0,1
"('Aatrox', 'Gwen', 'Jhin', 'Thresh', 'Yasuo')",1,0,1
"('Brand', 'Corki', 'Jax', 'Thresh', 'Yasuo')",0,1,1
"('Aatrox', 'Braum', 'Corki', 'Orianna', 'Taliyah')",0,1,1
"('Corki', 'Fiddlesticks', 'Nasus', 'Nautilus', 'Tristana')",1,0,1
"('Anivia', 'Blitzcrank', 'Corki', ""Rek'Sai"", 'Tryndamere')",0,1,1
"('Jinx', 'Lillia', 'Skarner', 'Taric', 'Viktor')",0,1,1
"('Jhin', 'Nautilus', 'Nidalee', 'Orianna', 'Sett')",0,1,1
"('Ezreal', 'Gwen', 'Nautilus', 'Viego', 'Yasuo')",0,1,1
"('Aurelion Sol', 'Olaf', 'Poppy', 'Renata Glasc', 'Varus')",1,0,1
"('Elise', 'Gnar', 'Kalista', 'Orianna', 'Rakan')",1,0,1
"('Aatrox', 'Jinx', 'Taliyah', 'Thresh', 'Viego')",1,0,1
"('Pyke', 'Renekton', 'Varus', 'Wukong', 'Zoe')",1,0,1
"('Anivia', 'Jhin', 'Karthus', 'Poppy', 'Renekton')",0,1,1
"('Cassiopeia', 'Jinx', 'Olaf', 'Thresh', 'Xin Zhao')",1,0,1
"('Akali', 'Ashe', 'Braum', 'Kindred', 'Teemo')",0,1,1
"('Ashe', 'Fiora', 'Hwei', 'Kalista', 'Viego')",0,1,1
"('Aurelion Sol', 'Draven', 'Jarvan IV', 'Nautilus', 'Skarner')",0,1,1
"('Gnar', 'Jinx', 'Lillia', 'Orianna', 'Thresh')",1,0,1
"('Camille', 'Karthus', 'Nautilus', 'Samira', 'Sion')",1,0,1
"('Braum', 'Corki', 'Fiddlesticks', 'Fiora', 'Jinx')",1,0,1
"('Aurelion Sol', 'Gragas', 'Sivir', 'Skarner', 'Viego')",1,0,1
"('Jinx', 'Kennen', 'Rell', 'Shaco', 'Taliyah')",1,0,1
"('Jinx', 'LeBlanc', 'Neeko', 'Rumble', 'Vi')",1,0,1
"('Jhin', 'Nidalee', 'Thresh', 'Tryndamere', 'Zoe')",1,0,1
"('Anivia', 'Ashe', 'Graves', 'Kennen', 'Nautilus')",1,0,1
"('Graves', 'Jinx', 'Lulu', 'Veigar', 'Volibear')",1,0,1
"('Camille', 'Corki', 'Hwei', 'Kindred', 'Nautilus')",0,1,1
"('Bard', 'Fiora', 'Nidalee', 'Orianna', 'Zeri')",0,1,1
"('Ahri', ""Rek'Sai"", 'Seraphine', 'Twisted Fate', 'Zeri')",0,1,1
"('Ashe', 'Ezreal', ""K'Sante"", 'Karthus', 'Rumble')",0,1,1
"('Aphelios', 'Corki', 'Fiora', 'Gragas', 'Jax')",0,1,1
"('Akshan', 'Elise', 'Fiora', 'Hwei', 'Lucian')",0,1,1
"('Nautilus', 'Orianna', ""Rek'Sai"", 'Ryze', 'Xayah')",0,1,1
"('Aphelios', 'Fiddlesticks', 'Fiora', 'Rakan', 'Xerath')",1,0,1
"('Braum', 'Lee Sin', 'Lucian', 'Nunu & Willump', 'Sylas')",1,0,1
"('Braum', 'Fiora', 'Lucian', 'Orianna', 'Viego')",1,0,1
"('Jhin', 'Leona', 'Master Yi', 'Taliyah', 'Tristana')",1,0,1
"('Ashe', 'Jax', 'Nidalee', 'Seraphine', 'Talon')",1,0,1
"('Aphelios', 'Karthus', 'Nautilus', 'Tryndamere', 'Yone')",0,1,1
"(""Kai'Sa"", 'Nautilus', 'Skarner', 'Viego', 'Xerath')",1,0,1
"('Irelia', ""Kai'Sa"", ""Kha'Zix"", 'Nautilus', 'Rumble')",0,1,1
"('Akshan', 'Jinx', 'Ornn', 'Rammus', 'Thresh')",1,0,1
"('Camille', 'Corki', ""Kai'Sa"", 'Rell', 'Taliyah')",1,0,1
"('Camille', 'Galio', 'Graves', 'Rell', 'Seraphine')",1,0,1
"('Ahri', ""K'Sante"", ""Kai'Sa"", 'Kindred', 'Poppy')",1,0,1
"('Corki', 'Miss Fortune', 'Nidalee', 'Rell', 'Rumble')",1,0,1
"('Blitzcrank', 'Caitlyn', 'Camille', 'Corki', ""Kha'Zix"")",0,1,1
"('Aatrox', 'Akali', 'Graves', 'Poppy', 'Zeri')",0,1,1
"('Ezreal', 'Fiora', 'Hwei', 'Jarvan IV', 'Zoe')",1,0,1
"('Akshan', 'Ashe', 'Braum', 'Nidalee', 'Renekton')",1,0,1
"('Gragas', 'Kalista', 'Rell', 'Twisted Fate', 'Viego')",1,0,1
"('Kennen', 'Rell', 'Rumble', 'Samira', 'Wukong')",1,0,1
"('Aurelion Sol', 'Heimerdinger', 'Jinx', 'Nautilus', 'Nunu & Willump')",1,0,1
"('Ashe', 'Lillia', 'Rumble', 'Tristana', 'Yasuo')",0,1,1
"('Ahri', 'Aphelios', 'Braum', 'Camille', 'Graves')",1,0,1
"('Jax', 'Jayce', 'Jinx', 'Nautilus', 'Taliyah')",0,1,1
"('Jinx', 'Orianna', 'Ornn', 'Taric', 'Vi')",1,0,1
"('Orianna', 'Rakan', 'Tristana', 'Viego', 'Zac')",1,0,1
"('Aurelion Sol', 'Jinx', 'Nautilus', 'Twisted Fate', 'Viego')",0,1,1
"('Ashe', 'Blitzcrank', 'Gragas', 'Nidalee', 'Tristana')",1,0,1
"('Azir', 'Jax', 'Karthus', 'Rell', 'Varus')",0,1,1
"('Alistar', 'Ezreal', 'Gragas', 'Jayce', 'Yasuo')",0,1,1
"('Ashe', ""K'Sante"", 'Nautilus', 'Nidalee', 'Twisted Fate')",1,0,1
"('Draven', 'Nidalee', 'Shen', 'Sylas', 'Twisted Fate')",0,1,1
"('Corki', 'Jayce', 'Poppy', 'Pyke', 'Syndra')",1,0,1
"('Cassiopeia', 'Hwei', 'Jarvan IV', 'Kalista', 'Rell')",0,1,1
"('Lee Sin', 'Rakan', 'Sett', 'Twisted Fate', 'Xayah')",0,1,1
"('Ahri', 'Garen', 'Kalista', 'Rell', 'Viego')",1,0,1
"('Akshan', 'Ashe', 'Braum', 'Gnar', 'Nidalee')",0,1,1
"('Nidalee', 'Renekton', 'Sivir', 'Taric', 'Xerath')",1,0,1
"('Corki', 'Jayce', 'Lillia', 'Nautilus', 'Twisted Fate')",0,1,1
"('Aatrox', 'Hwei', 'Jhin', 'Rakan', 'Viego')",0,1,1
"('Ashe', 'Brand', 'Jayce', 'Nidalee', 'Renekton')",0,1,1
"('Corki', 'Gwen', 'Lulu', 'Sett', 'Viego')",0,1,1
"('Lee Sin', 'Mordekaiser', 'Taliyah', 'Xayah', 'Zyra')",0,1,1
"('Blitzcrank', 'Lee Sin', 'Samira', 'Twisted Fate', 'Vex')",1,0,1
"('Galio', 'Olaf', 'Rell', 'Rumble', 'Samira')",0,1,1
"('Aurelion Sol', 'Garen', 'Nidalee', 'Rell', 'Samira')",1,0,1
"('Aatrox', 'Ahri', 'Rell', 'Samira', 'Viego')",1,0,1
"(""K'Sante"", 'Taliyah', 'Tryndamere', 'Yuumi', 'Zeri')",0,1,1
"('Corki', 'Nidalee', 'Rell', 'Renekton', 'Samira')",1,0,1
"('Aatrox', 'Karthus', 'Rell', 'Renekton', 'Samira')",0,1,1
"('Akali', 'Ashe', 'Irelia', 'Rell', 'Xin Zhao')",1,0,1
"('Darius', 'Elise', 'Jinx', 'Rell', 'Zed')",1,0,1
"(""K'Sante"", 'Nautilus', 'Taliyah', 'Varus', 'Xin Zhao')",1,0,1
"('Jax', 'Lillia', 'Lucian', 'Nami', 'Zed')",1,0,1
"('Draven', 'Hwei', 'Jarvan IV', 'Jayce', 'Rell')",1,0,1
"('Ashe', 'Hwei', 'Jinx', 'Kindred', 'Renekton')",0,1,1
"('Corki', 'Jayce', 'Poppy', 'Rakan', 'Yone')",1,0,1
"('Braum', 'Corki', 'Gragas', ""Rek'Sai"", 'Twisted Fate')",1,0,1
"('Aurelion Sol', 'Caitlyn', 'Irelia', 'Nautilus', 'Viego')",0,1,1
"('Jhin', 'Nautilus', 'Rumble', 'Taliyah', 'Twisted Fate')",1,0,1
"('Aurelion Sol', ""Kai'Sa"", 'Rell', 'Rumble', 'Viego')",0,1,1
"('Jayce', ""Kai'Sa"", 'Twisted Fate', 'Viego', 'Yuumi')",0,1,1
"('Bard', 'Brand', 'Ezreal', 'Malphite', 'Tristana')",1,0,1
"(""Kai'Sa"", 'Rell', 'Rumble', 'Twisted Fate', 'Viego')",1,0,1
"('Graves', 'Nautilus', 'Senna', 'Taliyah', 'Twisted Fate')",0,1,1
"('Ashe', 'Nautilus', 'Nidalee', 'Qiyana', 'Ryze')",0,1,1
"('Ashe', 'Gragas', 'Rell', 'Taliyah', 'Viego')",0,1,1
"('Gragas', 'Kalista', 'Lee Sin', 'Leona', 'Lissandra')",0,1,1
"('Aatrox', 'Karthus', 'Rakan', 'Xayah', 'Zoe')",0,1,1
"('Lee Sin', 'Lucian', 'Taliyah', 'Udyr', 'Yuumi')",0,1,1
"('Ahri', 'Ashe', 'Udyr', 'Xin Zhao', 'Ziggs')",1,0,1
"(""Bel'Veth"", 'Fiora', 'Malzahar', 'Nautilus', 'Samira')",0,1,1
"('Aatrox', ""Kai'Sa"", 'Lillia', 'Nautilus', 'Talon')",1,0,1
"('Gwen', 'Hwei', 'Kindred', 'Lucian', 'Rell')",1,0,1
"('Ahri', ""Kai'Sa"", 'Lee Sin', 'Rakan', 'Taliyah')",1,0,1
"('Alistar', 'Corki', 'Gwen', 'Kindred', 'Orianna')",1,0,1
"('Ashe', 'Lulu', 'Rumble', 'Viego', 'Zac')",1,0,1
"('Draven', 'Gragas', 'Hwei', ""Kha'Zix"", 'Maokai')",1,0,1
"('Olaf', 'Rell', 'Rengar', 'Taliyah', 'Varus')",1,0,1
"('Draven', 'Evelynn', 'Pyke', 'Xerath', 'Yone')",0,1,1
"('Camille', 'Evelynn', 'Jinx', 'Rakan', 'Zoe')",1,0,1
"('Jayce', 'Kalista', 'Orianna', 'Taric', 'Zac')",0,1,1
"('Aatrox', ""Kai'Sa"", 'LeBlanc', 'Lee Sin', 'Rell')",1,0,1
"('Alistar', 'Camille', 'Fiddlesticks', 'Qiyana', 'Zeri')",1,0,1
"('Gragas', 'Jhin', 'Lillia', 'Soraka', 'Talon')",0,1,1
"('Graves', 'Kalista', 'Leona', 'Tryndamere', 'Twisted Fate')",1,0,1
"('Ezreal', 'Hecarim', 'Karma', 'Shen', 'Taliyah')",0,1,1
"('Hwei', 'Pyke', 'Teemo', 'Varus', 'Viego')",1,0,1
"('Ahri', 'Camille', 'Tahm Kench', 'Varus', 'Viego')",0,1,1
"('Aatrox', 'Aphelios', 'Fiddlesticks', 'Pantheon', 'Pyke')",0,1,1
"('Aatrox', 'LeBlanc', 'Rell', 'Udyr', 'Zeri')",0,1,1
"('Jinx', 'Orianna', 'Rakan', 'Tryndamere', 'Viego')",0,1,1
"('Akali', 'Lee Sin', 'Shaco', 'Smolder', 'Tristana')",0,1,1
"(""Kai'Sa"", 'Poppy', 'Rell', 'Rengar', 'Zoe')",1,0,1
"('Corki', 'Pantheon', 'Rakan', 'Shaco', 'Viktor')",1,0,1
"('Heimerdinger', 'Jinx', 'Karthus', 'Rell', 'Yasuo')",1,0,1
"('LeBlanc', ""Rek'Sai"", 'Viego', 'Zeri', 'Zyra')",1,0,1
"('Akali', 'Maokai', 'Nidalee', 'Renekton', 'Samira')",0,1,1
"('Ashe', 'Ezreal', 'Hwei', ""Kha'Zix"", 'Ryze')",0,1,1
"('Darius', ""Kai'Sa"", 'Nautilus', 'Taliyah', 'Tristana')",0,1,1
"('Azir', 'Corki', 'Jax', 'Mordekaiser', 'Nautilus')",1,0,1
"('Corki', 'Quinn', 'Rell', 'Samira', 'Taliyah')",0,1,1
"('Ashe', 'Jayce', 'Nautilus', 'Rumble', 'Taliyah')",1,0,1
"('Hecarim', ""Kai'Sa"", 'Shaco', 'Taliyah', 'Vladimir')",1,0,1
"('Blitzcrank', ""Kai'Sa"", 'Mordekaiser', ""Rek'Sai"", 'Twisted Fate')",1,0,1
"('Ashe', 'Pyke', ""Rek'Sai"", 'Rengar', 'Zoe')",1,0,1
"('Hwei', 'Lee Sin', 'Nautilus', 'Twisted Fate', 'Varus')",1,0,1
"('Gangplank', 'Kindred', 'LeBlanc', 'Taric', 'Zeri')",1,0,1
"('Draven', 'Jax', 'Leona', 'Skarner', 'Viktor')",0,1,1
"('Elise', ""Kai'Sa"", 'Nautilus', 'Ryze', 'Tristana')",0,1,1
"('Nautilus', 'Nidalee', 'Rumble', 'Tristana', 'Xayah')",0,1,1
"('Blitzcrank', 'Ekko', 'Heimerdinger', 'Jinx', 'Xin Zhao')",1,0,1
"('Jax', ""Kai'Sa"", 'Pantheon', 'Taliyah', 'Tristana')",1,0,1
"('Ashe', 'Karthus', 'Kled', 'Rell', 'Twisted Fate')",1,0,1
"('Azir', 'Blitzcrank', 'Poppy', 'Skarner', 'Tristana')",0,1,1
"('Galio', 'Jax', ""Kha'Zix"", 'Viktor', 'Xayah')",1,0,1
"(""Bel'Veth"", 'Jayce', ""Kai'Sa"", 'Taliyah', 'Thresh')",1,0,1
"('Aurelion Sol', 'Jax', ""Kai'Sa"", 'Shen', 'Xin Zhao')",1,0,1
"('Hecarim', 'Jhin', 'LeBlanc', 'Zac', 'Zilean')",0,1,1
"('Blitzcrank', 'Fiora', 'Hwei', ""Kai'Sa"", 'Viego')",0,1,1
"('Gragas', ""Kai'Sa"", 'Lee Sin', 'Nautilus', 'Yone')",0,1,1
"('Ekko', 'Jayce', 'Varus', 'Volibear', 'Zyra')",1,0,1
"('Camille', 'Cassiopeia', 'Hwei', ""Kog'Maw"", 'Viego')",0,1,1
"('Ahri', 'Garen', 'Graves', 'Jinx', 'Nautilus')",0,1,1
"('Corki', 'Dr. Mundo', 'Galio', 'Lee Sin', 'Senna')",0,1,1
"('Jinx', ""Kha'Zix"", 'Rell', 'Skarner', 'Viktor')",1,0,1
"('Aurelion Sol', 'Jinx', 'Rengar', 'Thresh', 'Viego')",0,1,1
"('Gragas', ""Kai'Sa"", 'Rell', 'Skarner', 'Tristana')",0,1,1
"('Corki', 'Irelia', 'Morgana', 'Orianna', 'Xin Zhao')",1,0,1
"('Darius', 'Jinx', 'Nidalee', 'Thresh', 'Yone')",1,0,1
"('Akali', 'Jinx', 'Nautilus', 'Nidalee', 'Viego')",0,1,1
"('Aphelios', 'Gangplank', 'Ivern', 'LeBlanc', 'Nautilus')",0,1,1
"('Blitzcrank', 'Camille', 'Jinx', 'Sylas', 'Zac')",1,0,1
"('Corki', 'Gragas', 'Nautilus', 'Nidalee', 'Twisted Fate')",1,0,1
"('Vi', 'Volibear', 'Yasuo', 'Yuumi', 'Zeri')",0,1,1
"('Alistar', 'Darius', 'Jinx', 'Sylas', 'Viego')",0,1,1
"('Hecarim', 'Jhin', 'Rakan', 'Skarner', 'Viktor')",0,1,1
"(""Kai'Sa"", 'Nasus', 'Nautilus', 'Nocturne', 'Viego')",0,1,1
"('Corki', 'Nautilus', 'Taliyah', 'Viego', 'Warwick')",1,0,1
"('Karma', 'Lee Sin', 'Tahm Kench', 'Varus', 'Viktor')",0,1,1
"('Bard', 'Caitlyn', 'Katarina', 'Lee Sin', 'Sion')",1,0,1
"('Cassiopeia', 'Hwei', 'Nautilus', 'Riven', 'Xin Zhao')",1,0,1
"('Ashe', 'Braum', 'Nidalee', 'Renekton', 'Zed')",0,1,1
"('Graves', 'Hwei', 'Lee Sin', 'Seraphine', 'Varus')",1,0,1
"(""Bel'Veth"", 'Blitzcrank', 'Caitlyn', 'Hwei', 'Skarner')",1,0,1
"('Fiddlesticks', ""Kai'Sa"", 'Kindred', 'Riven', 'Skarner')",0,1,1
"('Gragas', 'Jayce', 'Lillia', 'Rakan', 'Tristana')",1,0,1
"('Camille', 'Cassiopeia', 'Darius', ""Kai'Sa"", 'Viego')",1,0,1
"('Aatrox', 'Aphelios', 'Hwei', 'Seraphine', 'Xin Zhao')",1,0,1
"('Cassiopeia', 'Kalista', 'Seraphine', 'Skarner', 'Viego')",0,1,1
"('Ashe', 'Caitlyn', 'Cassiopeia', 'Nidalee', 'Renekton')",1,0,1
"('Alistar', 'Hwei', ""Kai'Sa"", 'Kindred', 'Udyr')",1,0,1
"('Ashe', 'Cassiopeia', 'Soraka', 'Viego', 'Vladimir')",0,1,1
"('Aphelios', 'Gwen', 'Kennen', 'Lulu', 'Tristana')",0,1,1
"('Ekko', 'Hwei', 'Rumble', 'Skarner', 'Smolder')",0,1,1
"('Jhin', 'Leona', 'Nasus', 'Orianna', 'Viego')",0,1,1
"('Draven', 'Graves', 'Hwei', 'Taric', 'Twisted Fate')",1,0,1
"('Ashe', 'Irelia', 'Rumble', 'Taric', 'Varus')",0,1,1
"('Hwei', 'Jayce', 'Lee Sin', 'Lucian', 'Pyke')",0,1,1
"('Aatrox', 'Alistar', 'Ashe', 'Hecarim', 'Hwei')",0,1,1
"('Blitzcrank', 'Cassiopeia', 'Fiora', 'Graves', 'Samira')",0,1,1
"('Camille', 'Draven', 'Hwei', 'Malphite', 'Xin Zhao')",1,0,1
"('Ashe', 'Camille', 'Dr. Mundo', 'Hwei', 'Lee Sin')",0,1,1
"('Alistar', 'Caitlyn', 'Cassiopeia', 'Gnar', ""Rek'Sai"")",1,0,1
"('Aatrox', 'Cassiopeia', 'Heimerdinger', 'Pantheon', 'Poppy')",1,0,1
"('Briar', 'Hwei', 'Skarner', 'Yuumi', 'Zeri')",0,1,1
"('Cassiopeia', 'Lee Sin', 'Leona', 'Lucian', 'Tryndamere')",0,1,1
"('Fiddlesticks', 'Irelia', 'Miss Fortune', 'Rell', 'Tristana')",0,1,1
"('Cassiopeia', 'Pantheon', 'Thresh', 'Twisted Fate', 'Varus')",0,1,1
"('Akali', 'Jax', 'Nautilus', 'Poppy', 'Twitch')",1,0,1
"('Blitzcrank', ""Kai'Sa"", 'Syndra', 'Taliyah', 'Tryndamere')",0,1,1
"('Cassiopeia', ""Kai'Sa"", 'Thresh', 'Twisted Fate', 'Viego')",0,1,1
"('Braum', 'Cassiopeia', 'Corki', 'Kled', ""Rek'Sai"")",1,0,1
"('Hwei', 'Jinx', ""K'Sante"", 'Lee Sin', 'Rakan')",0,1,1
"('Cassiopeia', 'Corki', 'Fiora', 'Graves', 'Nautilus')",1,0,1
"('Cassiopeia', 'Graves', 'Jinx', 'Mordekaiser', 'Rell')",1,0,1
"('Braum', 'Camille', 'Cassiopeia', 'Tristana', 'Vi')",0,1,1
"('Jarvan IV', 'Kalista', 'Nautilus', 'Orianna', 'Volibear')",0,1,1
"('Braum', 'Cassiopeia', 'Jayce', 'Lee Sin', 'Lucian')",0,1,1
"('Skarner', 'Taliyah', 'Yasuo', 'Yuumi', 'Zeri')",1,0,1
"('Jayce', 'Jinx', 'Nidalee', 'Thresh', 'Tristana')",1,0,1
"('Pantheon', 'Samira', 'Taliyah', 'Thresh', 'Xin Zhao')",0,1,1
"('Jhin', 'Katarina', 'Kled', 'Viego', 'Zilean')",1,0,1
"('Elise', 'Kalista', 'Renata Glasc', 'Skarner', 'Syndra')",1,0,1
"('Cassiopeia', 'Graves', 'Jinx', 'LeBlanc', 'Rell')",1,0,1
"('Ashe', 'Lillia', 'Shaco', 'Twisted Fate', 'Xin Zhao')",0,1,1
"('Elise', 'Irelia', 'Lulu', 'Pantheon', 'Vayne')",0,1,1
"('Camille', 'Elise', 'Hwei', 'Jinx', 'Shaco')",1,0,1
"('Braum', 'Cassiopeia', ""Kai'Sa"", ""Rek'Sai"", 'Yone')",0,1,1
"('Cassiopeia', ""Kai'Sa"", 'Nautilus', 'Viego', 'Zed')",1,0,1
"('Braum', 'Cassiopeia', 'Graves', 'Kassadin', 'Zeri')",0,1,1
"('Azir', 'Bard', 'Jax', 'Jhin', 'Ornn')",0,1,1
"('Cassiopeia', 'Jinx', 'Lee Sin', 'Pyke', 'Tristana')",1,0,1
"('Cassiopeia', 'Lee Sin', 'Lissandra', 'Sett', 'Tristana')",0,1,1
"('Cassiopeia', 'Leona', 'Taliyah', 'Yasuo', 'Zeri')",0,1,1
"('Alistar', 'Ashe', 'Brand', 'Cassiopeia', 'Kindred')",1,0,1
"('Kennen', 'Rell', 'Tristana', 'Zac', 'Zeri')",1,0,1
"('Alistar', ""Kai'Sa"", 'Rumble', 'Talon', 'Viego')",1,0,1
"('Aatrox', 'Irelia', ""Kai'Sa"", 'Rakan', 'Shaco')",1,0,1
"('Darius', 'Elise', 'Jinx', 'Maokai', 'Qiyana')",1,0,1
"('Alistar', 'Cassiopeia', 'Jinx', 'Lillia', 'Yasuo')",1,0,1
"('Corki', 'Irelia', 'Rell', 'Varus', 'Xin Zhao')",0,1,1
"('Corki', 'Malphite', 'Taliyah', 'Thresh', 'Xin Zhao')",1,0,1
"('Cassiopeia', 'Irelia', 'Lillia', 'Rell', 'Tristana')",1,0,1
"('Olaf', 'Tahm Kench', 'Taliyah', 'Viego', 'Zeri')",0,1,1
"('Cassiopeia', 'Fiora', 'Jax', 'Skarner', 'Xin Zhao')",0,1,1
"('Cassiopeia', 'Diana', 'Nautilus', 'Senna', 'Yasuo')",1,0,1
"('Ashe', 'Cassiopeia', 'Diana', 'Seraphine', 'Yasuo')",1,0,1
"('Akali', 'Corki', 'Kennen', 'Nautilus', 'Xin Zhao')",1,0,1
"('Jinx', 'Shen', 'Taliyah', 'Thresh', 'Xin Zhao')",1,0,1
"('Akali', 'Jinx', ""K'Sante"", 'Thresh', 'Xin Zhao')",1,0,1
"('Aatrox', 'Camille', ""Kai'Sa"", 'Lillia', 'Yone')",1,0,1
"('Aatrox', ""Kai'Sa"", 'Taric', 'Vex', 'Xin Zhao')",0,1,1
"('Jhin', 'Lee Sin', 'Nasus', 'Nautilus', 'Syndra')",0,1,1
"('Hwei', 'Nautilus', 'Samira', 'Talon', 'Tryndamere')",1,0,1
"('Ashe', 'Cassiopeia', 'Pyke', 'Viego', 'Zoe')",0,1,1
"('Rell', 'Rumble', 'Twisted Fate', 'Twitch', 'Xin Zhao')",1,0,1
"('Elise', 'Pantheon', 'Smolder', 'Thresh', 'Warwick')",0,1,1
"('Cassiopeia', 'Graves', 'Skarner', 'Thresh', 'Vayne')",1,0,1
"('Akali', ""Bel'Veth"", 'Corki', 'Sejuani', 'Shaco')",0,1,1
"('Corki', 'Rakan', 'Taliyah', 'Tryndamere', 'Vladimir')",1,0,1
"('Caitlyn', 'Hwei', 'Lee Sin', 'Rell', 'Renekton')",1,0,1
"('Fizz', ""Kai'Sa"", 'Lee Sin', 'Rakan', 'Renekton')",0,1,1
"(""K'Sante"", 'Maokai', 'Nidalee', 'Yone', 'Zeri')",1,0,1
"('Ashe', 'Galio', 'Rumble', 'Viego', 'Yuumi')",0,1,1
"('Ashe', 'Blitzcrank', 'Graves', 'Katarina', 'Rumble')",0,1,1
"('Alistar', 'Jhin', 'Orianna', 'Shaco', 'Xin Zhao')",1,0,1
"('Ashe', 'Azir', 'Janna', 'Skarner', 'Viego')",1,0,1
"('Draven', 'Pyke', 'Qiyana', 'Rumble', 'Skarner')",1,0,1
"('LeBlanc', 'Lucian', 'Seraphine', 'Skarner', 'Xin Zhao')",0,1,1
"('Aatrox', 'Blitzcrank', 'Kindred', 'LeBlanc', 'Vayne')",0,1,1
"('Cassiopeia', 'Ezreal', 'Kled', 'Lee Sin', 'Neeko')",0,1,1
"('Camille', 'Galio', 'Jinx', 'Mordekaiser', 'Nautilus')",0,1,1
"('Irelia', 'Nidalee', 'Renekton', 'Senna', 'Swain')",1,0,1
"('Aphelios', 'Jayce', 'Rell', 'Renekton', 'Taliyah')",1,0,1
"('Akshan', 'Ashe', 'Bard', ""Kha'Zix"", 'Rumble')",0,1,1
"('Ashe', 'Gnar', 'Orianna', 'Sett', 'Zac')",0,1,1
"('Braum', 'Camille', 'Hecarim', 'Hwei', 'Kalista')",0,1,1
"('Lee Sin', 'Nasus', 'Poppy', 'Sivir', 'Twisted Fate')",1,0,1
"('Lillia', 'Renekton', 'Senna', 'Seraphine', 'Tristana')",0,1,1
"('Corki', 'Kennen', 'Rakan', 'Viktor', 'Xin Zhao')",0,1,1
"('Jax', 'Seraphine', 'Skarner', 'Sylas', 'Zeri')",0,1,1
"('Heimerdinger', ""Kha'Zix"", 'Rell', 'Skarner', 'Tristana')",1,0,1
"('Corki', 'Gwen', 'Lee Sin', 'Seraphine', 'Sylas')",1,0,1
"('Blitzcrank', 'Caitlyn', 'Karthus', 'Kennen', 'Naafiri')",1,0,1
"('Braum', 'Jax', 'Jinx', 'Kindred', 'Zoe')",1,0,1
"('Graves', 'Heimerdinger', 'Rakan', 'Syndra', 'Zeri')",0,1,1
"('Aatrox', 'Galio', 'Heimerdinger', 'Kindred', 'Rakan')",1,0,1
"('Ashe', 'Braum', 'Lillia', 'Olaf', 'Twisted Fate')",1,0,1
"('Jhin', 'Malzahar', 'Tryndamere', 'Xin Zhao', 'Zyra')",1,0,1
"('Pantheon', 'Renekton', 'Shaco', 'Sylas', 'Zeri')",1,0,1
"('Akali', 'Draven', 'Jax', 'Renata Glasc', 'Vi')",0,1,1
"('Ashe', 'Azir', 'Graves', 'Jax', 'Nautilus')",1,0,1
"('Ahri', 'Leona', 'Renekton', 'Viego', 'Xayah')",1,0,1
"('Jhin', 'Karma', 'Lillia', 'Skarner', 'Tristana')",1,0,1
"('Akali', 'Camille', 'Corki', 'Jayce', 'Xin Zhao')",1,0,1
"('Kled', 'Lillia', 'Lucian', 'Nami', 'Tristana')",1,0,1
"('Gragas', 'Leona', ""Rek'Sai"", 'Zac', 'Zeri')",0,1,1
"('Ashe', 'Jax', ""Kha'Zix"", 'Nautilus', 'Twisted Fate')",1,0,1
"('Cassiopeia', ""Kai'Sa"", 'Nautilus', 'Taliyah', 'Viego')",0,1,1
"('Cassiopeia', 'Ezreal', 'Hwei', 'Karma', 'Kayn')",1,0,1
"('Cassiopeia', 'Jhin', 'Katarina', 'Senna', 'Viego')",1,0,1
"('Akali', 'Braum', ""K'Sante"", ""Rek'Sai"", 'Varus')",0,1,1
"('Akali', 'Ezreal', 'Jarvan IV', 'Kindred', 'Zoe')",0,1,1
"('Kayn', 'LeBlanc', 'Lulu', 'Yone', 'Zeri')",1,0,1
"('Elise', 'Gnar', 'Kalista', 'Nautilus', 'Tristana')",1,0,1
"('Corki', 'Elise', 'Rell', 'Skarner', 'Zeri')",1,0,1
"('Lee Sin', 'Lulu', 'Renekton', 'Tristana', 'Xerath')",0,1,1
"('Fiddlesticks', 'Jhin', 'Kayle', 'Neeko', 'Skarner')",1,0,1
"(""Kai'Sa"", 'Lillia', 'Maokai', 'Qiyana', 'Quinn')",1,0,1
"('Cassiopeia', 'Hwei', 'Lee Sin', 'Nautilus', 'Twitch')",0,1,1
"('Aatrox', ""Rek'Sai"", 'Seraphine', 'Sivir', 'Sylas')",0,1,1
"('Ashe', 'Elise', 'Karma', 'Skarner', 'Yone')",1,0,1
"('Alistar', 'Jayce', ""Kai'Sa"", 'Rumble', 'Xin Zhao')",0,1,1
"('Gwen', 'Karma', 'Xerath', 'Xin Zhao', 'Zeri')",1,0,1
"('Graves', 'Jinx', 'Lissandra', 'Lulu', 'Tryndamere')",0,1,1
"('Graves', 'Hwei', 'Rell', 'Seraphine', 'Xin Zhao')",0,1,1
"('Cassiopeia', 'Draven', 'Nidalee', 'Seraphine', 'Tristana')",0,1,1
"('Cassiopeia', 'LeBlanc', 'Lee Sin', 'Maokai', 'Zeri')",0,1,1
"('Camille', 'Elise', 'Leona', 'Tristana', 'Twitch')",1,0,1
"('Brand', ""Kai'Sa"", 'Pyke', 'Rumble', 'Tristana')",1,0,1
"('Cassiopeia', 'Galio', 'Graves', ""Kai'Sa"", 'Rell')",1,0,1
"('Akali', 'Graves', 'Jax', 'Lucian', 'Rell')",1,0,1
"('Jhin', 'Neeko', 'Nidalee', 'Tristana', 'Yone')",0,1,1
"('Annie', 'Corki', 'Nidalee', 'Renekton', 'Twisted Fate')",0,1,1
"('Lee Sin', 'Nautilus', 'Rumble', 'Twisted Fate', 'Varus')",1,0,1
"('Aphelios', ""K'Sante"", ""Rek'Sai"", 'Twisted Fate', 'Zyra')",0,1,1
"(""Kai'Sa"", 'Nautilus', 'Orianna', 'Renekton', 'Viego')",1,0,1
"('Ahri', 'Camille', 'Ezreal', 'Karma', 'Taliyah')",1,0,1
"('Cassiopeia', 'Jinx', 'Lillia', 'Rumble', 'Volibear')",0,1,1
"(""Kai'Sa"", 'Nasus', 'Shen', 'Thresh', 'Viego')",1,0,1
"('Nidalee', 'Renata Glasc', 'Skarner', 'Twisted Fate', 'Varus')",1,0,1
"('Aatrox', 'Lucian', 'Milio', 'Nidalee', 'Twisted Fate')",0,1,1
"('Aatrox', 'Anivia', 'Seraphine', 'Viego', 'Zyra')",1,0,1
"('Ashe', 'Blitzcrank', 'Corki', 'Kindred', 'Renekton')",1,0,1
"('Aatrox', 'Jinx', 'Rakan', 'Taliyah', 'Zed')",1,0,1
"('Aatrox', 'Jinx', 'Lulu', ""Rek'Sai"", 'Twisted Fate')",1,0,1
"('Aurelion Sol', 'Lucian', 'Milio', ""Rek'Sai"", 'Renekton')",1,0,1
"('Corki', 'Graves', ""K'Sante"", 'Leona', 'Orianna')",0,1,1
"('Cassiopeia', 'Fiora', 'Riven', 'Rumble', 'Varus')",0,1,1
"('Kennen', 'Milio', 'Tristana', 'Varus', 'Xin Zhao')",1,0,1
"('Elise', 'Jax', 'Jayce', 'Jhin', 'Zyra')",1,0,1
"('Ahri', 'Jinx', 'Kennen', 'Thresh', 'Xin Zhao')",0,1,1
"('Cassiopeia', 'Fiddlesticks', ""Kai'Sa"", 'Renata Glasc', 'Tristana')",0,1,1
"('Blitzcrank', 'Cassiopeia', 'Jhin', 'Taliyah', 'Tristana')",1,0,1
"('Alistar', 'Kennen', 'Lee Sin', 'Rumble', 'Zeri')",1,0,1
"('Cassiopeia', 'Jax', ""Kai'Sa"", 'Katarina', 'Rell')",1,0,1
"('Cassiopeia', 'Ezreal', 'Nidalee', 'Taric', 'Tristana')",1,0,1
"(""Kai'Sa"", 'Poppy', 'Singed', 'Tahm Kench', 'Taliyah')",0,1,1
"('Katarina', 'Lucian', 'Nami', 'Xin Zhao', 'Zac')",0,1,1
"('Alistar', 'Cassiopeia', 'Nidalee', 'Tristana', 'Xayah')",0,1,1
"('Ahri', 'Cassiopeia', 'Lulu', 'Skarner', 'Zeri')",1,0,1
"('Alistar', 'Corki', 'Elise', 'Heimerdinger', 'Jhin')",0,1,1
"('Bard', 'Cassiopeia', ""Kai'Sa"", 'Orianna', ""Rek'Sai"")",1,0,1
"('Aphelios', 'Ashe', 'Elise', 'Hwei', 'Yone')",0,1,1
"('Elise', 'Lucian', 'Nautilus', 'Senna', 'Viego')",1,0,1
"('Gnar', 'Kalista', 'Rell', 'Rumble', 'Xin Zhao')",0,1,1
"('Ashe', 'Draven', 'Elise', 'Jayce', 'Nasus')",1,0,1
"('Jinx', 'Malphite', 'Neeko', 'Rakan', 'Xin Zhao')",1,0,1
"('Cassiopeia', 'Draven', 'Katarina', 'Nautilus', 'Viego')",0,1,1
"('Camille', 'Graves', 'Skarner', 'Syndra', 'Varus')",0,1,1
"('Cassiopeia', 'LeBlanc', 'Swain', 'Varus', 'Viego')",1,0,1
"('Cassiopeia', ""Kai'Sa"", 'Nidalee', 'Rell', 'Tristana')",1,0,1
"('Alistar', 'Cassiopeia', 'Jinx', ""Rek'Sai"", 'Sylas')",1,0,1
"('Cassiopeia', 'Lulu', 'Nunu & Willump', 'Qiyana', 'Zeri')",1,0,1
"('Fiora', ""Kai'Sa"", 'Nautilus', 'Syndra', 'Xin Zhao')",0,1,1
"('Elise', ""Kai'Sa"", 'Leona', 'Lucian', 'Viego')",1,0,1
"('Cassiopeia', 'Graves', ""Kai'Sa"", 'Pantheon', 'Pyke')",0,1,1
"('Gwen', 'Jinx', 'Thresh', 'Twisted Fate', 'Xin Zhao')",1,0,1
"('Aphelios', 'Cassiopeia', 'Karthus', 'Pantheon', 'Thresh')",0,1,1
"('Fiora', 'Neeko', 'Syndra', 'Viktor', 'Xin Zhao')",1,0,1
"('Alistar', 'Katarina', 'Kindred', 'Samira', 'Skarner')",0,1,1
"('Aurelion Sol', 'Cassiopeia', 'Janna', 'Kayn', 'Varus')",0,1,1
"('Cassiopeia', ""Cho'Gath"", 'Nami', 'Xin Zhao', 'Zeri')",0,1,1
"('Aurelion Sol', 'Cassiopeia', ""Kai'Sa"", 'Kindred', 'Nautilus')",1,0,1
"('Cassiopeia', 'Karthus', 'Pyke', 'Samira', 'Talon')",0,1,1
"('Cassiopeia', 'Jinx', 'Lee Sin', 'Morgana', 'Yone')",1,0,1
"('Katarina', 'Rakan', 'Skarner', 'Smolder', 'Xin Zhao')",0,1,1
"('Akali', 'Leona', 'Samira', 'Tryndamere', 'Xin Zhao')",0,1,1
"('Ashe', ""K'Sante"", 'Poppy', 'Twisted Fate', 'Viego')",0,1,1
"('Ahri', 'Braum', 'Corki', 'Heimerdinger', 'Nidalee')",1,0,1
"('Elise', 'Ezreal', 'Gragas', 'Lee Sin', 'Viego')",0,1,1
"('Galio', 'Graves', 'Gwen', ""Kai'Sa"", 'Leona')",1,0,1
"('Jinx', 'Malphite', 'Nautilus', 'Twisted Fate', 'Viego')",1,0,1
"('Caitlyn', 'Jarvan IV', ""K'Sante"", 'Zilean', 'Zoe')",1,0,1
"('Malphite', 'Nilah', 'Soraka', 'Taliyah', 'Tryndamere')",1,0,1
"('Ashe', 'Corki', 'Kennen', 'Seraphine', 'Viego')",1,0,1
"('Graves', 'Jax', 'Jhin', 'Lux', 'Taliyah')",1,0,1
"('Galio', ""Kai'Sa"", 'Rumble', 'Viego', 'Vladimir')",0,1,1
"('Blitzcrank', 'Jayce', 'Jinx', 'Katarina', 'Sylas')",1,0,1
"('Hwei', 'Jax', 'Rell', 'Samira', 'Viego')",0,1,1
"('Braum', 'Ezreal', 'Neeko', 'Twisted Fate', 'Viego')",0,1,1
"('Lucian', 'Milio', 'Sylas', 'Twisted Fate', 'Viego')",0,1,1
"('Ahri', 'Ashe', 'Camille', 'Lee Sin', 'Seraphine')",1,0,1
"('Akali', 'Darius', ""Kai'Sa"", 'Nautilus', 'Shaco')",1,0,1
"('Irelia', 'Neeko', 'Sylas', 'Varus', 'Yone')",0,1,1
"('Cassiopeia', 'Hwei', 'Qiyana', 'Rengar', 'Varus')",0,1,1
"('Jax', 'Jinx', 'Lee Sin', 'Seraphine', 'Taliyah')",0,1,1
"('Akshan', 'Braum', ""Kai'Sa"", 'Kindred', 'Taliyah')",1,0,1
"('Anivia', 'Camille', 'Jinx', 'Thresh', 'Viego')",1,0,1
"('Akali', 'Fiora', 'Lillia', 'Rell', 'Samira')",1,0,1
"('Ashe', 'Katarina', 'Kled', 'Taliyah', 'Thresh')",0,1,1
"(""Bel'Veth"", 'Tristana', 'Udyr', 'Zeri', 'Zyra')",0,1,1
"('Corki', 'Jayce', 'Kalista', 'Nidalee', 'Rell')",1,0,1
"('Camille', 'Graves', 'Rell', 'Zeri', 'Zoe')",0,1,1
"('Blitzcrank', 'Nidalee', 'Skarner', 'Zeri', 'Zoe')",1,0,1
"('Blitzcrank', 'Gragas', 'LeBlanc', 'Varus', 'Viego')",0,1,1
"('Ashe', 'Braum', 'LeBlanc', 'Twisted Fate', 'Udyr')",0,1,1
"('Rumble', 'Thresh', 'Tristana', 'Varus', 'Zac')",1,0,1
"('Ekko', 'Gnar', 'Lucian', 'Taric', 'Tristana')",1,0,1
"('Bard', 'Jinx', 'Taliyah', 'Tristana', 'Udyr')",1,0,1
"('Camille', 'Graves', 'Jax', 'LeBlanc', 'Miss Fortune')",1,0,1
"('Lucian', 'Nautilus', 'Twisted Fate', 'Viego', 'Zac')",1,0,1
"('Akali', 'Jinx', 'Malphite', 'Nami', 'Viego')",0,1,1
"('Camille', 'Corki', 'Graves', 'Kalista', 'Mordekaiser')",1,0,1
"('Camille', 'Kalista', 'Poppy', 'Pyke', 'Zoe')",0,1,1
"('Olaf', 'Poppy', 'Rengar', 'Taliyah', 'Varus')",1,0,1
"('Blitzcrank', 'Skarner', 'Taliyah', 'Viego', 'Xayah')",1,0,1
"('Alistar', 'Ezreal', 'Fiora', ""Kha'Zix"", 'Tristana')",0,1,1
"('Ahri', 'Ashe', 'Seraphine', 'Varus', 'Viego')",1,0,1
"('Galio', 'Graves', 'Lucian', 'Skarner', 'Xerath')",1,0,1
"('Hwei', 'Jinx', 'Lee Sin', 'Sett', 'Thresh')",1,0,1
"('Aphelios', 'LeBlanc', 'Rumble', 'Thresh', 'Viego')",1,0,1
"('Aurelion Sol', 'Dr. Mundo', 'Lucian', 'Nautilus', 'Taliyah')",0,1,1
"('Ashe', 'Camille', 'Galio', ""Kha'Zix"", 'Vayne')",0,1,1
"('Graves', 'Jhin', 'Renekton', 'Twisted Fate', 'Xerath')",0,1,1
"('Ashe', 'Darius', 'Karthus', 'Nautilus', 'Renekton')",0,1,1
"('Gnar', ""Kai'Sa"", 'Karthus', 'Nautilus', 'Tristana')",1,0,1
"('Gnar', 'Nautilus', 'Samira', 'Viktor', 'Volibear')",0,1,1
"('Jhin', 'Kassadin', 'Rakan', 'Rengar', 'Warwick')",1,0,1
"('Akali', 'Jax', 'Jinx', 'Mordekaiser', 'Pyke')",0,1,1
"('Elise', 'Illaoi', 'Jinx', 'Renata Glasc', 'Twisted Fate')",1,0,1
"('Camille', 'Kalista', 'Orianna', 'Thresh', 'Viego')",1,0,1
"('Bard', 'Caitlyn', ""K'Sante"", 'Viego', 'Xerath')",1,0,1
"('Camille', 'Hwei', 'Kalista', 'Nautilus', 'Nidalee')",1,0,1
"('Kennen', 'Master Yi', 'Rell', 'Viktor', 'Zeri')",0,1,1
"('Ashe', 'Kalista', 'Orianna', 'Skarner', 'Xin Zhao')",1,0,1
"('Caitlyn', 'Gnar', 'Graves', 'Seraphine', 'Viktor')",1,0,1
"('Ashe', 'Galio', 'Kayle', 'Lee Sin', 'Thresh')",0,1,1
"('Camille', 'Corki', 'Fiora', 'Lee Sin', 'Lissandra')",1,0,1
"('Corki', 'Karthus', 'Maokai', 'Yone', 'Zilean')",1,0,1
"('Akali', ""Kai'Sa"", 'Nautilus', 'Shaco', 'Skarner')",1,0,1
"('Ahri', 'Irelia', 'Jinx', 'Lee Sin', 'Nautilus')",1,0,1
"('Ashe', 'Kennen', 'Nidalee', 'Senna', 'Talon')",0,1,1
"('Camille', 'Hwei', 'Poppy', 'Pyke', 'Varus')",0,1,1
"('Ahri', 'Braum', 'Jinx', 'Kindred', 'Skarner')",0,1,1
"('Jayce', 'Pyke', 'Twisted Fate', 'Viego', 'Zeri')",1,0,1
"('Nautilus', 'Neeko', 'Sylas', 'Twisted Fate', 'Varus')",1,0,1
"('Ahri', 'Gragas', 'Kindred', 'Taric', 'Varus')",0,1,1
"('Ashe', 'Jax', 'Taliyah', 'Tristana', 'Varus')",0,1,1
"('Corki', 'Jax', 'Nidalee', 'Pantheon', 'Rell')",0,1,1
"('Ashe', 'Hwei', 'Karma', 'Kennen', 'Viego')",1,0,1
"('Aurelion Sol', 'Lucian', 'Nautilus', 'Nidalee', 'Varus')",0,1,1
"('Leona', 'Renekton', 'Smolder', 'Twisted Fate', 'Viego')",0,1,1
"('Brand', 'Corki', 'Garen', 'Neeko', 'Olaf')",1,0,1
"('Aphelios', 'Fiora', 'Hwei', 'Lee Sin', 'Rell')",0,1,1
"('Dr. Mundo', 'Draven', 'Nidalee', 'Rell', 'Tristana')",0,1,1
"('Azir', 'Corki', 'Nautilus', 'Taliyah', 'Yasuo')",1,0,1
"('Jayce', 'Jhin', 'Nidalee', 'Rell', 'Vayne')",0,1,1
"('Hecarim', 'Hwei', 'Jax', 'Jhin', 'Leona')",0,1,1
"('Akshan', 'Ashe', 'Cassiopeia', 'Rumble', 'Seraphine')",1,0,1
"('Akali', 'Akshan', 'Draven', 'Karthus', 'Thresh')",1,0,1
"('Akshan', 'Irelia', 'Jhin', 'Lillia', 'Xerath')",0,1,1
"('Alistar', 'Cassiopeia', 'Jinx', 'Lillia', 'Varus')",1,0,1
"('Akshan', 'Ekko', 'Gragas', 'Nautilus', 'Samira')",1,0,1
"('Aatrox', 'Braum', ""Kai'Sa"", ""Rek'Sai"", 'Viego')",0,1,1
"('Ashe', ""K'Sante"", 'Rumble', 'Sejuani', 'Viego')",1,0,1
"('Akshan', 'Caitlyn', 'Nidalee', 'Rumble', 'Senna')",1,0,1
"('Akshan', 'Braum', 'Elise', 'Urgot', 'Varus')",1,0,1
"('Elise', 'Fiora', 'Jinx', 'Qiyana', 'Rakan')",1,0,1
"('Akshan', 'Lillia', 'Poppy', 'Skarner', 'Zeri')",0,1,1
"('Akshan', 'Gragas', ""Kai'Sa"", 'Lillia', 'Nautilus')",0,1,1
"('Akshan', 'Fiora', 'Karthus', 'Rell', 'Zeri')",0,1,1
"('Draven', 'Lillia', 'Seraphine', 'Tryndamere', 'Viego')",1,0,1
"('Ashe', 'Kennen', 'Lissandra', 'Pyke', 'Viego')",1,0,1
"('Akshan', ""K'Sante"", ""Kai'Sa"", 'Kayn', 'Rakan')",1,0,1
"('Jayce', 'Leona', 'Nidalee', 'Tristana', 'Zeri')",1,0,1
"('Evelynn', 'Nautilus', 'Varus', 'Vayne', 'Viego')",1,0,1
"('Ashe', 'Azir', ""Kha'Zix"", 'Quinn', 'Varus')",0,1,1
"('Akshan', 'Camille', 'Nidalee', 'Nilah', 'Rell')",1,0,1
"('Lux', 'Rell', 'Samira', 'Sion', 'Xin Zhao')",1,0,1
"('Akshan', 'Anivia', 'Nautilus', 'Nidalee', 'Zeri')",0,1,1
"('Akshan', 'Ezreal', 'Nautilus', 'Rengar', 'Senna')",0,1,1
"('Draven', 'Jayce', 'Lissandra', 'Pyke', 'Rengar')",0,1,1
"('Camille', 'Cassiopeia', 'Draven', 'Syndra', 'Xin Zhao')",1,0,1
"('Blitzcrank', ""Kai'Sa"", 'Kindred', 'Taliyah', 'Teemo')",0,1,1
"('Blitzcrank', 'Sejuani', 'Sylas', 'Varus', 'Viego')",0,1,1
"('Akshan', 'Camille', 'Corki', 'Elise', 'Twisted Fate')",1,0,1
"('Camille', 'Kalista', 'Wukong', 'Xin Zhao', 'Zoe')",1,0,1
"('Akshan', 'Draven', 'Fiddlesticks', 'Pantheon', 'Pyke')",0,1,1
"('Ashe', 'Brand', ""K'Sante"", 'Seraphine', 'Varus')",1,0,1
"('Akshan', 'Kalista', 'Lee Sin', 'Nautilus', 'Olaf')",0,1,1
"('Akshan', 'Nasus', 'Nidalee', 'Senna', 'Swain')",1,0,1
"('Alistar', 'Gwen', 'LeBlanc', 'Shaco', 'Varus')",1,0,1
"('Elise', 'Jhin', 'Kennen', 'Pyke', 'Talon')",1,0,1
"('Ashe', 'Jayce', 'Soraka', 'Twisted Fate', 'Xin Zhao')",1,0,1
"('Aurelion Sol', 'Camille', 'Jhin', 'Xin Zhao', 'Zyra')",0,1,1
"('Nautilus', 'Nocturne', 'Samira', 'Viktor', 'Xin Zhao')",1,0,1
"('Aatrox', 'Akshan', ""Kai'Sa"", 'Lee Sin', 'Nautilus')",0,1,1
"('Akshan', 'Camille', 'Jax', 'Lillia', 'Zeri')",0,1,1
"('Camille', 'Corki', 'Irelia', 'Jayce', 'Nidalee')",1,0,1
"('Corki', 'Lee Sin', 'Nautilus', 'Neeko', 'Vladimir')",0,1,1
"('Camille', 'Heimerdinger', 'Irelia', 'Renekton', 'Xin Zhao')",1,0,1
"('Jhin', 'Kindred', 'Poppy', 'Rakan', 'Syndra')",1,0,1
"('Aatrox', 'Lillia', 'Rell', 'Varus', 'Zed')",1,0,1
"('Ashe', 'Lissandra', 'Nidalee', 'Thresh', 'Vayne')",0,1,1
"(""Kai'Sa"", 'Skarner', 'Taliyah', 'Thresh', 'Tristana')",0,1,1
"('Blitzcrank', 'Camille', 'Galio', 'Graves', ""Kai'Sa"")",0,1,1
"('Briar', 'Caitlyn', 'Katarina', 'Lulu', 'Skarner')",0,1,1
"('Brand', 'Camille', 'Corki', 'Jayce', 'Nautilus')",1,0,1
"('Ashe', 'Braum', ""Rek'Sai"", 'Taliyah', 'Yone')",0,1,1
"('Jayce', 'LeBlanc', 'Rell', 'Varus', 'Viego')",1,0,1
"('Camille', 'Jhin', 'Neeko', 'Nocturne', 'Zoe')",1,0,1
"('LeBlanc', 'Lillia', 'Rakan', 'Shen', 'Zeri')",0,1,1
"('Brand', 'Corki', 'Graves', 'Pyke', 'Renekton')",0,1,1
"('Camille', ""Kog'Maw"", 'Lissandra', 'Pyke', 'Viego')",0,1,1
"('Jinx', 'Milio', 'Taliyah', 'Yone', 'Zac')",0,1,1
"('Corki', 'Diana', 'Jayce', 'Nautilus', 'Riven')",0,1,1
"('Camille', 'Galio', ""Kai'Sa"", 'Nidalee', 'Twisted Fate')",0,1,1
"('Jinx', 'Nautilus', 'Nidalee', 'Vladimir', 'Yone')",0,1,1
"('Ahri', 'Blitzcrank', ""Kog'Maw"", 'Nocturne', 'Vayne')",0,1,1
"('Cassiopeia', 'Qiyana', 'Rell', 'Samira', 'Viego')",0,1,1
"('Diana', ""Kai'Sa"", 'Lee Sin', 'Rakan', 'Twisted Fate')",1,0,1
"('Elise', 'Kalista', 'Rumble', 'Tristana', 'Twisted Fate')",1,0,1
"('Aatrox', ""Kha'Zix"", 'Orianna', 'Rell', 'Smolder')",0,1,1
"('Alistar', 'Corki', 'Dr. Mundo', 'Orianna', 'Poppy')",0,1,1
"('Akali', 'Corki', 'Poppy', 'Viego', 'Xin Zhao')",0,1,1
"(""K'Sante"", 'LeBlanc', 'Nautilus', 'Taliyah', 'Tristana')",1,0,1
"('Aatrox', 'Hecarim', ""Kai'Sa"", 'LeBlanc', 'Rakan')",1,0,1
"('Diana', 'Lucian', 'Malphite', 'Nami', 'Viego')",1,0,1
"('Jayce', 'Malzahar', 'Rumble', 'Varus', 'Viego')",0,1,1
"('Corki', 'Irelia', 'Riven', 'Taric', 'Viego')",0,1,1
"('Akshan', 'Fiddlesticks', 'Jinx', ""K'Sante"", 'Master Yi')",0,1,1
"('Blitzcrank', 'Jhin', 'Kindred', 'Skarner', 'Syndra')",1,0,1
"('Corki', 'Malzahar', 'Nasus', 'Nautilus', 'Viego')",0,1,1
"('Corki', 'Elise', 'Kayn', 'LeBlanc', 'Nasus')",1,0,1
"('Blitzcrank', 'Camille', 'Ivern', ""Rek'Sai"", 'Varus')",0,1,1
"('Jinx', 'Kayle', 'Pantheon', 'Skarner', 'Sylas')",0,1,1
"('Ashe', 'Cassiopeia', 'Karthus', 'Qiyana', 'Taric')",1,0,1
"('Lillia', 'Seraphine', 'Tristana', 'Viego', 'Volibear')",0,1,1
"('Graves', ""K'Sante"", 'Thresh', 'Twisted Fate', 'Varus')",0,1,1
"('Jax', ""Kai'Sa"", 'Lillia', 'Thresh', 'Yone')",1,0,1
"('Hecarim', 'Jayce', ""Kai'Sa"", 'Zoe', 'Zyra')",1,0,1
"('Ahri', ""Kai'Sa"", 'Master Yi', 'Nautilus', 'Olaf')",1,0,1
"('Aphelios', 'LeBlanc', 'Poppy', 'Rell', 'Skarner')",1,0,1
"(""Kai'Sa"", 'Nasus', 'Taliyah', 'Thresh', 'Viego')",0,1,1
"('Corki', 'Hwei', 'Rell', 'Smolder', 'Xin Zhao')",0,1,1
"('Hwei', 'Leona', 'Lucian', 'Smolder', 'Viego')",0,1,1
"(""Kha'Zix"", 'Senna', 'Twisted Fate', 'Varus', 'Zilean')",0,1,1
"('Camille', 'Cassiopeia', 'Nautilus', 'Nidalee', 'Yone')",1,0,1
"('Fiora', 'Heimerdinger', 'Jayce', 'Jinx', 'Zac')",0,1,1
"('Heimerdinger', ""K'Sante"", 'Katarina', 'Udyr', 'Varus')",0,1,1
"('Caitlyn', 'Heimerdinger', 'Taliyah', 'Talon', 'Yone')",0,1,1
"('Corki', 'Heimerdinger', 'Hwei', 'Jax', 'Lee Sin')",1,0,1
"('Ashe', 'Darius', 'Graves', 'Heimerdinger', 'Qiyana')",0,1,1
"('Caitlyn', 'Fiora', 'Heimerdinger', 'LeBlanc', 'Viego')",1,0,1
"('Aatrox', 'Heimerdinger', 'Irelia', 'Jhin', 'Nidalee')",1,0,1
"('Camille', 'Elise', ""Kai'Sa"", 'Rakan', 'Yone')",1,0,1
"('Alistar', 'Aurelion Sol', ""K'Sante"", 'Lee Sin', 'Zeri')",0,1,1
"('Irelia', 'Lucian', 'Milio', 'Veigar', 'Viego')",0,1,1
"('Ashe', 'Jhin', 'Skarner', 'Twisted Fate', 'Viego')",1,0,1
"('Jinx', 'Kennen', 'Taric', 'Tristana', 'Xin Zhao')",1,0,1
"('Cassiopeia', 'Elise', 'Jhin', 'Rell', 'Talon')",1,0,1
"('Hwei', ""Kai'Sa"", 'Nautilus', 'Warwick', 'Xin Zhao')",0,1,1
"('Aurelion Sol', 'Camille', 'LeBlanc', 'Varus', 'Viego')",1,0,1
"('Ashe', ""K'Sante"", 'Kindred', 'LeBlanc', 'Varus')",0,1,1
"('Ashe', 'Aurelion Sol', 'Seraphine', 'Udyr', 'Viego')",1,0,1
"('Ashe', 'Bard', 'Graves', 'Hwei', 'Nasus')",0,1,1
"('Hwei', 'Lulu', 'Skarner', 'Varus', 'Xin Zhao')",0,1,1
"('Blitzcrank', ""Kai'Sa"", 'LeBlanc', 'Rumble', 'Viego')",0,1,1
"('Aphelios', ""Kha'Zix"", 'Nocturne', 'Sett', 'Twisted Fate')",0,1,1
"('Akali', 'Ashe', 'Pyke', 'Rumble', 'Viego')",1,0,1
"('Graves', 'Pyke', 'Skarner', 'Taliyah', 'Varus')",0,1,1
"('Camille', 'Ekko', 'Urgot', 'Yone', 'Zeri')",0,1,1
"('Camille', ""Kai'Sa"", 'Lee Sin', 'Lissandra', 'Thresh')",1,0,1
"('Aatrox', 'Jinx', 'Nidalee', 'Pantheon', 'Thresh')",0,1,1
"('Fiddlesticks', 'Hwei', ""Kai'Sa"", 'Rell', 'Riven')",0,1,1
"('Heimerdinger', 'Jayce', 'Master Yi', 'Nidalee', 'Twisted Fate')",0,1,1
"('Heimerdinger', 'Jax', 'Jinx', 'Nidalee', 'Yasuo')",1,0,1
"('Corki', 'Gragas', 'Heimerdinger', 'Lee Sin', 'Tristana')",0,1,1
"('Cassiopeia', 'Heimerdinger', 'Jhin', 'Lee Sin', 'Swain')",1,0,1
"('Akali', 'Ashe', 'Darius', 'Heimerdinger', 'Viego')",1,0,1
"('Caitlyn', 'Heimerdinger', 'Jax', 'Kindred', 'LeBlanc')",0,1,1
"('Akshan', 'Graves', 'Heimerdinger', 'Pantheon', 'Ryze')",0,1,1
"('Heimerdinger', 'Jayce', 'Jhin', 'Nunu & Willump', 'Skarner')",1,0,1
"('Cassiopeia', 'Ezreal', 'Heimerdinger', 'Lee Sin', 'Tristana')",1,0,1
"('Fiora', 'Heimerdinger', 'Jhin', 'Nidalee', 'Pantheon')",1,0,1
"('Ashe', 'Azir', 'Camille', 'Heimerdinger', 'Kindred')",1,0,1
"('Jinx', 'Malzahar', 'Nidalee', 'Skarner', 'Thresh')",1,0,1
"('Darius', 'Heimerdinger', 'Kindred', 'Vex', 'Zeri')",0,1,1
"('Jinx', 'Rumble', 'Thresh', 'Viego', 'Zoe')",0,1,1
"('Aphelios', 'Kindred', 'Orianna', 'Skarner', 'Thresh')",1,0,1
"('Aphelios', 'Camille', 'Qiyana', 'Taliyah', 'Thresh')",0,1,1
"('Orianna', 'Skarner', 'Thresh', 'Vi', 'Zeri')",1,0,1
"('Jhin', 'Nunu & Willump', 'Rumble', 'Thresh', 'Xin Zhao')",0,1,1
"('Galio', 'Jinx', 'Nidalee', 'Thresh', 'Urgot')",0,1,1
"('Alistar', 'Darius', 'Ezreal', 'Karthus', 'Yasuo')",0,1,1
"('Ahri', 'Darius', 'Heimerdinger', 'Jinx', ""Rek'Sai"")",1,0,1
"('Ahri', 'Gwen', 'Heimerdinger', 'Jhin', 'Vayne')",0,1,1
"('Draven', 'Gnar', 'Heimerdinger', 'Taliyah', 'Xin Zhao')",0,1,1
"('Anivia', 'Gnar', 'Heimerdinger', 'Jhin', ""Rek'Sai"")",1,0,1
"('Corki', 'Heimerdinger', 'Jinx', 'Taliyah', 'Udyr')",0,1,1
"('Blitzcrank', 'Gragas', 'Heimerdinger', 'Kindred', 'Udyr')",1,0,1
"('Aurelion Sol', 'Heimerdinger', 'Kennen', 'Miss Fortune', 'Viego')",0,1,1
"('Aatrox', 'Corki', 'Heimerdinger', 'Katarina', 'Taliyah')",1,0,1
"('Draven', 'Nidalee', 'Pyke', 'Rumble', 'Tristana')",0,1,1
"('Ashe', 'Hwei', 'Samira', 'Skarner', 'Urgot')",0,1,1
"('Fiddlesticks', 'Fiora', 'Heimerdinger', 'Kalista', 'Tristana')",1,0,1
"('Akshan', 'Heimerdinger', 'Miss Fortune', 'Tryndamere', 'Viego')",1,0,1
"('Gangplank', 'Heimerdinger', 'Jhin', 'Nidalee', 'Orianna')",0,1,1
"('Graves', 'Heimerdinger', 'Jayce', 'Varus', 'Vex')",0,1,1
"('Camille', 'Heimerdinger', 'Jhin', 'Lillia', 'Tristana')",0,1,1
"('Heimerdinger', 'Lee Sin', 'Skarner', 'Twisted Fate', 'Varus')",1,0,1
"('Caitlyn', 'Heimerdinger', 'Hwei', 'Nocturne', 'Skarner')",1,0,1
"('Aurelion Sol', 'Heimerdinger', 'Jhin', 'Skarner', 'Warwick')",1,0,1
"('Heimerdinger', 'Jax', 'Jhin', 'Karthus', 'Zoe')",0,1,1
"('Akshan', 'Fiora', 'Heimerdinger', 'Jhin', 'Taliyah')",1,0,1
"('Ashe', 'Blitzcrank', 'Nidalee', 'Qiyana', 'Skarner')",0,1,1
"('Jax', ""Kha'Zix"", 'Syndra', 'Tristana', 'Yuumi')",0,1,1
"('Fiddlesticks', 'Jinx', 'Skarner', 'Thresh', 'Tristana')",1,0,1
"('Akali', 'Aurelion Sol', 'Jax', 'Rakan', 'Tristana')",1,0,1
"('Leona', 'Lillia', 'Swain', 'Yone', 'Zeri')",1,0,1
"('Cassiopeia', 'Jax', 'Lillia', 'Pantheon', 'Varus')",1,0,1
"('LeBlanc', 'Lee Sin', 'Poppy', 'Skarner', 'Smolder')",1,0,1
"('Fiora', 'Rengar', 'Seraphine', 'Varus', 'Yone')",0,1,1
"(""K'Sante"", 'Katarina', 'Master Yi', 'Rakan', 'Zeri')",1,0,1
"('Camille', 'Corki', ""K'Sante"", 'Sejuani', 'Varus')",0,1,1
"(""Kai'Sa"", 'Malphite', 'Nautilus', 'Nidalee', 'Twisted Fate')",1,0,1
"('Nautilus', 'Nidalee', 'Senna', 'Sett', 'Yasuo')",1,0,1
"('Leona', 'Nidalee', 'Olaf', 'Tristana', 'Varus')",1,0,1
"('Jax', 'Jinx', 'Leona', 'Nidalee', 'Zoe')",0,1,1
"('Ahri', 'Corki', 'Pyke', 'Viego', 'Zed')",0,1,1
"('Draven', 'Ekko', 'Irelia', 'Rumble', 'Seraphine')",1,0,1
"('Braum', 'Camille', 'Lucian', 'Qiyana', 'Rumble')",1,0,1
"('Janna', 'Jayce', 'Kalista', 'Skarner', 'Taliyah')",0,1,1
"('Nidalee', 'Shen', 'Yuumi', 'Zed', 'Zeri')",1,0,1
"('Aatrox', 'Alistar', ""Kai'Sa"", 'Nidalee', 'Zac')",0,1,1
"('Garen', 'Jinx', 'Nautilus', 'Nidalee', 'Yone')",1,0,1
"('Alistar', 'Dr. Mundo', 'Lissandra', 'Nidalee', 'Zeri')",0,1,1
"('Jinx', ""Kha'Zix"", 'Renekton', 'Taliyah', 'Thresh')",0,1,1
"('Camille', 'Jax', ""Kai'Sa"", 'Skarner', 'Xerath')",0,1,1
"('Kassadin', 'Lee Sin', 'Maokai', 'Nasus', 'Zeri')",0,1,1
"('Hwei', 'Nilah', 'Seraphine', 'Viego', 'Vladimir')",1,0,1
"('Aurelion Sol', 'Corki', 'Nautilus', 'Rengar', 'Vladimir')",0,1,1
"('Corki', ""Kai'Sa"", 'Karthus', 'Rell', 'Vladimir')",1,0,1
"('Ivern', 'Jhin', 'Nautilus', 'Renekton', 'Vladimir')",1,0,1
"('Graves', 'Gwen', 'Nautilus', 'Vladimir', 'Zeri')",0,1,1
"(""Kha'Zix"", 'Poppy', 'Rell', 'Vayne', 'Vladimir')",0,1,1
"('Camille', 'Jhin', 'Katarina', 'Mordekaiser', 'Viego')",1,0,1
"('Bard', 'Evelynn', 'Fiora', 'Senna', 'Seraphine')",0,1,1
"('Ahri', 'Graves', 'Jhin', 'Karma', 'Sion')",1,0,1
"('Orianna', 'Pantheon', 'Renata Glasc', 'Rumble', 'Zeri')",1,0,1
"('Darius', 'Karthus', 'Katarina', 'Nautilus', 'Varus')",0,1,1
"('Corki', 'Gragas', ""Kha'Zix"", 'Viktor', 'Zyra')",1,0,1
"('Ahri', 'Nautilus', 'Ryze', 'Senna', 'Talon')",1,0,1
"('Leona', 'Lucian', 'Rengar', 'Taliyah', 'Xin Zhao')",0,1,1
"('Caitlyn', 'Gangplank', 'Master Yi', 'Neeko', 'Orianna')",1,0,1
"('Ahri', 'Dr. Mundo', 'Lucian', 'Milio', 'Viego')",1,0,1
"('Cassiopeia', 'Nidalee', 'Rell', 'Tristana', 'Yasuo')",1,0,1
"('Ezreal', 'Janna', 'Jayce', 'Nidalee', 'Yone')",0,1,1
"('Ashe', 'Braum', 'Hwei', 'Katarina', 'Skarner')",1,0,1
"('Akali', ""Kai'Sa"", ""Kha'Zix"", 'Rell', 'Renekton')",0,1,1
"('Cassiopeia', 'Jax', 'Kalista', 'Qiyana', 'Renata Glasc')",1,0,1
"('Ashe', 'Hwei', 'Jayce', 'Seraphine', 'Zac')",1,0,1
"('Galio', 'Graves', 'Jhin', 'Nautilus', 'Xerath')",0,1,1
"('Aurelion Sol', 'Jax', 'Kalista', ""Kha'Zix"", 'Pyke')",0,1,1
"('Corki', 'Graves', 'Nami', 'Qiyana', 'Rumble')",0,1,1
"('Jinx', 'Kayle', 'Lee Sin', 'Orianna', 'Pyke')",1,0,1
"('Ashe', 'Lee Sin', 'Seraphine', 'Sion', 'Viktor')",0,1,1
"('Ekko', 'Gwen', 'Nautilus', 'Renekton', 'Samira')",1,0,1
"('Jhin', 'Katarina', 'Kennen', ""Rek'Sai"", 'Zyra')",0,1,1
"('Camille', 'Nidalee', 'Thresh', 'Tristana', 'Varus')",0,1,1
"('Fiddlesticks', 'Gnar', 'Leona', 'Qiyana', 'Varus')",1,0,1
"('Aurelion Sol', 'Kalista', 'Rengar', 'Soraka', 'Udyr')",0,1,1
"('Aatrox', 'Camille', 'Galio', ""Kai'Sa"", 'Master Yi')",1,0,1
"('Brand', 'Irelia', 'Maokai', 'Miss Fortune', 'Seraphine')",0,1,1
"('Akali', 'Cassiopeia', 'Jinx', 'Rell', 'Viego')",0,1,1
"('Dr. Mundo', 'Rakan', 'Tristana', 'Yone', 'Zyra')",0,1,1
"('Akshan', 'Jhin', 'Rumble', 'Seraphine', 'Taliyah')",0,1,1
"('Ashe', 'Gnar', 'Graves', 'Milio', 'Twisted Fate')",1,0,1
"('Galio', 'Jax', 'Rakan', ""Rek'Sai"", 'Varus')",1,0,1
"('Aatrox', 'Bard', 'Karthus', 'Renekton', 'Zeri')",1,0,1
"('Blitzcrank', 'Renekton', 'Twisted Fate', 'Varus', 'Viego')",1,0,1
"('Akali', 'Hecarim', 'Nautilus', 'Rumble', 'Varus')",1,0,1
"('Brand', 'Graves', ""Kai'Sa"", 'Rell', 'Skarner')",1,0,1
"(""Bel'Veth"", 'Jinx', 'Karma', 'Rakan', 'Skarner')",0,1,1
"('Ekko', 'Nautilus', 'Tristana', 'Varus', 'Vayne')",1,0,1
"('Heimerdinger', 'Seraphine', 'Smolder', 'Tristana', 'Wukong')",1,0,1
"('Ahri', 'Nautilus', 'Nunu & Willump', 'Olaf', 'Samira')",1,0,1
"('Corki', 'Hwei', 'Swain', 'Udyr', 'Viego')",0,1,1
"('Nautilus', 'Nidalee', 'Skarner', 'Yone', 'Zeri')",0,1,1
"('Ashe', 'Blitzcrank', 'Gwen', 'Renekton', 'Zoe')",1,0,1
"('Akshan', 'Karthus', 'Leona', 'Ornn', 'Zeri')",0,1,1
"('Irelia', 'Lillia', 'Nautilus', 'Olaf', 'Zeri')",0,1,1
"('Jayce', 'Olaf', 'Vex', 'Zeri', 'Zoe')",1,0,1
"('Ahri', 'Fiora', ""Kai'Sa"", 'Nautilus', 'Olaf')",0,1,1
"('Anivia', ""Kai'Sa"", 'Rell', 'Riven', 'Vi')",1,0,1
"('Ashe', 'Braum', 'Camille', 'Lillia', 'Tristana')",0,1,1
"('Braum', 'Fiora', 'Jarvan IV', 'Viego', 'Ziggs')",0,1,1
"('Hwei', ""K'Sante"", 'Rakan', 'Viego', 'Zeri')",1,0,1
"('Brand', 'Caitlyn', 'Jax', 'Nautilus', 'Viego')",0,1,1
"('Hwei', 'Jhin', 'Kindred', 'Mordekaiser', 'Pyke')",1,0,1
"('Braum', ""Kai'Sa"", 'LeBlanc', ""Rek'Sai"", 'Renekton')",0,1,1
"('Braum', 'Jinx', 'LeBlanc', ""Rek'Sai"", 'Riven')",0,1,1
"('Camille', 'Gnar', 'LeBlanc', 'Nidalee', 'Smolder')",0,1,1
"('Graves', ""Kai'Sa"", 'LeBlanc', 'Nautilus', 'Riven')",0,1,1
"('Akali', 'Ashe', 'LeBlanc', 'Lee Sin', 'Nautilus')",1,0,1
"('Braum', 'Corki', ""K'Sante"", 'Kindred', 'LeBlanc')",1,0,1
"('Alistar', 'Ivern', 'LeBlanc', 'Samira', 'Skarner')",1,0,1
"('Akali', 'Blitzcrank', 'Varus', 'Xin Zhao', 'Zac')",1,0,1
"('Gwen', 'LeBlanc', 'Rell', 'Samira', 'Twisted Fate')",1,0,1
"('Camille', 'Gwen', 'Jhin', 'LeBlanc', 'Rakan')",1,0,1
"('Akali', 'Jinx', 'Lulu', 'Nunu & Willump', 'Varus')",1,0,1
"('Camille', ""K'Sante"", 'LeBlanc', 'Lee Sin', 'Samira')",0,1,1
"('Camille', 'LeBlanc', 'Lee Sin', 'Rell', 'Samira')",1,0,1
"('Annie', 'Ezreal', 'Malphite', 'Neeko', 'Vi')",1,0,1
"('Alistar', 'Jinx', 'Karthus', 'Swain', 'Vayne')",0,1,1
"('Hwei', 'Nautilus', 'Ornn', 'Smolder', 'Viego')",0,1,1
"('Camille', ""Kai'Sa"", 'Mordekaiser', 'Nocturne', 'Zoe')",0,1,1
"('Ashe', 'Hwei', 'Karthus', 'Pantheon', 'Ryze')",0,1,1
"(""Kai'Sa"", 'Pyke', 'Sejuani', 'Tristana', 'Tryndamere')",0,1,1
"('Akali', ""Kai'Sa"", ""Kha'Zix"", 'Rakan', 'Rumble')",1,0,1
"(""Bel'Veth"", 'Kalista', 'Nautilus', 'Rumble', 'Taliyah')",1,0,1
"('Gragas', 'Irelia', 'Kalista', 'Nautilus', 'Nidalee')",1,0,1
"('Ahri', 'Corki', 'Nautilus', 'Taliyah', 'Twisted Fate')",1,0,1
"('Hwei', ""K'Sante"", ""Rek'Sai"", 'Ryze', 'Varus')",1,0,1
"('Alistar', ""K'Sante"", 'Kindred', 'Ryze', 'Varus')",1,0,1
"('Nautilus', 'Nidalee', 'Twisted Fate', 'Varus', 'Vex')",0,1,1
"('Jinx', 'Lee Sin', 'Nautilus', 'Quinn', 'Zoe')",0,1,1
"('Hecarim', ""Kai'Sa"", 'Kennen', 'Rell', 'Sylas')",1,0,1
"(""Kai'Sa"", 'Kassadin', 'Master Yi', 'Rell', 'Viego')",0,1,1
"('Kalista', 'Leona', 'Rumble', 'Viego', 'Xerath')",0,1,1
"('Ekko', ""Kai'Sa"", 'Nautilus', 'Quinn', 'Xin Zhao')",1,0,1
"('Azir', 'Ekko', ""Kai'Sa"", 'Pyke', 'Skarner')",1,0,1
"('Corki', 'Gragas', ""Kai'Sa"", 'Lee Sin', 'Yone')",0,1,1
"('Pantheon', 'Skarner', 'Sylas', 'Varus', 'Yone')",0,1,1
"('Ekko', 'Rell', 'Skarner', 'Tristana', 'Varus')",1,0,1
"('Alistar', 'Gwen', 'Tristana', 'Viego', 'Zeri')",1,0,1
"('Ashe', 'Blitzcrank', 'Jayce', 'Nidalee', 'Olaf')",1,0,1
"('Katarina', 'Ornn', 'Skarner', ""Vel'Koz"", 'Viego')",1,0,1
"('Caitlyn', 'Jax', 'Lee Sin', 'Rumble', 'Twisted Fate')",0,1,1
"(""Kai'Sa"", 'Pantheon', 'Rell', 'Taliyah', 'Twisted Fate')",1,0,1
"('Caitlyn', 'Cassiopeia', 'Senna', 'Twisted Fate', 'Viego')",0,1,1
"('Anivia', 'Cassiopeia', 'Jax', 'Kalista', 'Rell')",1,0,1
"('Akshan', 'Cassiopeia', 'Nautilus', 'Samira', 'Xin Zhao')",0,1,1
"('Cassiopeia', 'Graves', 'Lucian', 'Malzahar', 'Nautilus')",0,1,1
"('Camille', 'Cassiopeia', 'Hwei', 'Kindred', 'Tristana')",1,0,1
"('Aphelios', 'Cassiopeia', 'Diana', 'Taric', 'Vi')",1,0,1
"('Alistar', 'Cassiopeia', 'Corki', 'Graves', 'Jinx')",1,0,1
"('Amumu', 'Cassiopeia', 'Jinx', ""K'Sante"", 'Xin Zhao')",0,1,1
"('Braum', 'Cassiopeia', 'Corki', 'Graves', 'Smolder')",0,1,1
"('Brand', 'Jax', 'Jhin', 'Rell', 'Tristana')",1,0,1
"('Ashe', 'Braum', 'Cassiopeia', 'Hwei', 'Vi')",0,1,1
"('Diana', 'Fiora', 'LeBlanc', 'Nautilus', 'Varus')",1,0,1
"('Jayce', 'Jinx', ""K'Sante"", 'Nidalee', 'Thresh')",0,1,1
"('Ashe', 'Hwei', 'Lillia', 'Tristana', 'Varus')",1,0,1
"('Akali', 'Camille', 'Jinx', 'Thresh', 'Vi')",0,1,1
"('Ashe', 'Jax', 'Jayce', 'Karthus', 'Lulu')",0,1,1
"('Braum', 'Lee Sin', 'Lucian', 'Sylas', 'Yone')",1,0,1
"('Alistar', 'Galio', 'Rumble', 'Varus', 'Zed')",1,0,1
"('Galio', ""Kai'Sa"", 'Nidalee', 'Pyke', 'Renekton')",0,1,1
"('Irelia', 'Jinx', 'Thresh', 'Viego', 'Zac')",1,0,1
"('Ashe', 'Irelia', 'Lillia', 'Senna', 'Twisted Fate')",0,1,1
"('Galio', 'Graves', 'Jinx', ""K'Sante"", 'Rakan')",1,0,1
"('Aatrox', 'Fiddlesticks', 'Hwei', 'Thresh', 'Twitch')",0,1,1
"('Blitzcrank', 'Hecarim', 'Jax', 'Jhin', 'Zac')",1,0,1
"('Hwei', 'Jax', 'Jinx', 'Lee Sin', 'Lux')",1,0,1
"('Braum', 'Gangplank', 'Jinx', 'Nunu & Willump', 'Wukong')",1,0,1
"('Braum', 'Nidalee', 'Tristana', 'Tryndamere', 'Zeri')",1,0,1
"('Hwei', 'Pyke', 'Varus', 'Viego', 'Xin Zhao')",0,1,1
"('Ashe', 'Braum', 'Jax', 'Twisted Fate', 'Zeri')",0,1,1
"('Aphelios', 'Lulu', 'Nidalee', 'Renekton', 'Twisted Fate')",1,0,1
"('Aatrox', ""Kai'Sa"", 'Qiyana', 'Seraphine', 'Taliyah')",0,1,1
"('Ahri', 'Braum', 'Taliyah', 'Twisted Fate', 'Varus')",1,0,1
"('Caitlyn', 'Orianna', 'Renekton', 'Taliyah', 'Thresh')",0,1,1
"('Ashe', 'Nautilus', 'Renekton', 'Syndra', 'Viego')",1,0,1
"('Ashe', 'Hecarim', 'Katarina', 'Leona', 'Rumble')",0,1,1
"('Hecarim', 'Jinx', 'Nautilus', 'Quinn', 'Vex')",0,1,1
"('Gangplank', 'LeBlanc', 'Poppy', 'Varus', 'Viego')",0,1,1
"('Alistar', 'Camille', ""Kai'Sa"", 'Rumble', 'Tristana')",1,0,1
"('Aphelios', 'Jax', 'Katarina', 'Nidalee', 'Rell')",0,1,1
"('Ahri', 'Alistar', 'Lee Sin', 'Ornn', 'Smolder')",1,0,1
"('Gragas', 'Master Yi', 'Nautilus', 'Talon', ""Vel'Koz"")",0,1,1
"('Jinx', ""Rek'Sai"", 'Rell', 'Rengar', 'Zoe')",0,1,1
"('Blitzcrank', 'Jinx', 'Lee Sin', 'Udyr', 'Varus')",0,1,1
"('Akshan', 'Braum', 'Camille', 'Diana', 'Jinx')",1,0,1
"('Ekko', 'Jayce', 'Neeko', 'Twisted Fate', 'Varus')",1,0,1
"('Aphelios', 'Gnar', 'Shaco', 'Thresh', 'Veigar')",1,0,1
"('Ashe', 'Irelia', 'LeBlanc', 'Nidalee', 'Poppy')",1,0,1
"('Alistar', 'Evelynn', 'Kalista', 'Talon', 'Volibear')",0,1,1
"('Kindred', 'Ornn', 'Rell', 'Viego', 'Zeri')",1,0,1
"('Ashe', 'Graves', 'Rumble', 'Syndra', 'Taliyah')",0,1,1
"('Aatrox', 'Blitzcrank', 'Diana', ""Kai'Sa"", ""Rek'Sai"")",0,1,1
"('Camille', 'Jhin', 'LeBlanc', 'Seraphine', 'Shaco')",0,1,1
"('Darius', 'Janna', 'Jax', 'Poppy', 'Zeri')",1,0,1
"('Jayce', 'Jhin', 'Lissandra', 'Skarner', 'Taliyah')",1,0,1
"(""Kai'Sa"", 'LeBlanc', 'Lee Sin', 'Nautilus', 'Olaf')",1,0,1
"('Karthus', 'Nautilus', 'Samira', 'Warwick', 'Yone')",1,0,1
"('Nautilus', 'Taliyah', 'Twisted Fate', ""Vel'Koz"", 'Viego')",1,0,1
"('Nidalee', 'Rell', 'Rengar', 'Tristana', 'Vex')",0,1,1
"('Jax', 'Jinx', 'LeBlanc', 'Lee Sin', 'Nautilus')",0,1,1
"('Akshan', 'Braum', 'Jayce', 'Lillia', 'Varus')",0,1,1
"('Akshan', 'Blitzcrank', ""Kai'Sa"", 'Kennen', 'Taliyah')",0,1,1
"('Cassiopeia', 'Kindred', 'Renekton', 'Sylas', 'Varus')",0,1,1
"('Blitzcrank', 'Diana', 'Gragas', ""Kai'Sa"", 'Rengar')",0,1,1
"('Ashe', 'Jax', 'Lee Sin', 'Leona', 'Zoe')",0,1,1
"('Darius', 'Jinx', 'LeBlanc', 'Lillia', 'Thresh')",1,0,1
"('Lillia', 'Skarner', 'Sylas', 'Thresh', 'Varus')",1,0,1
"('Aatrox', 'Jhin', 'Syndra', 'Talon', 'Thresh')",1,0,1
"('Ahri', 'Jax', 'Jhin', 'Maokai', 'Xin Zhao')",1,0,1
"('Cassiopeia', 'Graves', 'Hwei', ""Kai'Sa"", 'Thresh')",1,0,1
"('Akali', 'Darius', 'Jinx', 'Thresh', 'Viego')",0,1,1
"('Braum', 'Corki', 'Lissandra', ""Rek'Sai"", 'Vladimir')",1,0,1
"('Gnar', 'Nautilus', 'Samira', 'Taliyah', 'Tristana')",1,0,1
"('Fiora', ""Kai'Sa"", 'Sylas', 'Thresh', 'Viego')",0,1,1
"('Akshan', 'Lucian', 'Nami', 'Nidalee', 'Vladimir')",1,0,1
"('Ahri', 'Jinx', 'Nautilus', 'Quinn', 'Viego')",0,1,1
"('Ashe', 'Brand', 'Braum', 'Irelia', ""Rek'Sai"")",1,0,1
"('Alistar', 'Corki', 'Graves', 'Orianna', 'Skarner')",0,1,1
"('Blitzcrank', 'Jinx', 'Shen', 'Twisted Fate', 'Viego')",0,1,1
"('Draven', 'Karthus', 'Neeko', 'Twisted Fate', 'Zed')",1,0,1
"('Jinx', 'Lissandra', 'Nautilus', 'Taliyah', 'Twisted Fate')",1,0,1
"('Blitzcrank', 'Kennen', 'Lucian', 'Nidalee', 'Tryndamere')",1,0,1
"('Lillia', 'Rakan', 'Tryndamere', 'Twitch', 'Yasuo')",1,0,1
"(""Kai'Sa"", 'Kindred', 'Nasus', 'Pyke', 'Sylas')",1,0,1
"('Corki', 'Orianna', 'Rakan', 'Twisted Fate', 'Viego')",0,1,1
"('Aatrox', 'Brand', 'Jinx', 'Thresh', 'Yone')",0,1,1
"('Bard', 'Jax', 'Jhin', 'LeBlanc', 'Singed')",1,0,1
"('Jayce', ""Kai'Sa"", 'Nautilus', 'Nidalee', 'Viego')",0,1,1
"('Ezreal', 'Nidalee', 'Senna', 'Skarner', 'Tristana')",1,0,1
"('Kennen', 'Rakan', ""Rek'Sai"", 'Skarner', 'Twitch')",1,0,1
"('Aurelion Sol', 'Camille', 'Hecarim', ""Kai'Sa"", 'Seraphine')",0,1,1
"('Corki', 'Hwei', 'Jayce', 'Kayn', 'Nautilus')",0,1,1
"('Camille', 'Corki', 'Hwei', 'Jax', 'Taliyah')",1,0,1
"('Graves', 'Jinx', ""K'Sante"", 'Rell', 'Twisted Fate')",1,0,1
"('Hwei', 'Teemo', 'Varus', 'Viego', 'Zed')",0,1,1
"('Graves', 'Jax', ""Kai'Sa"", 'Rell', 'Zoe')",1,0,1
"('Ashe', 'Nidalee', 'Olaf', 'Pantheon', 'Rumble')",1,0,1
"('Caitlyn', 'Lux', 'Nidalee', 'Rumble', 'Tristana')",1,0,1
"('Lee Sin', 'Senna', 'Seraphine', 'Talon', 'Zac')",1,0,1
"('Aphelios', 'Elise', ""K'Sante"", 'Seraphine', 'Tristana')",1,0,1
"(""Kai'Sa"", 'Karthus', 'Kled', 'Pyke', 'Qiyana')",0,1,1
"('Jhin', 'Lissandra', 'Pantheon', 'Seraphine', 'Viego')",1,0,1
"('Draven', 'Elise', 'Katarina', 'Leona', 'Urgot')",1,0,1
"('Jhin', 'Nidalee', 'Rell', 'Skarner', 'Yone')",1,0,1
"('Galio', 'Jinx', 'Renekton', 'Seraphine', 'Taliyah')",0,1,1
"('Caitlyn', 'Corki', 'Jayce', 'Karthus', 'Leona')",0,1,1
"('Ashe', 'Hwei', 'Nasus', 'Pantheon', 'Taliyah')",0,1,1
"('Blitzcrank', 'Gnar', ""Kai'Sa"", 'Katarina', 'Nidalee')",0,1,1
"('Alistar', 'Ezreal', 'Jax', 'Nidalee', 'Tristana')",0,1,1
"('Ahri', 'Blitzcrank', 'Draven', 'Jayce', 'Nidalee')",1,0,1
"('Jarvan IV', 'Jax', 'Lissandra', 'Rell', 'Twitch')",1,0,1
"('Azir', 'Diana', ""K'Sante"", ""Kai'Sa"", 'Pyke')",1,0,1
"('Ashe', 'Braum', ""K'Sante"", 'Kindred', 'Malzahar')",1,0,1
"('Anivia', 'Corki', 'Darius', 'Fiddlesticks', 'Rengar')",0,1,1
"('Blitzcrank', 'Gragas', ""Kai'Sa"", 'Taliyah', 'Talon')",0,1,1
"('Bard', 'Jhin', 'Nidalee', 'Renekton', ""Vel'Koz"")",0,1,1
"(""Kai'Sa"", 'Lux', 'Maokai', 'Nidalee', 'Tristana')",1,0,1
"('Galio', 'Graves', 'Ryze', 'Tryndamere', 'Twitch')",1,0,1
"('Blitzcrank', ""Kai'Sa"", 'LeBlanc', 'Lee Sin', 'Sett')",1,0,1
"('Graves', ""K'Sante"", 'Rakan', 'Vladimir', 'Xayah')",0,1,1
"('Azir', 'Kindred', 'Rakan', 'Varus', 'Vladimir')",0,1,1
"('Jhin', 'Neeko', 'Renekton', 'Taliyah', 'Vladimir')",0,1,1
"('Azir', 'Bard', 'Kalista', 'Malphite', 'Taliyah')",1,0,1
"('Lucian', 'Nami', 'Ornn', 'Rengar', 'Viktor')",1,0,1
"('Alistar', 'Jayce', 'Jinx', 'Lee Sin', 'Taliyah')",1,0,1
"('Corki', 'Elise', 'Jayce', ""K'Sante"", 'Rumble')",0,1,1
"('Camille', 'Corki', 'Malphite', 'Rumble', 'Viego')",1,0,1
"('Akali', 'Alistar', 'Lillia', 'Tristana', 'Twitch')",1,0,1
"('Alistar', 'Azir', ""Rek'Sai"", 'Skarner', 'Zeri')",1,0,1
"('Blitzcrank', 'Corki', 'Jayce', 'Kayn', 'Sylas')",1,0,1
"('Ezreal', 'Lee Sin', 'Rell', 'Renekton', 'Taliyah')",1,0,1
"('Akali', 'Corki', 'Janna', 'Lillia', 'Tristana')",1,0,1
"('Corki', 'Hwei', ""K'Sante"", 'Kindred', 'Rakan')",1,0,1
"(""K'Sante"", 'Lee Sin', 'Lucian', 'Nami', 'Twisted Fate')",0,1,1
"('Jhin', 'Neeko', 'Rumble', 'Singed', 'Viego')",1,0,1
"('Lee Sin', 'Lucian', 'Nunu & Willump', 'Olaf', 'Pyke')",1,0,1
"('Ashe', 'Lee Sin', 'Rumble', 'Ryze', 'Varus')",0,1,1
"('Azir', 'Jinx', 'Nunu & Willump', 'Quinn', 'Rell')",0,1,1
"('Camille', 'Graves', 'Hwei', 'Jinx', 'Nautilus')",1,0,1
"('Aatrox', 'Brand', 'Corki', 'Katarina', 'Rell')",0,1,1
"('Heimerdinger', 'Hwei', 'Pyke', 'Twisted Fate', 'Viego')",1,0,1
"('Ashe', 'Camille', 'Irelia', 'Orianna', 'Taliyah')",0,1,1
"('Jhin', 'Ornn', 'Rumble', 'Taliyah', 'Tristana')",0,1,1
"('Aatrox', 'Azir', ""Rek'Sai"", 'Tahm Kench', 'Varus')",1,0,1
"('Azir', 'Braum', 'Jinx', 'Kennen', 'Lillia')",1,0,1
"('Ashe', 'Azir', 'Cassiopeia', 'Jax', 'Rell')",0,1,1
"('Azir', 'Jax', 'Nautilus', 'Viego', 'Zeri')",1,0,1
"('Azir', 'Blitzcrank', 'Jhin', 'Lillia', 'Skarner')",0,1,1
"('Azir', 'Corki', 'Rakan', 'Tryndamere', 'Viego')",0,1,1
"('Azir', 'Jayce', ""Kai'Sa"", 'Master Yi', 'Thresh')",1,0,1
"('Azir', 'Kennen', 'Lulu', 'Samira', 'Viego')",0,1,1
"('Ashe', 'Azir', ""Bel'Veth"", 'Rumble', 'Taric')",1,0,1
"('Akali', 'Akshan', ""Kai'Sa"", 'Rakan', 'Taliyah')",1,0,1
"('Ashe', 'Azir', 'Braum', 'Twisted Fate', 'Viego')",0,1,1
"('Aatrox', 'Azir', 'Jhin', ""Kha'Zix"", 'Skarner')",0,1,1
"('Azir', 'Lee Sin', 'Lulu', 'Skarner', 'Zeri')",1,0,1
"('Alistar', 'Azir', 'Miss Fortune', 'Talon', 'Twisted Fate')",1,0,1
"('Azir', 'Nidalee', 'Rell', 'Skarner', 'Zeri')",1,0,1
"('Hwei', 'Pyke', 'Sejuani', 'Yasuo', 'Zeri')",1,0,1
"('Ahri', 'Garen', 'Thresh', 'Urgot', 'Varus')",1,0,1
"('Aatrox', 'Kalista', 'Neeko', ""Rek'Sai"", 'Xerath')",0,1,1
"('Gragas', 'Gwen', 'Jayce', 'Jinx', 'Olaf')",1,0,1
"('Ahri', ""K'Sante"", 'Pyke', 'Vi', 'Xayah')",1,0,1
"('Graves', 'Jax', ""Kai'Sa"", 'Nautilus', 'Zoe')",1,0,1
"('Corki', 'Jax', 'Karthus', 'Lee Sin', 'Rakan')",1,0,1
"('Ahri', 'Graves', 'Jinx', ""K'Sante"", 'Nautilus')",0,1,1
"('Camille', 'Corki', 'Karthus', 'Taric', 'Yone')",0,1,1
"('Ashe', ""K'Sante"", 'Kalista', 'Nidalee', 'Riven')",0,1,1
"('Karthus', 'Lucian', 'Nami', 'Renekton', 'Tristana')",0,1,1
"('Alistar', 'Nidalee', 'Rumble', 'Sivir', 'Yasuo')",0,1,1
"('Ahri', 'Jinx', 'Milio', 'Nidalee', 'Renekton')",1,0,1
"('Cassiopeia', 'LeBlanc', 'Lucian', 'Milio', 'Xin Zhao')",0,1,1
"('Alistar', 'Corki', 'Galio', 'Graves', 'Twisted Fate')",1,0,1
"('Braum', 'Graves', 'Gwen', 'Jinx', 'Taliyah')",1,0,1
"('Aphelios', 'Bard', 'Fiora', 'Graves', 'Taliyah')",0,1,1
"('Aatrox', 'Karthus', 'Leona', 'Varus', 'Yone')",0,1,1
"('Ezreal', 'Seraphine', 'Skarner', 'Xerath', 'Xin Zhao')",1,0,1
"('Brand', 'Fiora', 'Senna', 'Seraphine', 'Tristana')",1,0,1
"('Rammus', 'Rell', 'Taliyah', ""Vel'Koz"", 'Yone')",0,1,1
"('Ahri', 'Camille', ""Rek'Sai"", 'Seraphine', ""Vel'Koz"")",0,1,1
"('Camille', 'Karthus', 'Nautilus', 'Taliyah', 'Zeri')",1,0,1
"('Camille', 'Jayce', 'Kalista', 'Taliyah', 'Twisted Fate')",1,0,1
"('Graves', 'Poppy', 'Sylas', 'Thresh', 'Varus')",0,1,1
"('Ahri', 'Graves', ""Kai'Sa"", 'Taric', 'Volibear')",0,1,1
"('Darius', 'Dr. Mundo', 'Hwei', 'Jhin', 'Lee Sin')",0,1,1
"('Akshan', 'Ashe', 'Cassiopeia', 'Lillia', 'Rumble')",0,1,1
"('Jayce', 'Jhin', 'Karma', 'Karthus', 'Ryze')",1,0,1
"('Ahri', 'Graves', 'Jinx', ""K'Sante"", 'Thresh')",0,1,1
"('Jhin', 'Karthus', 'Rakan', 'Skarner', 'Vayne')",1,0,1
"('Jayce', 'Jhin', 'Karthus', 'Pyke', 'Yasuo')",1,0,1
"('Graves', 'Rumble', 'Sett', 'Yuumi', 'Zeri')",0,1,1
"(""Kai'Sa"", 'Karthus', 'Rumble', 'Seraphine', 'Tristana')",1,0,1
"('Akshan', 'Aphelios', 'Graves', 'Gwen', 'Seraphine')",0,1,1
"('Caitlyn', 'Hwei', 'Karthus', 'Poppy', 'Skarner')",1,0,1
"(""Kai'Sa"", 'Nautilus', 'Nidalee', 'Talon', 'Udyr')",0,1,1
"('Karthus', ""Kog'Maw"", 'Pyke', 'Tristana', 'Zyra')",1,0,1
"('Camille', 'Corki', 'Jayce', 'Karthus', 'Leona')",1,0,1
"('Camille', 'Graves', 'Jinx', 'LeBlanc', 'Rell')",1,0,1
"('Braum', 'Corki', 'Mordekaiser', 'Nidalee', 'Tristana')",0,1,1
"('Akshan', 'Aphelios', 'Camille', 'Gnar', 'Karthus')",1,0,1
"('Azir', 'Fiora', 'Rell', 'Varus', 'Viego')",0,1,1
"('Azir', 'Graves', 'Rell', 'Xayah', 'Zac')",0,1,1
"('Jinx', 'Maokai', 'Pantheon', 'Vladimir', 'Zyra')",1,0,1
"('Ashe', 'Azir', 'Rengar', 'Skarner', 'Xerath')",1,0,1
"('Ahri', 'Irelia', 'Kalista', 'Renata Glasc', 'Vi')",0,1,1
"('Elise', 'Irelia', 'Jhin', 'Katarina', 'Rell')",1,0,1
"('Irelia', 'Kennen', 'Miss Fortune', 'Nautilus', 'Nidalee')",0,1,1
"('Galio', 'Graves', 'Kennen', 'Rakan', 'Twitch')",1,0,1
"('Ashe', 'Hwei', 'Jayce', ""Kha'Zix"", 'Pyke')",1,0,1
"('Jinx', 'Nidalee', 'Sion', 'Thresh', 'Twisted Fate')",1,0,1
"('Corki', 'Graves', 'Rumble', 'Sivir', 'Thresh')",0,1,1
"('Corki', 'Gragas', 'Katarina', 'Lee Sin', 'Thresh')",1,0,1
"('Ashe', 'Brand', 'Jayce', 'Tristana', 'Zac')",1,0,1
"('Nidalee', 'Rakan', 'Tahm Kench', 'Twisted Fate', 'Twitch')",1,0,1
"('Ashe', 'Janna', 'Taliyah', 'Volibear', 'Yasuo')",1,0,1
"('Ashe', 'Graves', 'Rumble', 'Thresh', 'Tristana')",0,1,1
"('Ashe', 'Braum', 'Hecarim', 'Twisted Fate', 'Varus')",1,0,1
"('Ashe', 'Lux', 'Pantheon', 'Skarner', 'Vi')",1,0,1
"('Lee Sin', 'Lucian', 'Lux', 'Nidalee', 'Varus')",0,1,1
"('Aphelios', 'Brand', 'Orianna', 'Thresh', 'Viego')",1,0,1
"('Ashe', 'Hwei', 'Lee Sin', 'Thresh', 'Viego')",0,1,1
"('Brand', 'Camille', 'Corki', 'Irelia', 'Tristana')",0,1,1
"('Irelia', 'Kled', 'Lillia', 'Nautilus', 'Smolder')",0,1,1
"('Irelia', 'Nidalee', 'Rakan', 'Varus', 'Zoe')",1,0,1
"('Hwei', 'Rumble', 'Samira', 'Thresh', 'Viego')",1,0,1
"('Graves', 'Jinx', 'LeBlanc', 'Skarner', 'Thresh')",0,1,1
"('Alistar', 'Brand', 'Camille', 'Jhin', 'Tristana')",1,0,1
"('Aatrox', 'Brand', 'Jayce', ""Kai'Sa"", 'Rell')",1,0,1
"('Azir', 'Jax', ""Kai'Sa"", 'Pyke', ""Rek'Sai"")",0,1,1
"('Graves', 'Jhin', ""K'Sante"", 'Lissandra', 'Seraphine')",0,1,1
"('Braum', 'Caitlyn', 'Karthus', 'Master Yi', 'Yone')",0,1,1
"('Akshan', 'Ashe', 'Karthus', 'Thresh', 'Twisted Fate')",1,0,1
"('Jhin', ""K'Sante"", 'Kennen', 'Lee Sin', 'Taliyah')",1,0,1
"('Irelia', 'Nunu & Willump', 'Pyke', 'Samira', 'Taliyah')",0,1,1
"('Aurelion Sol', 'Blitzcrank', 'Illaoi', ""Kai'Sa"", 'Lee Sin')",1,0,1
"('Alistar', 'Aurelion Sol', 'Graves', 'Illaoi', 'Varus')",0,1,1
"('Ashe', 'Pantheon', 'Rumble', 'Tristana', 'Xerath')",0,1,1
"('Aphelios', 'Nautilus', 'Nidalee', 'Tristana', 'Vayne')",1,0,1
"('Darius', 'Jinx', 'Lillia', 'Nautilus', 'Tristana')",1,0,1
"('Diana', 'Leona', 'Vayne', 'Yasuo', 'Ziggs')",1,0,1
"('Alistar', 'Irelia', 'Jarvan IV', 'Rumble', 'Xayah')",1,0,1
"('Aphelios', 'Graves', 'Orianna', 'Renekton', 'Thresh')",1,0,1
"('Ashe', 'Elise', 'Malphite', 'Seraphine', 'Warwick')",1,0,1
"('Ezreal', 'Gnar', 'Jayce', 'Karma', 'Karthus')",1,0,1
"('Azir', 'Rumble', 'Varus', 'Yone', 'Zilean')",0,1,1
"('Azir', ""Cho'Gath"", 'Lucian', 'Master Yi', 'Yuumi')",1,0,1
"('Azir', 'Bard', 'Ezreal', 'Ornn', 'Viego')",0,1,1
"('Aatrox', 'Azir', 'Lucian', 'Nami', 'Rumble')",0,1,1
"('Azir', 'Camille', 'Draven', 'Nautilus', 'Viego')",1,0,1
"('Azir', 'Lucian', 'Nami', 'Viego', 'Yone')",1,0,1
"('Azir', 'Braum', 'Master Yi', 'Volibear', 'Zeri')",1,0,1
"('Azir', 'Jax', ""Kha'Zix"", 'Varus', 'Zoe')",1,0,1
"('Azir', 'Nasus', 'Rakan', 'Varus', 'Viego')",1,0,1
"('Azir', 'Lee Sin', 'Lucian', 'Nami', 'Ryze')",0,1,1
"('Azir', 'Jinx', 'Lulu', ""Rek'Sai"", 'Teemo')",1,0,1
"('Azir', 'Gnar', 'Nidalee', 'Poppy', 'Varus')",1,0,1
"('Ashe', 'Azir', 'Braum', 'Lee Sin', 'Shen')",1,0,1
"('Aphelios', 'Azir', 'Graves', 'Jax', 'Nautilus')",1,0,1
"('Azir', 'Jax', ""Kai'Sa"", 'Nautilus', 'Nidalee')",0,1,1
"('Ashe', 'Azir', 'Blitzcrank', ""Rek'Sai"", 'Rumble')",0,1,1
"('Azir', 'Braum', 'Jinx', 'Kindred', 'Malphite')",1,0,1
"('Azir', 'Camille', 'Corki', 'Lillia', 'Maokai')",0,1,1
"('Alistar', 'Azir', 'Samira', 'Sejuani', 'Skarner')",0,1,1
"('Aatrox', 'Azir', 'Bard', ""Rek'Sai"", 'Ziggs')",1,0,1
"('Azir', 'Braum', 'Corki', 'Nidalee', 'Zac')",1,0,1
"('Azir', 'Ezreal', ""Kog'Maw"", 'Nidalee', 'Pyke')",0,1,1
"('Azir', 'Cassiopeia', 'Graves', 'Thresh', 'Xayah')",0,1,1
"('Azir', 'Blitzcrank', ""Kai'Sa"", 'Nidalee', 'Urgot')",1,0,1
"('Ashe', 'Azir', 'Elise', 'Renekton', 'Soraka')",1,0,1
"('Azir', 'Ezreal', 'Karma', 'Olaf', 'Viego')",0,1,1
"('Anivia', 'Azir', 'Jhin', 'Nautilus', 'Viego')",0,1,1
"('Corki', 'Gnar', 'Gragas', 'Katarina', 'Renata Glasc')",0,1,1
"('Azir', 'Bard', 'Camille', 'Lee Sin', 'Zeri')",0,1,1
"('Azir', 'Graves', 'Nautilus', 'Rumble', 'Zeri')",1,0,1
"('Azir', 'Corki', 'Karthus', 'Rell', 'Renekton')",0,1,1
"('Azir', 'Maokai', 'Nidalee', 'Renekton', 'Samira')",1,0,1
"('Azir', 'Cassiopeia', 'Lucian', 'Nami', ""Rek'Sai"")",0,1,1
"('Ashe', 'Azir', 'Lee Sin', 'Seraphine', 'Sett')",0,1,1
"('Azir', 'Corki', ""K'Sante"", 'Maokai', 'Nidalee')",0,1,1
"('Gragas', 'Graves', 'Hwei', 'Jinx', 'Nautilus')",1,0,1
"('Azir', 'Gwen', ""Kai'Sa"", 'Rakan', 'Viego')",1,0,1
"('Camille', 'Fiddlesticks', 'Galio', ""Vel'Koz"", 'Zoe')",0,1,1
"('Alistar', 'Graves', 'Jax', ""Vel'Koz"", 'Yone')",0,1,1
"('Fiora', 'Graves', 'Pantheon', 'Seraphine', 'Syndra')",1,0,1
"('Annie', 'Pyke', 'Tryndamere', ""Vel'Koz"", 'Viego')",1,0,1
"('Graves', 'Heimerdinger', 'Jax', 'Nautilus', 'Twisted Fate')",1,0,1
"('Aatrox', 'Aurelion Sol', ""Kha'Zix"", 'LeBlanc', 'Rell')",1,0,1
"('Ashe', 'Gwen', 'Hwei', 'Nautilus', 'Shaco')",1,0,1
"('Camille', 'Seraphine', 'Sivir', 'Sylas', 'Viego')",0,1,1
"('Ashe', 'Lee Sin', 'Renekton', 'Thresh', 'Viktor')",0,1,1
"('Ashe', 'Lee Sin', 'Skarner', 'Taliyah', 'Zeri')",1,0,1
"('Akali', 'Nilah', 'Seraphine', 'Taliyah', 'Viego')",1,0,1
"('Braum', 'Corki', 'Sejuani', 'Sylas', 'Xin Zhao')",1,0,1
"('Graves', 'Jayce', 'Nautilus', 'Nilah', 'Taliyah')",1,0,1
"('Bard', 'Ezreal', 'Lillia', 'Renekton', 'Tristana')",1,0,1
"('Akshan', 'Braum', 'Elise', ""K'Sante"", 'Tristana')",1,0,1
"('Ashe', 'Bard', 'Renekton', 'Taliyah', 'Tristana')",1,0,1
"('Ashe', 'Galio', 'Poppy', 'Skarner', 'Viego')",1,0,1
"('Nautilus', 'Nidalee', 'Tristana', 'Volibear', 'Zed')",1,0,1
"('Akali', 'Illaoi', 'Jhin', 'Lee Sin', 'Leona')",0,1,1
"('Lillia', 'Maokai', 'Renekton', 'Senna', 'Tristana')",0,1,1
"('Akali', 'Ashe', 'Camille', 'Kindred', 'Rell')",0,1,1
"('Ashe', 'Graves', 'LeBlanc', 'Skarner', 'Thresh')",1,0,1
"('Cassiopeia', ""Kha'Zix"", 'Orianna', 'Pantheon', 'Rakan')",1,0,1
"('Galio', 'Garen', 'Graves', 'Seraphine', 'Zeri')",1,0,1
"('Karma', 'Nidalee', 'Pantheon', 'Tristana', 'Varus')",0,1,1
"('Corki', 'Lillia', 'Rell', 'Vayne', 'Zed')",0,1,1
"('Sett', 'Taliyah', 'Varus', 'Yasuo', 'Zyra')",1,0,1
"('Lillia', 'Senna', 'Skarner', 'Tristana', 'Varus')",1,0,1
"('Jax', 'Jinx', 'Nautilus', 'Taliyah', 'Viego')",0,1,1
"('Ekko', 'Jax', 'Miss Fortune', 'Pantheon', 'Rell')",0,1,1
"('Camille', 'Hwei', ""Kai'Sa"", 'Nidalee', 'Poppy')",0,1,1
"('Galio', 'Graves', 'Rakan', 'Ryze', 'Xayah')",1,0,1
"('Ashe', 'Corki', 'Gnar', 'Leona', 'Nidalee')",1,0,1
"('Blitzcrank', 'Jinx', 'Nidalee', 'Singed', 'Twisted Fate')",1,0,1
"('Alistar', 'Hwei', 'Jax', 'Lee Sin', 'Varus')",0,1,1
"('Ashe', 'Elise', 'Gragas', 'Rell', 'Tristana')",1,0,1
"('Ashe', 'Corki', 'Kennen', 'Leona', 'Taliyah')",0,1,1
"('Ekko', 'Jhin', 'Poppy', 'Seraphine', 'Yone')",0,1,1
"('Blitzcrank', 'Fiora', 'Taliyah', 'Tristana', ""Vel'Koz"")",0,1,1
"('Rell', 'Rumble', 'Samira', 'Twisted Fate', 'Viego')",1,0,1
"('Lucian', 'Rumble', 'Shaco', 'Twisted Fate', 'Volibear')",0,1,1
"(""Kai'Sa"", 'LeBlanc', 'Lee Sin', 'Nautilus', 'Yone')",1,0,1
"('Camille', ""Kai'Sa"", 'Kennen', 'Kindred', ""Vel'Koz"")",0,1,1
"('Aphelios', 'Karthus', 'Riven', 'Thresh', ""Vel'Koz"")",1,0,1
"('Graves', 'Katarina', 'Taric', 'Tryndamere', 'Twisted Fate')",1,0,1
"('Jinx', 'LeBlanc', ""Rek'Sai"", 'Taric', 'Twisted Fate')",0,1,1
"('Anivia', 'Jayce', 'Smolder', 'Viego', 'Yuumi')",0,1,1
"('Jax', 'Kindred', 'Taric', 'Vayne', ""Vel'Koz"")",0,1,1
"('Kayn', 'Taric', 'Tristana', 'Udyr', ""Vel'Koz"")",0,1,1
"('Akali', 'Jax', 'Taliyah', 'Taric', 'Varus')",0,1,1
"('Nidalee', 'Ornn', 'Sivir', 'Talon', 'Taric')",1,0,1
"('Ahri', ""Bel'Veth"", 'Camille', 'Lucian', 'Taric')",0,1,1
"('Jarvan IV', 'LeBlanc', 'Skarner', 'Taric', 'Zeri')",0,1,1
"('Gragas', 'Gwen', 'Jax', 'Varus', ""Vel'Koz"")",1,0,1
"('Lillia', 'Nasus', 'Taric', 'Yone', 'Zeri')",1,0,1
"('Corki', 'Kalista', 'Nunu & Willump', 'Riven', 'Taric')",0,1,1
"('Rakan', 'Taliyah', 'Vladimir', 'Yone', 'Zeri')",1,0,1
"('Cassiopeia', 'Draven', 'Nautilus', 'Talon', 'Vladimir')",0,1,1
"('Akali', ""Kai'Sa"", 'Lee Sin', 'Rell', 'Vladimir')",1,0,1
"('Corki', 'Seraphine', 'Tristana', 'Viego', 'Vladimir')",1,0,1
"('Ahri', 'Ezreal', 'Pantheon', 'Soraka', 'Vladimir')",0,1,1
"('Alistar', 'Ashe', ""K'Sante"", 'Karthus', 'Katarina')",1,0,1
"('Jhin', ""Kha'Zix"", 'Taric', 'Udyr', ""Vel'Koz"")",0,1,1
"('Graves', 'Jax', 'Nautilus', 'Varus', ""Vel'Koz"")",0,1,1
"('Karthus', ""Kog'Maw"", 'Lulu', 'Tryndamere', ""Vel'Koz"")",0,1,1
"('Jhin', 'Seraphine', 'Skarner', ""Vel'Koz"", 'Viego')",0,1,1
"('Hecarim', ""Kai'Sa"", 'Nautilus', 'Twisted Fate', ""Vel'Koz"")",0,1,1
"('Jhin', 'Nidalee', 'Rell', 'Urgot', ""Vel'Koz"")",0,1,1
"('Fiddlesticks', 'Jayce', 'Jinx', 'Rell', ""Vel'Koz"")",0,1,1
"('Gwen', ""Kai'Sa"", 'Lulu', 'Renekton', ""Vel'Koz"")",1,0,1
"('Aatrox', 'Rell', ""Vel'Koz"", 'Wukong', 'Zeri')",1,0,1
"('Graves', 'Jhin', 'Sona', ""Vel'Koz"", 'Yone')",0,1,1
"('Karthus', 'Thresh', 'Tryndamere', 'Veigar', ""Vel'Koz"")",0,1,1
"('Jinx', 'Kayn', 'Lulu', 'Skarner', ""Vel'Koz"")",0,1,1
"('Aphelios', 'Gragas', 'Lee Sin', 'Tahm Kench', ""Vel'Koz"")",1,0,1
"('Lucian', 'Seraphine', ""Vel'Koz"", 'Viego', 'Warwick')",1,0,1
"('Graves', 'Heimerdinger', 'Jayce', 'Rakan', ""Vel'Koz"")",0,1,1
"('Aatrox', 'Ashe', ""Kha'Zix"", 'Nautilus', ""Vel'Koz"")",1,0,1
"('Ezreal', 'Graves', 'Jax', 'Pyke', ""Vel'Koz"")",1,0,1
"(""K'Sante"", 'Nautilus', ""Vel'Koz"", 'Viego', 'Zeri')",0,1,1
"('Jax', 'Lucian', 'Milio', 'Vayne', ""Vel'Koz"")",1,0,1
"('Corki', 'Fiddlesticks', 'Jax', ""Kai'Sa"", 'Nautilus')",1,0,1
"('Camille', 'Hwei', 'Nautilus', 'Tristana', 'Viego')",0,1,1
"('Jinx', 'Lillia', 'Nautilus', 'Sion', 'Tristana')",1,0,1
"('Alistar', 'Corki', 'Gnar', 'Jinx', ""Kha'Zix"")",0,1,1
"('Braum', 'Ezreal', 'Gnar', 'Gragas', ""Rek'Sai"")",1,0,1
"('Graves', 'Nautilus', 'Swain', 'Tristana', 'Varus')",1,0,1
"(""Kai'Sa"", 'Neeko', 'Orianna', 'Ornn', 'Viego')",0,1,1
"('Braum', 'Gnar', 'Graves', 'Lissandra', 'Zeri')",0,1,1
"('Blitzcrank', 'Corki', 'Diana', 'Gnar', 'Yasuo')",0,1,1
"('Ashe', 'Braum', 'Gnar', 'Lee Sin', 'Syndra')",0,1,1
"('Hecarim', 'Lissandra', 'Lucian', 'Ornn', 'Seraphine')",0,1,1
"('Hwei', 'Katarina', ""Kha'Zix"", 'Sejuani', 'Varus')",0,1,1
"('Caitlyn', 'Gnar', 'Rell', 'Taliyah', 'Zed')",1,0,1
"('Camille', 'Corki', 'Gnar', 'Graves', 'Ziggs')",0,1,1
"('Blitzcrank', 'Corki', 'Lillia', 'Ornn', 'Zed')",1,0,1
"('Gnar', ""Kai'Sa"", 'Nidalee', 'Pyke', 'Zoe')",1,0,1
"('Gnar', 'Neeko', 'Nidalee', 'Pantheon', 'Varus')",1,0,1
"('Ahri', 'Ashe', 'Gnar', ""Rek'Sai"", 'Rell')",0,1,1
"('Ashe', 'Galio', 'Gnar', 'Karthus', 'Seraphine')",0,1,1
"('Jax', 'Jinx', 'Lillia', 'Qiyana', 'Rell')",0,1,1
"('Graves', 'Kalista', 'Seraphine', 'Swain', 'Taliyah')",0,1,1
"('Corki', 'Galio', 'Gnar', 'Taliyah', 'Yasuo')",0,1,1
"('Ashe', 'Mordekaiser', 'Tryndamere', 'Varus', 'Viego')",1,0,1
"('Camille', 'Corki', 'Fiddlesticks', 'Karthus', ""Vel'Koz"")",1,0,1
"('Aatrox', 'Alistar', 'Galio', ""Rek'Sai"", ""Vel'Koz"")",1,0,1
"(""Kai'Sa"", 'Pyke', 'Sejuani', ""Vel'Koz"", 'Viego')",1,0,1
"('Alistar', 'Graves', 'Heimerdinger', 'Seraphine', 'Zed')",0,1,1
"('Jayce', 'Rell', 'Twisted Fate', ""Vel'Koz"", 'Viego')",0,1,1
"('Hwei', 'Lucian', 'Poppy', 'Seraphine', 'Vayne')",1,0,1
"('Caitlyn', 'Graves', 'Nautilus', 'Rumble', ""Vel'Koz"")",0,1,1
"('Darius', 'Karthus', 'Senna', 'Seraphine', 'Talon')",0,1,1
"('Ezreal', 'Hecarim', 'Pantheon', 'Seraphine', 'Sylas')",0,1,1
"('Galio', 'Gnar', 'Graves', 'Heimerdinger', 'Swain')",0,1,1
"('Annie', 'Blitzcrank', 'Gnar', 'Jinx', 'Shaco')",0,1,1
"('Azir', 'Corki', 'Gnar', 'Heimerdinger', 'Shaco')",0,1,1
"('Braum', 'Gnar', 'Hwei', 'Lee Sin', 'Lucian')",1,0,1
"('Gnar', 'Lee Sin', 'Rakan', 'Ryze', 'Xayah')",0,1,1
"('Lee Sin', 'Nautilus', 'Swain', 'Talon', 'Twisted Fate')",1,0,1
"('Gnar', 'Jinx', 'Lulu', 'Skarner', 'Vex')",1,0,1
"('Gnar', 'Gwen', 'LeBlanc', 'Taric', 'Varus')",0,1,1
"('Jax', 'Jinx', 'Leona', 'Skarner', 'Vex')",1,0,1
"('Darius', ""Kai'Sa"", 'Neeko', 'Taliyah', 'Viego')",0,1,1
"('Corki', 'Ekko', 'Rakan', 'Tristana', 'Vayne')",1,0,1
"('Bard', 'Corki', 'Taliyah', 'Talon', 'Wukong')",0,1,1
"('Ashe', 'Azir', 'Sona', 'Vayne', 'Xin Zhao')",1,0,1
"('Corki', 'Darius', 'Lillia', 'Pyke', 'Yone')",1,0,1
"(""Kai'Sa"", 'Maokai', 'Skarner', 'Taliyah', 'Viego')",1,0,1
"('Cassiopeia', 'Karthus', 'Nautilus', 'Tristana', 'Zeri')",1,0,1
"('Lee Sin', 'Orianna', 'Rakan', 'Twisted Fate', 'Zeri')",0,1,1
"('Akali', 'Kayn', 'Neeko', 'Varus', 'Vladimir')",1,0,1
"('Garen', 'Kalista', 'Neeko', ""Rek'Sai"", 'Zoe')",0,1,1
"('Aatrox', 'Lee Sin', 'Lucian', 'Nautilus', 'Vladimir')",1,0,1
"(""Kai'Sa"", ""Kha'Zix"", 'Nautilus', 'Renekton', 'Twisted Fate')",1,0,1
"('Jinx', ""K'Sante"", 'Rell', 'Rumble', 'Yone')",0,1,1
"('Nidalee', 'Riven', 'Senna', 'Yone', 'Zeri')",1,0,1
"('Alistar', 'Corki', 'Irelia', 'Lillia', 'Rengar')",0,1,1
"('Jhin', 'Riven', 'Rumble', 'Sylas', 'Viego')",0,1,1
"('Diana', 'Lillia', 'Neeko', 'Varus', 'Yasuo')",1,0,1
"('Lucian', 'Nami', 'Sylas', 'Udyr', 'Xin Zhao')",0,1,1
"('Alistar', 'Aurelion Sol', 'Graves', ""Kai'Sa"", 'Riven')",1,0,1
"('Aphelios', 'Aurelion Sol', 'Camille', 'Gwen', 'Kindred')",0,1,1
"(""Kai'Sa"", 'Leona', 'Nidalee', 'Twisted Fate', 'Vayne')",1,0,1
"('Hwei', 'Irelia', 'Kindred', 'Rell', 'Varus')",1,0,1
"('Aatrox', 'Braum', 'Taliyah', 'Yasuo', 'Zeri')",1,0,1
"('Alistar', 'Hwei', ""Kha'Zix"", 'Skarner', 'Varus')",0,1,1
"('Fiora', 'Galio', ""Kai'Sa"", 'Rumble', 'Twisted Fate')",0,1,1
"('Karma', 'Mordekaiser', 'Tristana', 'Varus', 'Viego')",0,1,1
"('Camille', 'Kassadin', 'Lulu', 'Mordekaiser', 'Zeri')",0,1,1
"('Lillia', 'Sett', 'Thresh', 'Tristana', 'Zeri')",0,1,1
"('Camille', 'Fiddlesticks', 'Tristana', 'Yuumi', 'Zeri')",1,0,1
"('Camille', 'Ekko', ""Kai'Sa"", 'Nautilus', 'Tristana')",1,0,1
"('Aatrox', 'Akali', 'Rakan', 'Viego', 'Zeri')",1,0,1
"('Camille', 'Corki', 'Maokai', 'Taliyah', 'Yone')",1,0,1
"('Hecarim', 'Syndra', 'Viego', 'Zeri', 'Zoe')",0,1,1
"('Bard', ""Bel'Veth"", ""K'Sante"", 'LeBlanc', 'Zeri')",1,0,1
"('Ashe', 'Corki', 'Illaoi', 'Poppy', 'Taliyah')",1,0,1
"('Camille', 'Lee Sin', 'Rumble', 'Taliyah', 'Xayah')",1,0,1
"(""Kai'Sa"", 'Karma', 'Lee Sin', 'Taliyah', 'Tryndamere')",1,0,1
"('Jinx', ""K'Sante"", 'Leona', 'Orianna', 'Rengar')",1,0,1
"('Brand', 'Corki', ""K'Sante"", 'Nautilus', 'Tristana')",1,0,1
"('Azir', 'Graves', 'Thresh', 'Tryndamere', 'Varus')",1,0,1
"('Aurelion Sol', 'Graves', 'Jax', ""Kai'Sa"", 'Nautilus')",1,0,1
"('Aatrox', 'Ashe', 'Gragas', 'Hwei', 'Viego')",1,0,1
"('Caitlyn', 'Diana', 'Kennen', ""Kha'Zix"", 'Thresh')",1,0,1
"('Annie', 'Pyke', 'Samira', 'Skarner', 'Viego')",1,0,1
"('Annie', 'Illaoi', 'Lee Sin', 'Rell', 'Ziggs')",0,1,1
"('Annie', 'Shaco', 'Tristana', 'Viego', 'Vladimir')",1,0,1
"('Annie', 'Graves', 'Jax', 'Nautilus', 'Varus')",1,0,1
"('Ahri', 'Hwei', 'Jhin', 'Lee Sin', 'Pantheon')",0,1,1
"('Akali', 'Hwei', 'Jhin', 'Rell', 'Viego')",0,1,1
"('Annie', 'Jhin', 'Twisted Fate', 'Zac', 'Zoe')",1,0,1
"('Annie', 'Graves', ""Kai'Sa"", 'Poppy', 'Pyke')",1,0,1
"('Ezreal', 'Kassadin', 'Nidalee', 'Qiyana', 'Zyra')",0,1,1
"('Ezreal', 'Lillia', 'Rumble', 'Senna', 'Talon')",1,0,1
"('Ezreal', 'Kassadin', 'Kindred', 'Rakan', 'Renekton')",0,1,1
"('Alistar', 'Ezreal', ""K'Sante"", 'Lucian', 'Taliyah')",1,0,1
"('Ahri', 'Ashe', 'Ezreal', 'Gnar', 'Viego')",0,1,1
"(""K'Sante"", ""Kai'Sa"", 'Lillia', 'Pyke', 'Viego')",1,0,1
"('Diana', 'Gragas', 'Nautilus', 'Varus', 'Yasuo')",0,1,1
"('Camille', 'Lucian', 'Nami', 'Qiyana', 'Sylas')",0,1,1
"('Hwei', 'Jinx', ""K'Sante"", 'Nautilus', 'Viego')",0,1,1
"('Annie', 'Lulu', 'Skarner', 'Varus', 'Viego')",0,1,1
"('Annie', 'Jax', 'Jinx', 'Kindred', 'Thresh')",1,0,1
"('Annie', 'Jax', 'Lee Sin', 'Rell', 'Varus')",0,1,1
"('Alistar', 'Katarina', 'Lee Sin', 'Malphite', 'Zeri')",0,1,1
"('Diana', 'Draven', ""K'Sante"", 'Leona', ""Rek'Sai"")",0,1,1
"('Alistar', 'Mordekaiser', 'Nidalee', 'Samira', 'Talon')",0,1,1
"('Aatrox', 'Bard', 'Caitlyn', ""Kha'Zix"", 'Sylas')",1,0,1
"('Aphelios', 'Elise', 'Pantheon', 'Pyke', 'Skarner')",0,1,1
"('Azir', 'Graves', ""Kai'Sa"", 'Nasus', 'Rakan')",1,0,1
"('Aurelion Sol', 'Fiora', ""Kai'Sa"", 'Kindred', 'Nautilus')",1,0,1
"('Graves', 'Nasus', 'Nautilus', 'Senna', 'Sylas')",0,1,1
"('Corki', ""Kai'Sa"", ""Kha'Zix"", 'Thresh', 'Udyr')",1,0,1
"('Annie', 'Irelia', 'Lee Sin', 'Rakan', 'Sivir')",0,1,1
"(""Bel'Veth"", ""Kai'Sa"", 'Katarina', 'Rell', 'Skarner')",0,1,1
"(""Kai'Sa"", 'Nidalee', ""Rek'Sai"", 'Thresh', 'Tristana')",1,0,1
"('Caitlyn', 'Karma', 'Malphite', 'Pantheon', 'Taliyah')",0,1,1
"(""Bel'Veth"", 'Jinx', 'Rumble', 'Tryndamere', 'Zoe')",0,1,1
"('Ashe', 'Gwen', 'Seraphine', 'Viego', 'Zac')",1,0,1
"('Annie', 'Mordekaiser', 'Pyke', ""Rek'Sai"", 'Sivir')",1,0,1
"('Annie', 'Draven', 'Gwen', 'Nautilus', ""Rek'Sai"")",0,1,1
"('Camille', 'Corki', 'Ezreal', 'Taliyah', 'Taric')",0,1,1
"('Aphelios', 'Galio', 'Rengar', 'Skarner', 'Zac')",0,1,1
"('Corki', 'Karthus', 'Rakan', 'Sion', 'Sylas')",0,1,1
"('Corki', ""Kai'Sa"", 'Malphite', 'Rell', 'Taliyah')",1,0,1
"('Ahri', 'Irelia', ""Kai'Sa"", 'Rakan', ""Rek'Sai"")",1,0,1
"('Hwei', 'Jax', ""Kai'Sa"", 'Nautilus', 'Rumble')",0,1,1
"('Akshan', 'Camille', ""Kai'Sa"", 'Lillia', 'Rumble')",1,0,1
"('Akali', 'Jax', 'Lucian', 'Soraka', 'Zac')",1,0,1
"('Hecarim', ""K'Sante"", ""Kai'Sa"", 'LeBlanc', 'Zyra')",1,0,1
"('Nautilus', 'Ryze', 'Vayne', 'Viego', 'Xayah')",1,0,1
"('Jayce', ""Kai'Sa"", 'Lee Sin', 'Nautilus', 'Zoe')",1,0,1
"('Corki', ""Kai'Sa"", 'Rammus', 'Seraphine', 'Taliyah')",1,0,1
"('Ahri', 'Braum', 'Jinx', 'Nidalee', 'Vayne')",1,0,1
"('Aatrox', 'Camille', 'Ezreal', 'Galio', 'Viego')",1,0,1
"('Ashe', 'Camille', 'Jhin', 'Karthus', 'Twisted Fate')",1,0,1
"('Blitzcrank', 'Jayce', 'Mordekaiser', ""Rek'Sai"", 'Zeri')",1,0,1
"('Jinx', 'Olaf', 'Taliyah', 'Thresh', 'Zed')",0,1,1
"('Fiora', 'Kalista', 'Lillia', 'Pyke', 'Talon')",1,0,1
"(""Kai'Sa"", 'Nautilus', 'Nidalee', 'Pantheon', 'Skarner')",1,0,1
"('Ahri', 'Jayce', 'Kindred', 'Nautilus', 'Senna')",0,1,1
"('Akshan', ""Kai'Sa"", 'Nautilus', 'Nidalee', 'Udyr')",1,0,1
"('Blitzcrank', 'Fiora', ""Kai'Sa"", 'Taliyah', 'Twisted Fate')",1,0,1
"('Jax', 'Jhin', 'Karthus', 'Pyke', 'Twisted Fate')",1,0,1
"('Aurelion Sol', 'Jinx', 'Nautilus', 'Udyr', 'Wukong')",1,0,1
"('Aphelios', 'Blitzcrank', 'Brand', 'Gnar', 'Yone')",1,0,1
"('Aphelios', 'Blitzcrank', 'Graves', 'Hwei', 'Renekton')",1,0,1
"('Blitzcrank', 'Hwei', 'Jhin', 'Lee Sin', 'Rumble')",0,1,1
"('Hwei', 'Jinx', 'Nautilus', 'Quinn', 'Viego')",1,0,1
"('Ashe', 'Ezreal', 'Orianna', 'Ornn', 'Viego')",0,1,1
"('Aphelios', ""K'Sante"", 'Tristana', 'Yuumi', 'Zac')",1,0,1
"(""Kai'Sa"", 'Karthus', 'Pyke', 'Skarner', 'Yone')",0,1,1
"('Azir', 'Corki', 'Jayce', 'Pyke', 'Taliyah')",1,0,1
"('Blitzcrank', 'Garen', ""Kai'Sa"", 'Katarina', 'Viego')",1,0,1
"('Aphelios', 'Blitzcrank', 'Gwen', 'Hwei', ""Rek'Sai"")",1,0,1
"('Aurelion Sol', 'Braum', 'Ezreal', 'Graves', 'Jayce')",0,1,1
"('Gwen', 'Jhin', 'Rell', 'Taliyah', 'Zed')",1,0,1
"('Brand', 'Irelia', 'Jhin', 'Rumble', 'Yone')",0,1,1
"('Camille', 'Gragas', 'Lillia', 'Lucian', 'Malzahar')",0,1,1
"('Akali', 'Aphelios', 'Fiora', 'Jax', 'Nautilus')",1,0,1
"('Blitzcrank', ""Kai'Sa"", 'Shaco', 'Sylas', 'Xerath')",1,0,1
"('Caitlyn', 'Graves', 'Katarina', 'Thresh', 'Tryndamere')",0,1,1
"('Ashe', 'Aurelion Sol', 'Leona', 'Pantheon', 'Taliyah')",0,1,1
"('Fiora', 'Sylas', 'Thresh', 'Varus', 'Viego')",0,1,1
"('Aphelios', 'Irelia', 'Katarina', 'Milio', 'Sejuani')",0,1,1
"('Illaoi', 'LeBlanc', 'Lee Sin', 'Nautilus', 'Sivir')",0,1,1
"('Gragas', 'Karma', 'Lee Sin', 'Zeri', 'Zoe')",1,0,1
"('Ashe', 'Blitzcrank', 'Gragas', ""Kha'Zix"", 'Vex')",0,1,1
"('Camille', 'Kalista', 'Sylas', 'Taliyah', 'Tristana')",1,0,1
"('Rell', 'Samira', 'Vayne', 'Viego', 'Wukong')",1,0,1
"('Camille', 'Graves', ""Kai'Sa"", 'Rell', 'Twisted Fate')",1,0,1
"('Ashe', 'Hwei', 'Rumble', 'Varus', 'Xin Zhao')",0,1,1
"('Camille', 'Ekko', 'Graves', 'Rakan', 'Smolder')",1,0,1
"('Camille', 'Janna', 'Smolder', 'Twisted Fate', 'Viego')",1,0,1
"('Braum', 'Draven', 'Fiora', 'Kindred', 'Twisted Fate')",1,0,1
"('Gwen', 'Karma', 'Lee Sin', 'Varus', 'Vex')",1,0,1
"('Blitzcrank', 'Gwen', ""Kha'Zix"", 'Swain', 'Tristana')",1,0,1
"('Braum', 'Jayce', 'Lucian', 'Orianna', 'Viego')",1,0,1
"('Hecarim', 'Jayce', 'Katarina', 'Rell', 'Smolder')",0,1,1
"('Ahri', 'Ashe', 'Kennen', 'Lee Sin', 'Seraphine')",1,0,1
"('Alistar', 'Jayce', 'Kennen', 'Nidalee', 'Varus')",1,0,1
"('Ahri', 'Jinx', 'Milio', 'Shaco', 'Yone')",0,1,1
"('Akali', 'Ashe', 'Braum', ""Rek'Sai"", 'Syndra')",1,0,1
"(""Kai'Sa"", 'Kennen', 'Lee Sin', 'Pyke', 'Yone')",0,1,1
"('Lucian', 'Nidalee', 'Poppy', 'Thresh', 'Tristana')",0,1,1
"('Brand', 'Gragas', 'Kalista', 'Soraka', 'Tristana')",1,0,1
"('Aatrox', 'Cassiopeia', 'Pyke', 'Viego', 'Yasuo')",0,1,1
"('Gwen', 'Jinx', 'Karthus', 'Nautilus', 'Yone')",0,1,1
"('Gragas', 'Kalista', 'Kled', 'Leona', 'Sejuani')",1,0,1
"('Corki', 'Hecarim', 'Karma', 'Poppy', 'Rell')",1,0,1
"('Corki', 'Nidalee', 'Skarner', 'Vi', 'Yone')",0,1,1
"('Blitzcrank', 'Gragas', 'Graves', 'Hwei', 'Varus')",0,1,1
"('Graves', 'LeBlanc', 'Lucian', 'Skarner', 'Sona')",1,0,1
"('Ezreal', 'Galio', 'Karma', 'Kayn', 'Nasus')",0,1,1
"('Lucian', 'Malphite', 'Thresh', 'Vladimir', 'Xin Zhao')",1,0,1
"('Fiddlesticks', 'Jinx', 'Lee Sin', 'Mordekaiser', 'Rell')",0,1,1
"('Blitzcrank', 'Nasus', 'Syndra', 'Varus', 'Viego')",0,1,1
"('Lee Sin', 'Nautilus', 'Nidalee', 'Twisted Fate', 'Varus')",1,0,1
"('Galio', 'Skarner', 'Taliyah', 'Thresh', 'Varus')",1,0,1
"('Alistar', 'Jinx', 'Lee Sin', 'Rumble', 'Zoe')",1,0,1
"('Aatrox', 'Irelia', 'Shaco', 'Taliyah', 'Varus')",1,0,1
"('Jayce', ""Kai'Sa"", 'Lee Sin', 'Nunu & Willump', 'Poppy')",1,0,1
"('Hwei', 'Kalista', 'Neeko', 'Pyke', 'Shaco')",1,0,1
"('Akshan', 'Morgana', 'Seraphine', 'Shaco', 'Skarner')",1,0,1
"('Braum', ""Kai'Sa"", 'Orianna', 'Shaco', 'Vayne')",0,1,1
"('Kindred', 'Rakan', 'Shaco', 'Sivir', 'Twisted Fate')",1,0,1
"('Cassiopeia', 'Nautilus', 'Pantheon', 'Shaco', 'Viego')",1,0,1
"('Hwei', 'Pyke', 'Shaco', 'Taliyah', 'Xayah')",1,0,1
"('Ezreal', 'Jax', 'Rakan', 'Shaco', 'Vex')",0,1,1
"('Akshan', 'Hwei', 'Nautilus', 'Shaco', 'Twitch')",1,0,1
"('Karma', 'Shaco', 'Varus', 'Vayne', 'Vex')",0,1,1
"('Jinx', 'Nami', 'Shaco', 'Taliyah', 'Viego')",0,1,1
"('Ashe', 'Hwei', 'Shaco', 'Swain', 'Tryndamere')",0,1,1
"('Jax', 'Jhin', 'Rell', 'Shaco', 'Yasuo')",0,1,1
"('Cassiopeia', 'Ezreal', 'Neeko', 'Shaco', 'Tristana')",1,0,1
"('Aphelios', 'Darius', 'Renata Glasc', 'Shaco', 'Twisted Fate')",1,0,1
"('Corki', 'Fiora', 'Leona', 'Shaco', 'Viego')",1,0,1
"('Anivia', 'Cassiopeia', 'Lux', 'Sion', 'Zeri')",0,1,1
"('Aatrox', 'Taliyah', 'Viego', 'Zeri', 'Zyra')",0,1,1
"('Akali', 'Camille', 'Jinx', 'Nidalee', 'Rell')",1,0,1
"('Elise', 'Kalista', 'Kennen', 'Pantheon', 'Rell')",0,1,1
"('Aurelion Sol', 'Camille', 'Draven', 'Jax', 'Lee Sin')",1,0,1
"('Akshan', 'Gwen', ""Kog'Maw"", 'Milio', 'Rammus')",0,1,1
"('Darius', ""Kog'Maw"", 'Morgana', 'Shaco', 'Yasuo')",0,1,1
"('Blitzcrank', 'Heimerdinger', 'Hwei', 'Shaco', 'Xin Zhao')",0,1,1
"('Ahri', 'Aphelios', 'Draven', 'Shaco', 'Thresh')",0,1,1
"('Ashe', 'Bard', 'Shaco', 'Tryndamere', 'Viktor')",1,0,1
"('Aatrox', 'Ekko', 'Nautilus', 'Shaco', 'Varus')",0,1,1
"('Ekko', ""Kai'Sa"", 'Karma', 'Nocturne', 'Shaco')",1,0,1
"('Jinx', 'Kayn', 'Rakan', 'Shaco', 'Skarner')",1,0,1
"('Aphelios', 'Jayce', 'Lulu', 'Shaco', 'Vladimir')",1,0,1
"('Malzahar', 'Rell', 'Samira', 'Shaco', 'Syndra')",1,0,1
"('Draven', 'Gnar', 'Hwei', 'Lulu', 'Shaco')",1,0,1
"('Jax', 'Jinx', 'Shaco', 'Thresh', 'Zac')",0,1,1
"('Galio', 'Master Yi', 'Poppy', 'Samira', 'Shaco')",1,0,1
"('Ezreal', 'Karma', 'Shaco', 'Viego', 'Vladimir')",1,0,1
"('Draven', 'Elise', 'Shaco', 'Shen', 'Syndra')",1,0,1
"('Amumu', 'Ashe', 'Jayce', 'Nautilus', 'Rammus')",1,0,1
"(""Kai'Sa"", 'Rakan', 'Shaco', 'Syndra', 'Tryndamere')",1,0,1
"('Corki', 'Jayce', 'Seraphine', 'Shaco', 'Tryndamere')",0,1,1
"('Alistar', 'Fiddlesticks', 'Shaco', 'Skarner', 'Varus')",1,0,1
"('Jinx', 'Morgana', 'Neeko', 'Shaco', 'Zac')",1,0,1
"('Braum', 'Graves', 'Katarina', 'Twitch', 'Volibear')",0,1,1
"('Akshan', 'Aurelion Sol', 'Fiora', ""Kai'Sa"", 'Vi')",0,1,1
"('Ashe', 'Graves', ""K'Sante"", 'Milio', 'Orianna')",0,1,1
"('Gwen', 'Malphite', 'Nautilus', 'Qiyana', 'Tristana')",0,1,1
"(""Kai'Sa"", 'Nautilus', 'Sejuani', 'Syndra', 'Tryndamere')",1,0,1
"('Blitzcrank', 'Brand', ""Kai'Sa"", 'Sett', 'Zed')",1,0,1
"(""Kai'Sa"", 'Karthus', 'Rakan', 'Sejuani', 'Viego')",0,1,1
"('LeBlanc', ""Rek'Sai"", 'Renekton', 'Senna', 'Tristana')",1,0,1
"('Karthus', 'Pantheon', 'Rakan', 'Tristana', 'Yone')",1,0,1
"('Bard', 'Brand', 'Jayce', 'Jinx', 'Kennen')",0,1,1
"('Diana', ""Kai'Sa"", ""Rek'Sai"", 'Rell', 'Sett')",0,1,1
"('Diana', 'Jayce', 'Jhin', ""Rek'Sai"", 'Senna')",0,1,1
"('Cassiopeia', 'Diana', 'Ezreal', 'Graves', 'Neeko')",1,0,1
"('Aphelios', 'Diana', 'Master Yi', 'Rakan', 'Sion')",1,0,1
"('Diana', 'Lucian', 'Nami', 'Rammus', 'Skarner')",1,0,1
"('Aphelios', ""Bel'Veth"", 'Braum', 'Diana', 'Yone')",0,1,1
"('Aatrox', 'Diana', 'Lillia', 'Lulu', 'Varus')",1,0,1
"('Blitzcrank', 'Jhin', 'Katarina', ""Rek'Sai"", 'Skarner')",1,0,1
"('Ashe', 'Braum', 'Camille', 'Diana', 'Lee Sin')",1,0,1
"('Diana', 'Fiora', 'Nautilus', 'Taliyah', 'Zeri')",1,0,1
"('Akshan', 'Cassiopeia', 'Varus', 'Viego', 'Zyra')",1,0,1
"('Ashe', 'Heimerdinger', ""Kai'Sa"", 'Katarina', 'Vi')",1,0,1
"('Ashe', 'Gragas', 'Gwen', 'Shaco', 'Yasuo')",1,0,1
"('Cassiopeia', 'Draven', 'Jinx', 'Seraphine', 'Xin Zhao')",0,1,1
"('Ahri', 'Ashe', 'Irelia', ""Kai'Sa"", ""Rek'Sai"")",1,0,1
"('Ashe', 'Hecarim', 'Kennen', 'Seraphine', 'Yasuo')",0,1,1
"('Jax', 'Samira', 'Skarner', 'Sylas', 'Xin Zhao')",1,0,1
"('Ashe', 'Karthus', 'Riven', 'Tristana', 'Zeri')",1,0,1
"('Ahri', 'Ashe', 'Graves', 'Ornn', 'Pyke')",1,0,1
"('Aurelion Sol', 'Braum', 'Camille', 'Lucian', 'Master Yi')",0,1,1
"('Gnar', 'Janna', 'Nidalee', 'Tristana', 'Yone')",0,1,1
"('Blitzcrank', ""Kai'Sa"", 'Katarina', 'Kindred', 'Volibear')",0,1,1
"('Blitzcrank', 'Gwen', ""Kai'Sa"", 'Lee Sin', 'Taliyah')",1,0,1
"(""Bel'Veth"", 'Cassiopeia', ""Kai'Sa"", 'Ornn', 'Rell')",1,0,1
"('Gragas', 'Jhin', 'Malphite', 'Neeko', 'Yasuo')",0,1,1
"('Alistar', 'Hwei', ""K'Sante"", ""Kai'Sa"", 'Nidalee')",1,0,1
"('Graves', ""Kai'Sa"", 'LeBlanc', 'Rakan', 'Skarner')",1,0,1
"('Ezreal', 'Jayce', 'Lee Sin', 'Lulu', 'Sylas')",0,1,1
"('Blitzcrank', 'Camille', 'Galio', 'Lucian', 'Xin Zhao')",0,1,1
"('Anivia', ""Bel'Veth"", ""Kai'Sa"", 'Olaf', 'Rakan')",0,1,1
"(""Kai'Sa"", 'Lee Sin', 'Rumble', 'Skarner', 'Twisted Fate')",1,0,1
"('Diana', 'Draven', 'Nautilus', 'Nidalee', 'Sett')",1,0,1
"('Jax', ""Kai'Sa"", 'Katarina', 'Lee Sin', 'Pyke')",0,1,1
"('Camille', 'Diana', 'Nautilus', 'Taliyah', 'Zeri')",0,1,1
"('Nidalee', 'Rakan', 'Tristana', 'Volibear', 'Zeri')",1,0,1
"('Graves', 'Jhin', 'LeBlanc', 'Nautilus', 'Skarner')",0,1,1
"('Graves', 'Hwei', 'Kled', 'Nautilus', 'Varus')",0,1,1
"('Alistar', 'Graves', ""Kai'Sa"", 'Lissandra', 'Riven')",1,0,1
"('Graves', 'Hwei', 'Jinx', 'Riven', 'Thresh')",1,0,1
"('Ashe', 'Karthus', 'Nautilus', 'Renekton', ""Vel'Koz"")",1,0,1
"('Jinx', 'Ornn', 'Pantheon', 'Taliyah', 'Thresh')",0,1,1
"('Anivia', 'Bard', 'Caitlyn', 'Camille', 'Lillia')",1,0,1
"('Aphelios', 'Blitzcrank', ""Rek'Sai"", 'Taliyah', 'Viego')",1,0,1
"('Alistar', 'Lucian', 'Nidalee', 'Varus', 'Yone')",0,1,1
"('Braum', 'Lee Sin', 'Syndra', 'Teemo', 'Zeri')",0,1,1
"('Fiddlesticks', 'Gragas', 'Rakan', 'Yone', 'Zeri')",0,1,1
"('Jax', ""Kai'Sa"", 'Lee Sin', 'Nautilus', 'Syndra')",1,0,1
"('Cassiopeia', 'Corki', 'Graves', 'Heimerdinger', 'Nautilus')",1,0,1
"('Jinx', 'Katarina', 'Rell', 'Twisted Fate', 'Vi')",0,1,1
"('Fiora', 'Kalista', 'LeBlanc', 'Nautilus', 'Pantheon')",0,1,1
"('Fiora', 'Graves', ""Kog'Maw"", 'Lulu', 'Orianna')",1,0,1
"('Aurelion Sol', 'Fiora', 'Jarvan IV', 'Nautilus', 'Samira')",1,0,1
"('Alistar', 'Brand', 'Camille', 'Jinx', ""K'Sante"")",0,1,1
"('Diana', 'Draven', 'Gragas', 'Lee Sin', 'Pyke')",1,0,1
"('Bard', 'Gangplank', 'Jhin', 'Kindred', 'Ziggs')",0,1,1
"('Diana', 'Jax', 'Lee Sin', 'Rakan', 'Zeri')",0,1,1
"('Jarvan IV', 'Jayce', 'Katarina', 'Master Yi', 'Varus')",1,0,1
"('Gnar', 'Katarina', 'Lulu', 'Taliyah', 'Zeri')",0,1,1
"('Illaoi', 'Karthus', 'Rakan', 'Tristana', 'Twitch')",1,0,1
"('Akali', 'Corki', 'Illaoi', 'Nautilus', 'Viego')",0,1,1
"('Alistar', 'Nidalee', 'Pantheon', 'Skarner', 'Zeri')",0,1,1
"('Fiora', 'Hwei', ""Kai'Sa"", 'Nautilus', ""Rek'Sai"")",1,0,1
"('Aphelios', 'Janna', 'Lillia', 'Maokai', 'Viego')",0,1,1
"('Ashe', 'Gnar', 'Poppy', ""Vel'Koz"", 'Viego')",0,1,1
"('Ahri', 'Corki', 'Rakan', ""Rek'Sai"", 'Rumble')",1,0,1
"('Ashe', 'Elise', 'Jax', 'Nautilus', 'Vex')",0,1,1
"('Bard', 'Corki', 'Hecarim', 'Orianna', 'Volibear')",0,1,1
"('Ivern', 'Kindred', 'Nautilus', 'Ornn', 'Varus')",1,0,1
"('Blitzcrank', 'Ekko', 'Gnar', 'Varus', 'Viego')",0,1,1
"('Bard', 'Ezreal', 'Jax', 'Nunu & Willump', 'Twisted Fate')",0,1,1
"('Alistar', 'Ezreal', 'Gangplank', 'Katarina', 'Taliyah')",0,1,1
"('Kindred', 'Lucian', 'Olaf', 'Thresh', 'Zoe')",0,1,1
"('Akali', 'Ezreal', 'Gragas', 'Nautilus', 'Viego')",1,0,1
"('Darius', 'Diana', 'Rakan', 'Varus', 'Vi')",0,1,1
"('Akali', 'Ezreal', ""Rek'Sai"", 'Senna', 'Zed')",0,1,1
"('Darius', 'Kalista', 'Rell', 'Twisted Fate', 'Xin Zhao')",0,1,1
"('Braum', 'Galio', 'Jinx', ""Rek'Sai"", 'Yone')",0,1,1
"('Aphelios', 'Nautilus', ""Rek'Sai"", 'Rumble', 'Yasuo')",1,0,1
"('Jax', ""Rek'Sai"", 'Seraphine', 'Tristana', ""Vel'Koz"")",1,0,1
"('Aphelios', ""Rek'Sai"", 'Skarner', 'Sylas', 'Thresh')",1,0,1
"('Corki', 'Janna', 'Jhin', ""Rek'Sai"", 'Rumble')",1,0,1
"(""Kai'Sa"", 'Kennen', 'Pyke', ""Rek'Sai"", 'Twisted Fate')",1,0,1
"('Aurelion Sol', 'Caitlyn', 'Hecarim', 'Lux', 'Pantheon')",1,0,1
"('Darius', ""Kai'Sa"", 'Maokai', ""Rek'Sai"", 'Sylas')",1,0,1
"('Heimerdinger', 'Hwei', 'Nilah', ""Rek'Sai"", 'Riven')",0,1,1
"('Renekton', 'Rengar', 'Rumble', 'Thresh', 'Varus')",0,1,1
"('Caitlyn', 'Galio', 'Gnar', 'LeBlanc', 'Lee Sin')",1,0,1
"(""K'Sante"", 'Sylas', 'Varus', 'Vi', 'Yuumi')",1,0,1
"('Corki', 'Diana', ""K'Sante"", 'Nautilus', 'Samira')",1,0,1
"('Blitzcrank', 'Caitlyn', ""K'Sante"", 'Taliyah', 'Yasuo')",1,0,1
"(""Kai'Sa"", 'Kindred', 'Orianna', 'Renekton', 'Thresh')",0,1,1
"('Corki', 'Hwei', 'Jax', 'Lillia', 'Nautilus')",0,1,1
"('Cassiopeia', 'Pyke', 'Renekton', 'Senna', 'Taliyah')",0,1,1
"('Gragas', 'Hecarim', 'Jinx', 'Katarina', 'Warwick')",1,0,1
"('Camille', 'Jinx', 'Neeko', ""Rek'Sai"", 'Rell')",1,0,1
"(""Kai'Sa"", 'Kled', 'Nautilus', ""Rek'Sai"", 'Zoe')",1,0,1
"('Corki', 'Jax', 'Lux', 'Twisted Fate', 'Vi')",0,1,1
"('Graves', 'Orianna', 'Rakan', 'Tristana', 'Urgot')",0,1,1
"('Blitzcrank', 'Jinx', 'Katarina', 'Urgot', 'Vi')",0,1,1
"('Caitlyn', 'Irelia', ""Kha'Zix"", 'Orianna', 'Thresh')",1,0,1
"('Ahri', 'Draven', ""K'Sante"", 'Nautilus', 'Viego')",1,0,1
"('Graves', 'Nautilus', ""Rek'Sai"", 'Ryze', 'Samira')",1,0,1
"('Corki', 'Leona', ""Rek'Sai"", 'Renekton', 'Taliyah')",1,0,1
"('Corki', ""Rek'Sai"", 'Skarner', 'Thresh', 'Twisted Fate')",0,1,1
"('Gwen', 'Irelia', 'Janna', 'Jinx', ""Rek'Sai"")",1,0,1
"(""Cho'Gath"", 'Corki', ""Kai'Sa"", 'Nautilus', ""Rek'Sai"")",1,0,1
"('Ashe', 'Karma', 'Nasus', ""Rek'Sai"", 'Vex')",1,0,1
"('Aatrox', 'Akshan', 'Kalista', ""Rek'Sai"", 'Seraphine')",0,1,1
"('Draven', 'Hwei', 'Mordekaiser', 'Pyke', ""Rek'Sai"")",1,0,1
"('Aphelios', 'Corki', 'Elise', 'Nautilus', 'Shen')",0,1,1
"('Ekko', 'Gnar', ""Kai'Sa"", 'Nautilus', ""Rek'Sai"")",1,0,1
"('Qiyana', ""Rek'Sai"", 'Tristana', 'Warwick', 'Yuumi')",0,1,1
"('Ahri', 'Hecarim', ""K'Sante"", ""Kai'Sa"", 'Nautilus')",1,0,1
"('Hecarim', 'Hwei', 'Kennen', 'Shaco', 'Zeri')",0,1,1
"('Aatrox', 'Jarvan IV', ""Kai'Sa"", 'Orianna', 'Rell')",1,0,1
"('Kalista', 'Lucian', 'Nidalee', 'Rakan', 'Renekton')",1,0,1
"('Corki', 'Kalista', 'Kindred', 'Poppy', 'Rumble')",0,1,1
"('Jinx', 'Malphite', 'Taliyah', 'Talon', 'Thresh')",1,0,1
"('Bard', 'Darius', 'Fiddlesticks', 'Lucian', 'Viego')",1,0,1
"('Ezreal', 'Irelia', 'Kled', 'Rell', 'Taliyah')",1,0,1
"('Corki', 'Lucian', 'Nami', 'Rumble', 'Taliyah')",0,1,1
"('Ashe', 'Aurelion Sol', 'Ezreal', 'Jayce', 'Kindred')",1,0,1
"('Kindred', 'Poppy', 'Rakan', 'Taliyah', 'Twitch')",1,0,1
"('Ashe', 'Bard', 'Cassiopeia', 'Nidalee', 'Tristana')",1,0,1
"('Aphelios', 'Kindred', 'Pantheon', 'Poppy', 'Zac')",1,0,1
"('Ashe', 'Camille', 'Kindred', 'Nautilus', 'Sylas')",1,0,1
"('Akshan', 'Camille', 'Lulu', 'Nidalee', 'Zeri')",0,1,1
"('Ashe', 'Braum', 'Kindred', 'LeBlanc', 'Rumble')",1,0,1
"('Fiddlesticks', 'Gragas', 'Hwei', 'Jhin', 'Kindred')",1,0,1
"('Aatrox', 'Ashe', 'Nautilus', 'Taliyah', 'Tryndamere')",1,0,1
"('Ahri', ""Kai'Sa"", 'Kindred', 'Rakan', 'Skarner')",1,0,1
"(""Bel'Veth"", 'Caitlyn', 'Karthus', 'Seraphine', 'Twisted Fate')",1,0,1
"('Annie', 'Kindred', 'Lee Sin', 'Miss Fortune', 'Zyra')",1,0,1
"('Galio', 'Kalista', 'Kindred', 'Renata Glasc', 'Riven')",0,1,1
"('Aurelion Sol', 'Gragas', ""Kai'Sa"", 'Rell', 'Viego')",1,0,1
"('Bard', ""Kai'Sa"", 'Katarina', 'Kindred', 'Twisted Fate')",1,0,1
"('Jayce', ""Kai'Sa"", 'Nautilus', 'Sylas', 'Taliyah')",1,0,1
"('Camille', ""K'Sante"", 'Lillia', 'Seraphine', 'Yone')",1,0,1
"('Brand', 'Jinx', 'Rell', 'Rumble', 'Yasuo')",1,0,1
"('Galio', ""K'Sante"", 'Lee Sin', 'Rakan', 'Ziggs')",0,1,1
"('Ashe', 'Diana', 'Garen', ""K'Sante"", 'Rakan')",1,0,1
"('Camille', 'Lillia', 'Pantheon', 'Skarner', 'Varus')",1,0,1
"('Kindred', 'Malphite', 'Rell', 'Rumble', 'Varus')",1,0,1
"('Ezreal', 'Irelia', 'Kindred', 'Leona', 'Vex')",0,1,1
"('Blitzcrank', ""Kai'Sa"", 'Kindred', 'Neeko', 'Skarner')",0,1,1
"('Ezreal', 'Kindred', 'LeBlanc', 'Veigar', 'Volibear')",1,0,1
"('Caitlyn', 'Kindred', 'Poppy', 'Rumble', 'Twisted Fate')",1,0,1
"(""Kai'Sa"", 'Kindred', 'Olaf', 'Rell', 'Twisted Fate')",1,0,1
"('Aurelion Sol', 'Kindred', 'Lucian', 'Nami', 'Poppy')",1,0,1
"('Jinx', 'Kindred', 'Lissandra', 'Mordekaiser', 'Rakan')",0,1,1
"('Corki', 'Kalista', ""Kha'Zix"", 'Skarner', 'Yone')",0,1,1
"('Draven', 'Katarina', 'Pyke', 'Riven', 'Taliyah')",0,1,1
"('Ashe', 'Jayce', 'Lee Sin', 'Samira', 'Taliyah')",1,0,1
"('Corki', 'Jayce', 'Lillia', 'Nautilus', 'Skarner')",1,0,1
"('Brand', 'Hwei', 'Jinx', 'Skarner', 'Thresh')",1,0,1
"('Draven', 'Ekko', 'Lee Sin', 'Neeko', 'Sion')",1,0,1
"('Graves', 'Jax', 'Nunu & Willump', 'Rakan', 'Tristana')",0,1,1
"('Caitlyn', 'Fiddlesticks', 'Jayce', 'Karma', 'Orianna')",0,1,1
"('Fiora', 'Gragas', 'Graves', ""Kai'Sa"", ""Vel'Koz"")",1,0,1
"('Gwen', ""Kai'Sa"", 'Nautilus', 'Orianna', 'Viego')",1,0,1
"('Hwei', 'Jax', ""Kai'Sa"", 'Kindred', 'Rell')",1,0,1
"('Corki', 'Jax', 'Nautilus', 'Viego', 'Viktor')",1,0,1
"('Aatrox', 'Draven', 'Elise', 'Nautilus', 'Viego')",0,1,1
"('Nautilus', 'Nidalee', 'Rumble', 'Zed', 'Zeri')",1,0,1
"('Jax', 'Lee Sin', 'Senna', 'Seraphine', 'Vladimir')",1,0,1
"('Kassadin', 'Kennen', 'Nautilus', 'Senna', 'Shaco')",0,1,1
"('Irelia', 'Kalista', 'Pyke', 'Rumble', 'Shaco')",0,1,1
"('Ivern', 'Maokai', 'Rell', 'Tristana', 'Varus')",1,0,1
"('Rakan', 'Rumble', 'Varus', 'Yone', 'Zac')",0,1,1
"(""Kha'Zix"", 'Quinn', 'Varus', 'Yasuo', 'Zilean')",1,0,1
"('Ashe', 'Draven', 'Jax', 'Lillia', 'Orianna')",1,0,1
"('Draven', 'Jax', 'Pyke', 'Taliyah', 'Yasuo')",0,1,1
"('Kalista', 'Nautilus', 'Skarner', 'Taliyah', 'Tristana')",1,0,1
"('Aatrox', 'Camille', 'Kalista', 'Taliyah', 'Yasuo')",0,1,1
"('Garen', 'Renekton', 'Senna', 'Skarner', 'Taliyah')",1,0,1
"('Camille', 'Galio', ""Kai'Sa"", 'Pyke', 'Viego')",0,1,1
"('Aatrox', 'Katarina', 'Lucian', 'Rakan', 'Viego')",1,0,1
"('Maokai', 'Neeko', 'Sylas', 'Varus', 'Viego')",0,1,1
"('Corki', 'Jayce', 'Jhin', 'Taliyah', 'Yone')",0,1,1
"('Jax', 'Jinx', ""Kha'Zix"", 'Tahm Kench', 'Xerath')",1,0,1
"('Akshan', 'Draven', 'Lillia', 'Rell', 'Twisted Fate')",0,1,1
"('Nunu & Willump', 'Poppy', 'Seraphine', 'Varus', 'Viego')",1,0,1
"('Kindred', 'Lux', 'Neeko', 'Skarner', 'Varus')",1,0,1
"('Camille', 'Irelia', 'Nunu & Willump', 'Seraphine', 'Varus')",0,1,1
"('Draven', 'Nautilus', 'Nunu & Willump', 'Renekton', 'Tristana')",0,1,1
"('Akali', 'Ashe', 'Maokai', 'Nautilus', 'Tryndamere')",0,1,1
"('Hwei', 'Jinx', 'Nidalee', 'Singed', 'Yasuo')",0,1,1
"('Alistar', 'Kled', 'Malzahar', 'Rengar', 'Varus')",1,0,1
"('Nautilus', 'Nidalee', 'Qiyana', 'Rumble', 'Varus')",1,0,1
"('Draven', 'Nautilus', 'Ornn', 'Taliyah', 'Tristana')",1,0,1
"('Jax', 'Lillia', 'Thresh', 'Varus', 'Yone')",1,0,1
"('Alistar', 'Elise', 'Riven', 'Twisted Fate', 'Zeri')",1,0,1
"('Blitzcrank', 'Camille', 'Draven', 'Sylas', 'Viego')",1,0,1
"('Alistar', 'Annie', 'Ivern', 'Samira', 'Skarner')",0,1,1
"('Galio', 'Nautilus', 'Shaco', 'Singed', 'Varus')",0,1,1
"('Cassiopeia', 'Graves', 'Jax', 'Jinx', 'Pyke')",0,1,1
"('Jinx', 'Lulu', 'Renekton', 'Skarner', 'Taliyah')",0,1,1
"('Aphelios', 'Diana', 'Skarner', 'Thresh', 'Vi')",1,0,1
"('Heimerdinger', 'Hwei', 'Jinx', 'Talon', 'Yone')",1,0,1
"('Anivia', 'Jinx', 'Nautilus', 'Renekton', 'Viego')",0,1,1
"('Anivia', 'Thresh', 'Twisted Fate', 'Varus', 'Viego')",1,0,1
"('Dr. Mundo', 'Jax', 'Orianna', 'Thresh', 'Varus')",0,1,1
"('Aphelios', 'Blitzcrank', 'Jayce', 'Nidalee', 'Vayne')",1,0,1
"('Gragas', 'Jinx', 'Kindred', 'Thresh', 'Tristana')",1,0,1
"('Akshan', 'Caitlyn', 'Gragas', 'Lillia', 'Swain')",0,1,1
"('Graves', 'Jinx', 'Skarner', 'Taliyah', 'Thresh')",1,0,1
"('Ahri', 'Ashe', 'Jinx', 'Lee Sin', 'Tryndamere')",0,1,1
"('Aphelios', 'Gnar', 'Graves', 'Lissandra', 'Thresh')",1,0,1
"('Ashe', 'Gnar', 'Nidalee', 'Skarner', 'Tristana')",0,1,1
"('Irelia', 'Karthus', 'Miss Fortune', 'Nautilus', 'Olaf')",0,1,1
"('Irelia', 'Kayn', ""Kog'Maw"", 'Lulu', 'Tristana')",1,0,1
"('Jinx', 'Sion', 'Taliyah', 'Tristana', 'Zyra')",1,0,1
"('Bard', 'Jinx', 'Poppy', 'Taliyah', 'Viego')",1,0,1
"('Aatrox', 'Ashe', 'Senna', 'Syndra', 'Viego')",1,0,1
"('Bard', 'Caitlyn', 'Kindred', 'Varus', 'Yone')",0,1,1
"('Cassiopeia', 'Diana', 'Graves', 'Rakan', 'Varus')",1,0,1
"('Jax', 'Lucian', 'Nami', 'Talon', 'Twisted Fate')",1,0,1
"('Graves', 'Lee Sin', 'Lucian', 'Rell', 'Zoe')",1,0,1
"('Camille', 'Lillia', 'Vex', 'Yuumi', 'Zeri')",1,0,1
"('Ahri', 'Ashe', 'Blitzcrank', 'Jax', ""K'Sante"")",0,1,1
"('Ahri', 'Ashe', ""Kha'Zix"", 'Malphite', 'Rumble')",1,0,1
"('Gragas', ""Kai'Sa"", 'Mordekaiser', 'Twisted Fate', 'Viego')",0,1,1
"('Ahri', 'Camille', 'Kennen', ""Kha'Zix"", 'Zeri')",0,1,1
"('Jax', 'Rell', 'Smolder', 'Taliyah', 'Tristana')",0,1,1
"('Anivia', 'Karma', ""Rek'Sai"", 'Skarner', 'Varus')",0,1,1
"('Jinx', 'Nidalee', 'Pantheon', 'Skarner', 'Thresh')",0,1,1
"('Ahri', 'Cassiopeia', 'Ezreal', 'Poppy', 'Pyke')",1,0,1
"('Ashe', 'Rakan', 'Skarner', 'Viego', 'Xerath')",0,1,1
"('Blitzcrank', 'Jarvan IV', 'Rumble', 'Tristana', 'Xayah')",0,1,1
"('Akshan', 'Amumu', ""Kai'Sa"", 'Nidalee', 'Yorick')",0,1,1
"('Irelia', 'Katarina', 'Nidalee', 'Senna', 'Vayne')",1,0,1
"('Brand', 'Braum', 'Jinx', 'Skarner', 'Yone')",0,1,1
"('Annie', 'Caitlyn', 'Kindred', 'Nautilus', 'Tryndamere')",0,1,1
"('Aatrox', 'Ahri', 'Alistar', 'Ashe', 'Lee Sin')",1,0,1
"('Cassiopeia', 'Graves', 'Lucian', 'Rell', 'Zed')",1,0,1
"('Gragas', ""Kai'Sa"", 'Kindred', 'Lissandra', 'Nautilus')",1,0,1
"('Ashe', 'Azir', 'Kindred', 'Lulu', 'Skarner')",1,0,1
"('Alistar', 'Azir', 'Jax', 'Viego', 'Xayah')",1,0,1
"('Hecarim', 'Hwei', 'Irelia', ""Kog'Maw"", 'Nautilus')",0,1,1
"('Akali', 'Ashe', 'Jhin', 'Rumble', 'Viego')",0,1,1
"('Gragas', 'Hwei', 'Leona', 'Nilah', 'Viego')",0,1,1
"('Alistar', 'Jax', 'Lucian', 'Nidalee', 'Yone')",1,0,1
"('Gragas', 'Leona', 'Lillia', 'Twisted Fate', 'Zeri')",1,0,1
"('Corki', 'LeBlanc', 'Rell', 'Sejuani', 'Viego')",1,0,1
"('Camille', 'Kalista', 'Orianna', 'Skarner', 'Viego')",0,1,1
"('Blitzcrank', 'Mordekaiser', 'Nidalee', 'Tristana', 'Zeri')",1,0,1
"('Draven', 'Hwei', 'Lee Sin', 'Pantheon', 'Zyra')",0,1,1
"('Hecarim', 'Lulu', 'Orianna', 'Rumble', 'Zeri')",1,0,1
"('Gragas', 'Gwen', ""Kai'Sa"", 'Udyr', 'Yasuo')",0,1,1
"('Lee Sin', 'Nasus', 'Nautilus', 'Smolder', 'Twisted Fate')",1,0,1
"('Aurelion Sol', 'Camille', 'Ezreal', 'Renekton', 'Viego')",1,0,1
"('Camille', ""Kai'Sa"", 'Nidalee', 'Skarner', 'Yone')",0,1,1
"('Annie', 'Ashe', ""Cho'Gath"", 'Lee Sin', 'Nautilus')",0,1,1
"('Azir', 'Camille', 'Jinx', 'Rell', 'Viego')",1,0,1
"('Aurelion Sol', 'Graves', ""Kai'Sa"", 'Leona', 'Rumble')",1,0,1
"('Corki', 'Gnar', 'Gragas', ""Kai'Sa"", 'Rell')",0,1,1
"('Nautilus', 'Skarner', 'Taliyah', 'Varus', 'Viego')",1,0,1
"('Jinx', 'Rell', 'Renekton', 'Taliyah', 'Yone')",1,0,1
"('Aurelion Sol', 'Graves', ""Kai'Sa"", 'Pyke', 'Renekton')",0,1,1
"('Ahri', 'Corki', 'Graves', 'Rell', 'Vayne')",1,0,1
"('Bard', 'Jax', 'Orianna', 'Varus', 'Xin Zhao')",1,0,1
"('Ahri', 'Corki', 'Kindred', 'Rell', 'Udyr')",1,0,1
"('Camille', 'Hwei', 'Jinx', 'Nautilus', 'Shaco')",1,0,1
"('Briar', 'Morgana', 'Renekton', 'Syndra', 'Varus')",1,0,1
"('Gragas', 'Lillia', 'Qiyana', 'Soraka', 'Varus')",0,1,1
"('Brand', 'Garen', 'Seraphine', 'Skarner', 'Vayne')",0,1,1
"('Ashe', 'Lillia', 'Pantheon', 'Rumble', 'Skarner')",1,0,1
"('Aurelion Sol', 'Camille', 'Jinx', ""Rek'Sai"", 'Rell')",1,0,1
"('Aphelios', 'Aurelion Sol', 'Nautilus', 'Nidalee', 'Yone')",1,0,1
"('Azir', 'Blitzcrank', 'Cassiopeia', ""Kai'Sa"", 'Xin Zhao')",0,1,1
"('Gragas', 'Karthus', 'Lucian', 'Nautilus', 'Tristana')",1,0,1
"('Ashe', 'Nidalee', 'Pantheon', 'Tristana', 'Varus')",0,1,1
"('Gnar', 'Hwei', 'Jhin', 'Rumble', 'Talon')",1,0,1
"('Ashe', 'Corki', 'Diana', 'Seraphine', 'Twisted Fate')",0,1,1
"('Aphelios', 'Galio', 'Lee Sin', 'Rell', ""Vel'Koz"")",1,0,1
"('Illaoi', ""Rek'Sai"", 'Rell', 'Varus', 'Yone')",1,0,1
"('Lee Sin', 'Neeko', 'Rumble', 'Tristana', 'Varus')",1,0,1
"(""Kai'Sa"", 'Katarina', 'Leona', 'Nocturne', 'Rumble')",0,1,1
"('Hwei', 'Kennen', 'Nautilus', 'Shaco', 'Tristana')",0,1,1
"('Irelia', 'Jinx', 'Lulu', 'Nidalee', 'Tryndamere')",1,0,1
"('Gnar', 'Graves', ""Kai'Sa"", 'Maokai', 'Zoe')",1,0,1
"(""Kai'Sa"", 'Malzahar', 'Nautilus', 'Rumble', 'Viego')",1,0,1
"('Ahri', 'Dr. Mundo', ""Kai'Sa"", 'Lillia', 'Pyke')",0,1,1
"('Jax', 'Jayce', ""Kai'Sa"", 'Lillia', 'Rumble')",1,0,1
"('Ahri', 'Jax', ""Kai'Sa"", ""Kha'Zix"", 'Nautilus')",1,0,1
"('Darius', ""Kai'Sa"", 'Rumble', 'Taliyah', 'Zac')",0,1,1
"('Camille', 'Corki', 'Graves', 'Rumble', 'Syndra')",0,1,1
"('Brand', 'Corki', 'Gragas', 'Nami', 'Renekton')",0,1,1
"('Jayce', 'Kindred', 'Rumble', 'Samira', 'Taric')",0,1,1
"('Kindred', 'Seraphine', 'Varus', 'Viktor', 'Warwick')",1,0,1
"('Alistar', 'Gwen', 'Kindred', 'Varus', 'Vex')",1,0,1
"('Aurelion Sol', 'Jax', ""Kai'Sa"", 'Kindred', 'Rell')",0,1,1
"('Alistar', 'Camille', 'Kindred', 'Taliyah', 'Ziggs')",0,1,1
"('Akali', 'Corki', 'Kindred', 'Thresh', 'Varus')",0,1,1
"('Alistar', 'Aurelion Sol', 'Nasus', 'Samira', 'Viego')",1,0,1
"('Ashe', 'Malphite', 'Seraphine', 'Taliyah', 'Tristana')",0,1,1
"('Jax', 'Mordekaiser', 'Rell', 'Samira', 'Yone')",1,0,1
"('Darius', 'Ezreal', 'Karma', 'LeBlanc', 'Sejuani')",1,0,1
"('Camille', 'Jinx', 'LeBlanc', 'Rumble', 'Xin Zhao')",1,0,1
"('Aurelion Sol', 'Camille', 'Heimerdinger', 'Lee Sin', 'Samira')",1,0,1
"('Camille', 'Draven', 'Ekko', ""Rek'Sai"", 'Tristana')",1,0,1
"('Caitlyn', 'LeBlanc', 'Rumble', 'Skarner', 'Viego')",1,0,1
"('Hwei', 'Rell', 'Samira', 'Viego', 'Yasuo')",0,1,1
"('Akshan', 'Jayce', 'Kindred', 'Leona', ""Vel'Koz"")",1,0,1
"('Ashe', 'Gwen', 'Kindred', 'Morgana', 'Yone')",0,1,1
"('Ashe', ""K'Sante"", 'Karthus', 'Varus', 'Vex')",1,0,1
"(""Kai'Sa"", 'Katarina', 'Maokai', 'Rell', 'Viego')",0,1,1
"('Jinx', 'Maokai', 'Master Yi', 'Thresh', 'Viego')",1,0,1
"('Annie', 'Jinx', 'Thresh', 'Vi', 'Vladimir')",1,0,1
"('Ashe', 'Azir', ""K'Sante"", 'Lee Sin', 'Soraka')",0,1,1
"('Brand', 'Corki', 'Malphite', 'Qiyana', 'Rell')",0,1,1
"('Akshan', 'Ashe', 'Darius', 'Leona', 'Taliyah')",0,1,1
"('Ashe', 'Braum', 'Nidalee', 'Skarner', 'Yasuo')",0,1,1
"('Caitlyn', 'Darius', 'Nautilus', 'Shaco', 'Twisted Fate')",0,1,1
"('Aphelios', 'Corki', 'Nautilus', 'Taliyah', 'Zac')",0,1,1
"('Alistar', 'Aphelios', 'Camille', 'Karthus', 'Tristana')",1,0,1
"('Akshan', 'Camille', ""Kai'Sa"", 'Taliyah', 'Yasuo')",1,0,1
"('Hecarim', 'Hwei', 'Jax', ""Kai'Sa"", 'Nautilus')",1,0,1
"('Corki', 'Lillia', 'Nautilus', 'Skarner', 'Yone')",1,0,1
"('Camille', 'Lillia', 'Orianna', 'Rakan', 'Varus')",1,0,1
"('Ashe', ""K'Sante"", 'Thresh', 'Viego', 'Zoe')",0,1,1
"('Ezreal', 'Lillia', 'Neeko', 'Rengar', 'Zyra')",1,0,1
"('Lillia', 'Lucian', 'Nami', 'Tristana', 'Volibear')",1,0,1
"('Jinx', 'Lillia', 'Pantheon', 'Skarner', 'Viego')",1,0,1
"('Corki', 'Illaoi', 'Jayce', 'Leona', 'Lillia')",0,1,1
"('Ezreal', 'Jax', 'Karma', 'Lillia', 'Tristana')",0,1,1
"('Brand', 'Corki', 'Darius', 'Gragas', 'Lillia')",1,0,1
"('Darius', 'Jinx', 'Lillia', 'Sett', 'Udyr')",1,0,1
"('Camille', ""K'Sante"", 'Lillia', 'Pyke', ""Vel'Koz"")",1,0,1
"('Alistar', 'Camille', 'Corki', 'Sejuani', 'Viego')",1,0,1
"('Jhin', 'Lillia', 'Nautilus', 'Riven', 'Tristana')",0,1,1
"('Akshan', 'Corki', 'Gwen', 'Lillia', 'Nautilus')",1,0,1
"('Blitzcrank', 'Brand', 'Gnar', 'Jinx', 'Yasuo')",0,1,1
"('Lillia', 'Rell', 'Skarner', 'Swain', 'Yone')",1,0,1
"('Aurelion Sol', 'Blitzcrank', 'Jayce', 'Jhin', 'Lillia')",0,1,1
"('Ashe', 'Nidalee', 'Renekton', 'Seraphine', 'Zed')",1,0,1
"('Katarina', 'Kennen', 'Lee Sin', 'Seraphine', 'Varus')",1,0,1
"('Darius', 'Nautilus', 'Seraphine', 'Viego', 'Zoe')",0,1,1
"('Anivia', 'Jhin', 'Kindred', 'Seraphine', 'Skarner')",0,1,1
"('Alistar', 'Hwei', 'Kalista', 'Kindred', 'Renekton')",0,1,1
"('Miss Fortune', 'Nidalee', 'Renekton', 'Seraphine', 'Tristana')",0,1,1
"('Corki', 'Darius', 'Seraphine', 'Sylas', 'Yone')",1,0,1
"('Fiddlesticks', 'Seraphine', 'Tristana', 'Varus', 'Zed')",1,0,1
"('Ahri', 'Malzahar', 'Seraphine', 'Shaco', 'Varus')",1,0,1
"('Seraphine', 'Twisted Fate', 'Varus', 'Vex', 'Viego')",1,0,1
"('Nautilus', 'Renekton', 'Varus', 'Vex', 'Viego')",1,0,1
"('Akali', 'Camille', 'Graves', 'Poppy', 'Varus')",1,0,1
"('Akshan', 'Fiddlesticks', 'Rakan', 'Tryndamere', 'Zeri')",0,1,1
"('Aatrox', 'Camille', 'Ezreal', 'Renekton', 'Taliyah')",1,0,1
"('Brand', 'Jayce', 'Seraphine', 'Yone', 'Zeri')",0,1,1
"('Corki', 'Kled', 'LeBlanc', 'Nautilus', 'Viego')",1,0,1
"('Camille', ""Kai'Sa"", 'Kennen', 'LeBlanc', 'Vi')",1,0,1
"('Darius', ""Kha'Zix"", 'Rakan', 'Sylas', 'Tristana')",1,0,1
"('Ashe', 'Jayce', 'Kalista', 'Nidalee', 'Renekton')",0,1,1
"('Briar', 'Gnar', 'Rakan', 'Syndra', 'Zeri')",1,0,1
"('Akali', 'Alistar', ""K'Sante"", ""Kai'Sa"", 'Lillia')",1,0,1
"('Alistar', 'Lillia', 'Ryze', 'Tristana', 'Vayne')",0,1,1
"(""K'Sante"", 'Leona', 'Lillia', 'Tristana', 'Ziggs')",0,1,1
"('Aatrox', 'Akali', 'Aphelios', 'Rakan', 'Taliyah')",1,0,1
"('Fiora', 'Lillia', 'Pantheon', 'Rakan', 'Varus')",0,1,1
"('Corki', 'Jax', 'Malzahar', 'Rumble', 'Seraphine')",1,0,1
"('Akshan', 'Ashe', 'Brand', 'Camille', 'Rell')",1,0,1
"('Ahri', 'Jax', ""Rek'Sai"", 'Varus', 'Viego')",0,1,1
"('Akshan', 'Camille', 'Varus', 'Xin Zhao', 'Zoe')",1,0,1
"('Ahri', 'Jax', 'Lucian', 'Taric', 'Vi')",1,0,1
"('Camille', 'Graves', ""Kai'Sa"", 'Nautilus', 'Vex')",0,1,1
"('Diana', 'Jax', 'Jinx', 'Rumble', 'Senna')",0,1,1
"('Corki', 'Jax', 'LeBlanc', 'Lillia', 'Taric')",1,0,1
"(""Kai'Sa"", 'Leona', 'Swain', 'Twisted Fate', 'Xin Zhao')",1,0,1
"('Camille', 'Jinx', 'Nidalee', 'Thresh', 'Twisted Fate')",0,1,1
"('Ahri', 'Hecarim', 'Poppy', 'Rell', 'Samira')",0,1,1
"('Blitzcrank', 'Lissandra', 'Skarner', 'Varus', 'Viego')",1,0,1
"('Gangplank', 'Jayce', 'Jinx', 'Lulu', 'Nidalee')",1,0,1
"('Janna', 'Jhin', 'Katarina', 'Kayn', 'Skarner')",1,0,1
"('Ashe', 'Blitzcrank', 'Garen', 'Karthus', 'Skarner')",1,0,1
"('Akshan', 'Draven', 'Lillia', 'Nautilus', 'Pantheon')",0,1,1
"('Camille', 'Draven', 'Lillia', 'Renekton', 'Thresh')",0,1,1
"('Aatrox', 'Aphelios', 'Lillia', 'Taric', 'Tristana')",1,0,1
"('Lillia', 'Malphite', 'Senna', 'Tahm Kench', 'Zed')",0,1,1
"('Dr. Mundo', 'Kalista', 'Lillia', 'Renekton', 'Skarner')",0,1,1
"('Azir', 'Lillia', 'Lucian', 'Renekton', 'Yuumi')",1,0,1
"('Corki', 'Galio', 'Lillia', 'Renekton', 'Seraphine')",1,0,1
"('Draven', 'Jayce', 'Lillia', 'Pyke', 'Skarner')",1,0,1
"('Braum', 'Jax', 'Jinx', 'Lillia', 'Viego')",0,1,1
"('Fizz', 'Quinn', 'Seraphine', 'Swain', 'Viego')",1,0,1
"('Jinx', ""K'Sante"", 'Lillia', 'Lulu', 'Yone')",0,1,1
"('Ahri', 'Leona', 'Skarner', 'Viego', 'Ziggs')",0,1,1
"('Akshan', ""Kog'Maw"", 'Lillia', 'Nautilus', 'Shen')",1,0,1
"('Akshan', 'Amumu', 'Aphelios', 'Milio', 'Pantheon')",0,1,1
"('Anivia', 'Camille', 'Lillia', 'Rakan', 'Zeri')",1,0,1
"('Corki', ""Kai'Sa"", 'Lillia', 'Nautilus', 'Rumble')",1,0,1
"('Akali', 'Braum', 'Jayce', 'Jhin', 'Lillia')",1,0,1
"('Blitzcrank', 'Kalista', 'Lillia', 'Rumble', 'Tristana')",1,0,1
"('Aurelion Sol', 'Draven', 'Hecarim', 'Janna', 'Sion')",0,1,1
"('Jax', 'Jayce', 'Jhin', 'Lillia', 'Rell')",1,0,1
"('Jhin', 'Rakan', 'Taliyah', 'Twisted Fate', 'Zac')",0,1,1
"('Camille', 'Jax', 'Jhin', 'Seraphine', 'Taliyah')",1,0,1
"('Ashe', 'Braum', 'Hwei', 'Nidalee', 'Renekton')",1,0,1
"('Lee Sin', 'Lucian', 'Quinn', 'Syndra', 'Taric')",1,0,1
"('Ahri', 'Graves', 'Rell', 'Rumble', 'Samira')",1,0,1
"('Akali', 'Jinx', 'Milio', 'Warwick', 'Xin Zhao')",0,1,1
"('Aphelios', ""Bel'Veth"", 'LeBlanc', 'Nautilus', 'Twisted Fate')",1,0,1
"('Alistar', 'Aphelios', 'Jax', 'Lillia', 'Neeko')",0,1,1
"('Aurelion Sol', 'Camille', 'Corki', 'Lee Sin', 'Nautilus')",0,1,1
"('Galio', 'Graves', ""Kog'Maw"", 'Nautilus', 'Rumble')",1,0,1
"('Aatrox', 'Hwei', 'Kalista', 'Lee Sin', 'Rell')",1,0,1
"('Graves', 'Jhin', 'Katarina', 'Neeko', 'Yorick')",1,0,1
"('Cassiopeia', 'Nautilus', 'Samira', 'Taliyah', 'Viego')",1,0,1
"('Corki', 'Fiddlesticks', 'Kalista', 'Neeko', 'Warwick')",0,1,1
"('Nidalee', 'Rell', 'Renekton', 'Samira', 'Zac')",1,0,1
"('Galio', 'Jayce', 'Nidalee', 'Rell', 'Varus')",1,0,1
"('Gwen', 'Kindred', 'Pyke', 'Varus', 'Yone')",1,0,1
"('Corki', 'Lillia', 'Rumble', 'Tristana', 'Yasuo')",0,1,1
"('Aphelios', 'Jayce', 'Maokai', 'Nidalee', 'Zed')",0,1,1
"('Jinx', 'Lee Sin', 'Pyke', 'Tryndamere', 'Udyr')",0,1,1
"('Camille', 'Graves', 'Kalista', 'Leona', 'Vex')",1,0,1
"('Leona', 'Nidalee', 'Pantheon', 'Quinn', 'Vayne')",1,0,1
"('Akshan', 'Caitlyn', 'Lux', 'Nidalee', 'Rumble')",1,0,1
"('Aphelios', 'Galio', 'Nautilus', 'Shen', 'Taliyah')",1,0,1
"('Hwei', 'Kindred', 'Miss Fortune', 'Nautilus', 'Rumble')",1,0,1
"('Karthus', 'Katarina', 'Senna', 'Tryndamere', 'Zeri')",0,1,1
"('Ezreal', 'Kennen', 'Nautilus', 'Nidalee', 'Tristana')",0,1,1
"('Aatrox', ""Kai'Sa"", 'Kindred', 'LeBlanc', 'Nautilus')",0,1,1
"(""Kai'Sa"", 'Orianna', 'Rakan', 'Skarner', 'Viego')",0,1,1
"('Mordekaiser', 'Rakan', 'Skarner', 'Taliyah', 'Xayah')",1,0,1
"('Alistar', 'Brand', 'Jayce', 'Samira', 'Varus')",0,1,1
"('Ashe', 'Corki', ""K'Sante"", 'Nautilus', 'Nidalee')",1,0,1
"('Akali', 'Alistar', 'Hecarim', 'Jayce', 'Varus')",1,0,1
"('Ashe', 'Azir', 'Irelia', 'Nautilus', 'Sejuani')",1,0,1
"('Anivia', 'Corki', 'LeBlanc', 'Lee Sin', 'Nautilus')",1,0,1
"('Jinx', 'Nunu & Willump', 'Thresh', 'Tristana', 'Yone')",1,0,1
"('Alistar', 'Azir', 'Corki', 'Nidalee', 'Wukong')",0,1,1
"('Aurelion Sol', 'Bard', 'Corki', 'Lee Sin', 'Skarner')",1,0,1
"('Aphelios', 'Hwei', 'Kindred', 'Rakan', 'Vladimir')",1,0,1
"('Jayce', 'Jhin', 'Lee Sin', 'Rakan', 'Zoe')",1,0,1
"('Camille', 'Lucian', 'Neeko', 'Nidalee', 'Yone')",1,0,1
"('Corki', 'Jinx', 'Taliyah', 'Thresh', 'Volibear')",1,0,1
"('Corki', 'Irelia', 'Seraphine', 'Teemo', 'Viego')",1,0,1
"('Azir', 'Kindred', 'Nautilus', 'Skarner', 'Varus')",1,0,1
"('Blitzcrank', 'Fiddlesticks', ""Kai'Sa"", 'Skarner', 'Tristana')",1,0,1
"(""Bel'Veth"", 'Jinx', 'Katarina', 'Skarner', 'Sona')",1,0,1
"(""K'Sante"", 'Rell', 'Sivir', 'Taliyah', 'Tristana')",1,0,1
"('Alistar', 'Hwei', ""K'Sante"", ""Kai'Sa"", 'Xin Zhao')",1,0,1
"('Anivia', 'Camille', 'Jhin', 'Nunu & Willump', 'Rumble')",1,0,1
"('Graves', 'Nautilus', 'Rumble', 'Xayah', 'Zoe')",0,1,1
"('Bard', 'Brand', 'Corki', 'Gnar', 'Jhin')",0,1,1
"('Hecarim', 'LeBlanc', 'Nautilus', 'Quinn', 'Varus')",0,1,1
"('Camille', 'Gragas', ""Kai'Sa"", 'Seraphine', 'Tristana')",1,0,1
"('Jinx', ""K'Sante"", 'Orianna', 'Seraphine', 'Viego')",1,0,1
"('Corki', 'Gwen', 'Jayce', 'Nautilus', 'Yone')",1,0,1
"('Corki', 'Orianna', 'Poppy', ""Rek'Sai"", 'Vladimir')",0,1,1
"('Graves', 'Hwei', ""Kai'Sa"", 'Nautilus', 'Warwick')",1,0,1
"('Katarina', 'Lucian', 'Maokai', 'Nami', 'Skarner')",0,1,1
"('Ashe', 'Braum', 'Katarina', 'Rumble', 'Viego')",1,0,1
"('Katarina', 'Rakan', 'Talon', 'Teemo', 'Varus')",0,1,1
"('Alistar', 'Aphelios', 'Katarina', 'Skarner', 'Taliyah')",1,0,1
"('Alistar', 'Aphelios', 'Diana', 'Skarner', 'Viego')",1,0,1
"('Kalista', 'Katarina', 'Lee Sin', 'Pyke', 'Skarner')",0,1,1
"('Nidalee', 'Rakan', 'Renekton', 'Sivir', 'Viego')",1,0,1
"('Gnar', 'Ryze', 'Seraphine', 'Smolder', 'Viego')",1,0,1
"('Galio', 'Nidalee', 'Smolder', 'Thresh', 'Twisted Fate')",0,1,1
"('Cassiopeia', 'Hecarim', 'Kalista', 'Renata Glasc', 'Twisted Fate')",1,0,1
"('Anivia', 'Ashe', 'Gragas', 'Master Yi', 'Seraphine')",1,0,1
"('Draven', 'Renekton', 'Taliyah', 'Taric', 'Tristana')",0,1,1
"('Corki', 'Nasus', 'Nautilus', 'Nidalee', 'Yone')",0,1,1
"('Graves', 'Karma', 'Kayle', 'Tryndamere', 'Varus')",1,0,1
"('Braum', 'Cassiopeia', 'Graves', 'Katarina', 'Zeri')",0,1,1
"('Akali', 'Braum', 'Corki', 'Skarner', 'Xerath')",1,0,1
"('Caitlyn', 'Corki', 'Neeko', 'Renekton', 'Zac')",0,1,1
"('Caitlyn', 'Camille', 'Galio', 'Karma', 'Nunu & Willump')",0,1,1
"('Blitzcrank', 'Corki', ""Kai'Sa"", 'Skarner', 'Taliyah')",1,0,1
"('Fiora', 'LeBlanc', 'Lucian', 'Milio', 'Viego')",1,0,1
"('Camille', 'Galio', 'Nidalee', 'Rakan', 'Twitch')",1,0,1
"('Ashe', 'Renekton', 'Skarner', 'Varus', 'Viktor')",0,1,1
"(""K'Sante"", 'Karma', 'Lee Sin', 'Twisted Fate', 'Varus')",0,1,1
"('Ashe', 'Jax', 'LeBlanc', 'Seraphine', 'Viego')",1,0,1
"('Ahri', ""Kha'Zix"", 'Lee Sin', 'Senna', 'Viego')",0,1,1
"('Aatrox', 'Corki', 'Leona', 'Syndra', 'Viego')",1,0,1
"('Annie', 'Ashe', 'Graves', 'Pantheon', 'Rumble')",1,0,1
"('Camille', 'Galio', 'Gwen', 'Kalista', 'Karthus')",0,1,1
"('Kalista', 'Lillia', 'Shaco', 'Tristana', 'Volibear')",1,0,1
"('Kalista', 'Nautilus', 'Nidalee', 'Renekton', 'Zed')",1,0,1
"('Anivia', 'Draven', 'Mordekaiser', 'Nautilus', 'Xin Zhao')",1,0,1
"('Aatrox', 'Draven', 'Graves', 'Rell', 'Zoe')",1,0,1
"('Aatrox', 'Draven', 'Fiddlesticks', 'Galio', 'Thresh')",1,0,1
"('Draven', 'Gangplank', 'Graves', 'Rakan', 'Syndra')",1,0,1
"('Fiddlesticks', 'Irelia', 'Kalista', 'Maokai', 'Tristana')",1,0,1
"('Draven', 'Hwei', 'Nautilus', 'Teemo', 'Viego')",0,1,1
"('Hwei', 'Kalista', 'Renekton', 'Taliyah', 'Thresh')",1,0,1
"('Akali', 'Brand', 'Ekko', 'Kalista', 'Viego')",0,1,1
"('Draven', 'Jax', 'Nautilus', 'Nidalee', 'Tristana')",1,0,1
"('Draven', 'Fiddlesticks', 'Irelia', 'Nautilus', 'Yone')",1,0,1
"('Draven', 'Irelia', 'Jayce', 'Lillia', 'Rell')",0,1,1
"('Briar', 'Corki', 'Heimerdinger', 'Kalista', 'Pyke')",1,0,1
"('Irelia', 'Kalista', 'Lee Sin', 'Nautilus', 'Vex')",1,0,1
"('Draven', 'Rell', 'Samira', 'Zac', 'Zoe')",0,1,1
"('Alistar', 'Draven', 'Nidalee', 'Tryndamere', 'Vladimir')",1,0,1
"('Jhin', 'Lee Sin', 'Orianna', 'Pyke', 'Skarner')",0,1,1
"('Draven', 'Jax', 'Pyke', ""Rek'Sai"", 'Taliyah')",0,1,1
"('Jhin', 'Katarina', 'Rakan', 'Skarner', 'Xin Zhao')",1,0,1
"('Blitzcrank', 'Rumble', 'Tristana', 'Varus', 'Viego')",0,1,1
"('Jayce', 'Jhin', 'Nidalee', 'Rell', 'Skarner')",0,1,1
"('Gragas', 'Rell', 'Samira', 'Skarner', 'Yone')",1,0,1
"(""Kai'Sa"", 'Nautilus', 'Nidalee', 'Twisted Fate', 'Yasuo')",0,1,1
"('Aatrox', 'Ahri', 'Braum', 'Ivern', 'Jinx')",0,1,1
"('Alistar', 'Galio', ""Kai'Sa"", 'Lee Sin', 'Skarner')",0,1,1
"('Akshan', ""Kai'Sa"", 'Pyke', 'Rumble', 'Xin Zhao')",0,1,1
"('Alistar', 'Graves', 'LeBlanc', 'Rumble', 'Varus')",0,1,1
"('Draven', 'Galio', 'Hwei', 'Skarner', 'Talon')",1,0,1
"('Ekko', ""Kai'Sa"", 'Nautilus', 'Skarner', 'Tristana')",0,1,1
"('Aatrox', 'Ashe', 'Karthus', 'Maokai', 'Talon')",0,1,1
"('Ashe', 'LeBlanc', 'Lee Sin', 'Leona', 'Skarner')",1,0,1
"('Ashe', 'Braum', 'Lillia', 'Smolder', 'Tristana')",1,0,1
"('Ahri', 'Bard', 'Graves', 'Jhin', 'Skarner')",1,0,1
"('Akali', 'Ashe', 'Braum', 'Skarner', 'Viego')",0,1,1
"('Blitzcrank', ""Kai'Sa"", 'Taliyah', 'Twisted Fate', 'Yorick')",1,0,1
"('Draven', 'Rell', 'Rumble', 'Sylas', 'Talon')",1,0,1
"('Hwei', 'Kalista', 'Nidalee', 'Renata Glasc', 'Renekton')",0,1,1
"('Draven', 'Graves', 'Nautilus', 'Tristana', 'Udyr')",1,0,1
"('Blitzcrank', ""Kai'Sa"", 'Mordekaiser', 'Nidalee', 'Viego')",1,0,1
"('Alistar', 'Kayn', 'Skarner', 'Tristana', 'Zeri')",0,1,1
"('Lee Sin', 'Pyke', 'Ryze', 'Sylas', 'Varus')",1,0,1
"('Darius', 'Graves', ""Kai'Sa"", 'Leona', 'Xerath')",1,0,1
"('Ahri', 'Pyke', 'Tryndamere', 'Varus', 'Volibear')",1,0,1
"('Blitzcrank', 'Camille', 'Hwei', 'Kalista', ""Rek'Sai"")",1,0,1
"('Ashe', 'Braum', 'Hwei', 'Jax', 'Quinn')",1,0,1
"('Aatrox', 'Ahri', ""Kha'Zix"", 'Lucian', 'Swain')",0,1,1
"('Corki', 'Graves', 'Nautilus', 'Rumble', 'Twisted Fate')",1,0,1
"('Blitzcrank', 'Galio', 'Gragas', 'Shaco', 'Zeri')",0,1,1
"('Azir', 'Corki', 'Nautilus', 'Skarner', 'Xin Zhao')",1,0,1
"('Blitzcrank', 'Brand', ""Kai'Sa"", 'Kled', 'Viego')",0,1,1
"('Ekko', 'Hecarim', 'Jayce', ""Kai'Sa"", 'Rell')",0,1,1
"('Braum', 'Cassiopeia', 'Corki', 'Olaf', ""Rek'Sai"")",0,1,1
"('Ahri', 'Akali', 'Graves', 'Lucian', 'Nami')",1,0,1
"('Blitzcrank', 'Evelynn', 'Rumble', 'Tristana', 'Varus')",1,0,1
"('LeBlanc', 'Nautilus', 'Nilah', 'Olaf', 'Viego')",0,1,1
"(""Bel'Veth"", ""Kai'Sa"", 'Kennen', 'Nautilus', 'Sylas')",0,1,1
"('Jayce', ""Kai'Sa"", 'Lillia', 'Pyke', 'Skarner')",0,1,1
"('Alistar', 'Gragas', 'Hwei', 'Jinx', 'Xin Zhao')",1,0,1
"('Akali', 'Ashe', 'Bard', 'Renekton', 'Viego')",0,1,1
"('Gragas', 'Kennen', 'Nautilus', 'Samira', 'Yasuo')",0,1,1
"('Karthus', 'Lulu', 'Skarner', 'Yasuo', 'Zeri')",1,0,1
"('Blitzcrank', 'Draven', 'Graves', 'Skarner', 'Sylas')",0,1,1
"('Jayce', 'Nidalee', 'Talon', 'Thresh', 'Varus')",0,1,1
"('Jax', 'Lillia', 'Thresh', 'Varus', 'Ziggs')",1,0,1
"('Karthus', 'Kennen', 'Poppy', 'Talon', 'Varus')",1,0,1
"('Corki', 'Hwei', 'Karma', 'Karthus', 'Renekton')",0,1,1
"('Elise', 'Gragas', 'Kalista', 'Rakan', 'Talon')",0,1,1
"('Draven', 'Kennen', 'Lee Sin', 'Pyke', 'Viego')",1,0,1
"('Aatrox', 'Ashe', 'Singed', 'Vex', 'Viego')",1,0,1
"('Gnar', 'Katarina', 'Leona', 'Lillia', 'Varus')",1,0,1
"('Aatrox', 'Ahri', 'Rell', 'Taliyah', 'Varus')",1,0,1
"('Ezreal', ""K'Sante"", 'Karma', 'Nidalee', 'Qiyana')",1,0,1
"('Gnar', 'Graves', 'LeBlanc', 'Leona', 'Tristana')",0,1,1
"('Graves', 'Kennen', 'Nautilus', 'Twisted Fate', 'Varus')",0,1,1
"('Gnar', ""Kai'Sa"", 'Kennen', 'Rell', 'Shaco')",1,0,1
"('LeBlanc', 'Lee Sin', 'Lucian', 'Rakan', 'Skarner')",0,1,1
"('Corki', 'Jax', 'Pantheon', 'Rell', 'Taliyah')",0,1,1
"('Ashe', 'Irelia', 'Nautilus', 'Rengar', 'Vex')",1,0,1
"('Ashe', 'Katarina', ""Kha'Zix"", 'Rumble', 'Skarner')",1,0,1
"('Graves', ""K'Sante"", ""Kai'Sa"", 'LeBlanc', 'Rumble')",1,0,1
"('Lucian', 'Nami', 'Ornn', 'Sylas', 'Tristana')",1,0,1
"('Akali', 'Braum', 'Jinx', 'Skarner', 'Viego')",1,0,1
"('Camille', 'Corki', 'Pyke', 'Skarner', 'Udyr')",1,0,1
"('Aurelion Sol', 'Jinx', ""K'Sante"", 'Milio', 'Taliyah')",0,1,1
"('Corki', 'Jax', 'Katarina', 'Leona', 'Lillia')",0,1,1
"('Corki', 'Gragas', ""K'Sante"", 'Morgana', 'Yasuo')",0,1,1
"('Anivia', 'Blitzcrank', 'Jax', ""Kai'Sa"", 'Rumble')",1,0,1
"('Annie', 'Gnar', 'Pantheon', 'Sivir', 'Talon')",1,0,1
"('Camille', 'Cassiopeia', ""K'Sante"", 'Nidalee', 'Vayne')",1,0,1
"('Corki', 'Ezreal', 'Pantheon', 'Poppy', 'Rumble')",1,0,1
"('Ashe', 'Gragas', 'Jayce', 'Seraphine', 'Skarner')",1,0,1
"('Ahri', 'Lucian', 'Nami', 'Skarner', 'Vi')",0,1,1
"('Lee Sin', 'Lucian', 'Nami', 'Ornn', 'Taliyah')",1,0,1
"('Akshan', 'Ashe', 'Fiora', 'Nautilus', 'Shaco')",1,0,1
"('Alistar', 'Draven', 'Shen', 'Viego', 'Zoe')",1,0,1
"('Corki', 'Irelia', 'Leona', 'Lillia', 'Olaf')",0,1,1
"('Jayce', ""Kai'Sa"", 'Rumble', 'Seraphine', 'Skarner')",1,0,1
"('Camille', ""Kai'Sa"", 'Sion', 'Vayne', 'Viego')",1,0,1
"('Ivern', 'Jhin', 'Nautilus', 'Rumble', 'Tristana')",1,0,1
"('Aatrox', 'Ashe', 'Hwei', 'Lulu', 'Viego')",0,1,1
"('Ashe', 'Camille', 'Elise', 'Pyke', 'Tryndamere')",0,1,1
"('Kalista', 'Maokai', 'Neeko', 'Nidalee', 'Pantheon')",0,1,1
"('Jax', 'Qiyana', 'Rell', 'Taliyah', 'Zeri')",1,0,1
"('Ahri', 'Akali', 'Jinx', 'Pyke', 'Rengar')",0,1,1
"('Gwen', 'Neeko', 'Smolder', 'Tristana', 'Udyr')",1,0,1
"('Graves', ""Kai'Sa"", 'Pyke', 'Rell', 'Ryze')",1,0,1
"(""Kai'Sa"", 'Nidalee', 'Qiyana', 'Rell', 'Twisted Fate')",1,0,1
"('Anivia', 'Bard', 'Fiora', 'Jhin', 'Viego')",1,0,1
"('Ashe', 'Hwei', ""K'Sante"", 'Lee Sin', 'Rell')",1,0,1
"('Gragas', 'Jhin', 'Twisted Fate', 'Vex', 'Viego')",0,1,1
"('Camille', 'Irelia', 'Lillia', 'Tristana', 'Zeri')",0,1,1
"('Braum', 'Darius', 'Hwei', 'Lucian', 'Nidalee')",0,1,1
"('Nidalee', 'Nilah', 'Rell', 'Singed', 'Tristana')",1,0,1
"('Bard', 'Lillia', 'Tryndamere', 'Yone', 'Zeri')",0,1,1
"('Aphelios', 'Galio', 'Gragas', 'Kindred', 'Sejuani')",0,1,1
"('Aatrox', 'Leona', 'Twisted Fate', 'Varus', 'Viego')",0,1,1
"('Aatrox', 'Diana', 'Nautilus', 'Tristana', 'Ziggs')",0,1,1
"('Ahri', 'Kalista', 'Ornn', 'Rell', 'Viego')",0,1,1
"('Graves', ""K'Sante"", 'Nautilus', 'Swain', 'Vex')",1,0,1
"('Aurelion Sol', ""Kai'Sa"", 'Olaf', 'Pyke', 'Twisted Fate')",1,0,1
"('Ashe', 'Katarina', ""Kha'Zix"", 'Seraphine', 'Udyr')",1,0,1
"('Ashe', 'Gnar', 'Rell', 'Sylas', 'Viego')",0,1,1
"('Draven', 'Gragas', 'Hwei', 'Kindred', 'Pyke')",1,0,1
"('Jayce', 'Kalista', 'Katarina', 'Pyke', 'Vi')",0,1,1
"('Ashe', 'Jayce', ""K'Sante"", 'Skarner', 'Taliyah')",1,0,1
"('Alistar', 'Ashe', 'Cassiopeia', 'Kennen', ""Kha'Zix"")",0,1,1
"('Galio', 'Nasus', 'Thresh', 'Viego', 'Zeri')",0,1,1
"('Aatrox', 'Bard', 'Briar', 'Kassadin', 'Varus')",0,1,1
"('Ashe', 'Braum', 'Hwei', 'Jax', 'Viego')",0,1,1
"('Blitzcrank', ""Kai'Sa"", 'Lulu', 'Singed', 'Viego')",0,1,1
"('Camille', 'Gwen', ""Kai'Sa"", 'Kled', 'Nautilus')",1,0,1
"('Jayce', ""Kai'Sa"", 'Nautilus', 'Rammus', 'Sylas')",0,1,1
"('Aphelios', 'Gnar', 'Nidalee', 'Thresh', 'Yone')",0,1,1
"('Ahri', 'Ashe', 'Kindred', 'Renekton', 'Seraphine')",0,1,1
"('Ashe', 'Braum', 'Hwei', ""Kha'Zix"", 'Skarner')",0,1,1
"('Alistar', 'Azir', 'Samira', 'Skarner', 'Viego')",1,0,1
"('Aatrox', 'Jinx', 'Kindred', 'Lulu', 'Taliyah')",0,1,1
"('Ashe', 'Kennen', ""Kha'Zix"", 'Rakan', 'Yone')",0,1,1
"('Heimerdinger', 'Lee Sin', 'Twisted Fate', 'Varus', 'Volibear')",0,1,1
"('Ashe', 'Lee Sin', 'Poppy', 'Thresh', 'Twisted Fate')",0,1,1
"('Aatrox', 'Fizz', 'Jinx', 'Rell', 'Viego')",1,0,1
"('Ahri', 'Graves', 'Rakan', 'Skarner', 'Xayah')",1,0,1
"('Annie', 'Caitlyn', 'Fiora', 'Lux', 'Xin Zhao')",1,0,1
"('Graves', 'Kled', 'LeBlanc', 'Leona', 'Lucian')",1,0,1
"('Annie', 'Corki', 'Poppy', 'Rell', 'Viego')",1,0,1
"('Aatrox', 'Lee Sin', 'Neeko', 'Nidalee', 'Varus')",1,0,1
"('Smolder', 'Sona', 'Taliyah', 'Warwick', 'Xin Zhao')",1,0,1
"('Garen', 'Graves', 'Soraka', 'Viego', 'Yuumi')",0,1,1
"('Aphelios', 'Jayce', 'LeBlanc', 'Lee Sin', 'Thresh')",0,1,1
"('Aatrox', 'Bard', 'Nidalee', 'Pantheon', 'Zeri')",0,1,1
"('Braum', ""Kai'Sa"", 'Kennen', 'Vi', 'Zed')",1,0,1
"('Jax', ""Kai'Sa"", 'Maokai', 'Rakan', 'Tristana')",1,0,1
"('Anivia', 'Hwei', ""Kai'Sa"", 'Skarner', 'Vi')",1,0,1
"(""Kha'Zix"", 'Lulu', 'Skarner', 'Vex', 'Zeri')",0,1,1
"('Akali', 'Ashe', 'Irelia', 'Lee Sin', 'Thresh')",1,0,1
"('Ashe', 'Mordekaiser', 'Nidalee', 'Rell', 'Tristana')",1,0,1
"('Ahri', 'Lee Sin', 'Rakan', 'Shen', 'Varus')",1,0,1
"('Blitzcrank', 'Ekko', 'Graves', 'Twisted Fate', 'Zeri')",0,1,1
"('Draven', 'Nautilus', ""Rek'Sai"", 'Viego', 'Viktor')",0,1,1
"(""K'Sante"", 'Lissandra', 'Shaco', 'Yuumi', 'Zeri')",0,1,1
"('Ashe', 'Hwei', ""K'Sante"", 'Lissandra', ""Rek'Sai"")",1,0,1
"('Azir', 'Lee Sin', 'Skarner', 'Thresh', 'Twitch')",0,1,1
"('Ashe', 'Darius', 'Hwei', 'Lee Sin', 'Soraka')",1,0,1
"('Blitzcrank', ""Kai'Sa"", 'Kennen', 'Olaf', 'Sylas')",1,0,1
"('Hwei', 'Jax', 'Kindred', 'Rakan', 'Smolder')",0,1,1
"('Akshan', 'Fiora', 'Nidalee', 'Smolder', 'Taric')",0,1,1
"('Aatrox', 'Ezreal', 'Jayce', 'Lillia', 'Nautilus')",0,1,1
"('Alistar', 'Gnar', 'Lee Sin', 'Smolder', 'Vex')",0,1,1
"('Braum', 'Corki', 'Kled', 'Nidalee', 'Yasuo')",0,1,1
"('Ahri', 'Corki', ""Kha'Zix"", 'Senna', 'Twisted Fate')",0,1,1
"('Akali', ""Kai'Sa"", 'Pyke', 'Taliyah', 'Viego')",1,0,1
"(""Kai'Sa"", 'Lulu', 'Nidalee', 'Twisted Fate', 'Zed')",1,0,1
"(""Kai'Sa"", 'Lee Sin', 'Nautilus', 'Orianna', 'Pantheon')",0,1,1
"('Camille', 'Rakan', 'Taliyah', 'Tristana', 'Zeri')",1,0,1
"('Jax', 'Jinx', 'Mordekaiser', 'Nautilus', 'Zoe')",1,0,1
"('Braum', 'Graves', 'Lucian', 'Renekton', 'Vex')",0,1,1
"('Dr. Mundo', 'Lulu', 'Nidalee', 'Pantheon', 'Zeri')",0,1,1
"('Aatrox', 'Akshan', 'Blitzcrank', 'Brand', 'Varus')",1,0,1
"('Ashe', 'Corki', 'Lillia', 'Pyke', 'Zac')",1,0,1
"('Hwei', 'Jhin', 'Lee Sin', 'Renekton', 'Taliyah')",0,1,1
"('Camille', 'Draven', 'Hwei', 'Thresh', 'Viego')",1,0,1
"('Akali', 'Brand', ""Kai'Sa"", 'Poppy', 'Rell')",1,0,1
"('Jayce', 'Lillia', 'Renekton', 'Seraphine', 'Varus')",0,1,1
"('Azir', 'Jinx', 'Leona', 'Rumble', 'Shaco')",1,0,1
"('Alistar', 'Caitlyn', 'Gwen', 'Shaco', 'Twisted Fate')",1,0,1
"('Aatrox', 'Hwei', 'Jhin', 'Neeko', 'Shaco')",1,0,1
"('Annie', 'Kalista', 'Leona', 'Nasus', 'Shaco')",1,0,1
"('Alistar', 'Aurelion Sol', 'Corki', 'Jayce', 'Shaco')",0,1,1
"('Fiora', ""Kai'Sa"", 'Nautilus', 'Shaco', 'Zed')",1,0,1
"('Lillia', 'Rell', 'Sivir', 'Tristana', 'Tryndamere')",1,0,1
"('Aphelios', 'Rakan', 'Shaco', 'Tryndamere', 'Twisted Fate')",1,0,1
"('Ashe', 'Poppy', 'Renekton', 'Seraphine', 'Taliyah')",1,0,1
"('Gwen', ""Kai'Sa"", 'Leona', 'Poppy', 'Sylas')",0,1,1
"('Corki', 'Hwei', 'Jax', 'Rakan', 'Shaco')",1,0,1
"('Gragas', 'Leona', 'Shaco', 'Sylas', 'Varus')",1,0,1
"('Poppy', 'Twisted Fate', 'Yuumi', 'Zac', 'Zeri')",0,1,1
"('Katarina', 'Milio', 'Riven', 'Shaco', 'Sivir')",1,0,1
"('Jhin', ""K'Sante"", 'Lee Sin', 'Xerath', 'Zyra')",0,1,1
"('Ahri', 'Camille', 'Nidalee', 'Seraphine', 'Zeri')",0,1,1
"('Ashe', 'Kalista', 'Orianna', 'Skarner', 'Tryndamere')",0,1,1
"('Bard', 'Diana', 'Ezreal', 'Lillia', 'Sion')",1,0,1
"('Caitlyn', 'Jayce', 'Lulu', 'Taliyah', 'Talon')",0,1,1
"('Camille', 'Corki', 'Galio', 'Pyke', 'Viego')",0,1,1
"('Camille', 'Cassiopeia', ""K'Sante"", ""Rek'Sai"", 'Vex')",1,0,1
"('Azir', 'Garen', 'Lee Sin', 'Zeri', 'Zilean')",0,1,1
"('Ashe', 'Galio', 'Graves', 'Renekton', 'Seraphine')",1,0,1
"('Aphelios', 'Diana', 'Lee Sin', 'Rakan', 'Viego')",0,1,1
"('Diana', 'Irelia', 'Kalista', 'Karthus', 'Pyke')",0,1,1
"('Diana', ""Kai'Sa"", 'Lee Sin', 'Olaf', 'Rell')",1,0,1
"('Heimerdinger', ""Kog'Maw"", 'Nautilus', 'Tristana', 'Viego')",1,0,1
"('Ashe', 'Diana', 'Kennen', 'Lee Sin', 'Thresh')",1,0,1
"('Diana', 'Karthus', 'Pyke', 'Viego', 'Zeri')",1,0,1
"('Aphelios', 'Diana', 'Janna', 'Riven', 'Viego')",0,1,1
"('Diana', ""Kai'Sa"", 'Pyke', 'Riven', 'Wukong')",1,0,1
"('Diana', 'Jarvan IV', ""Kai'Sa"", 'Rammus', 'Skarner')",1,0,1
"('Diana', 'Jayce', 'Lulu', 'Zac', 'Zeri')",1,0,1
"('Diana', ""Kai'Sa"", 'Rakan', 'Skarner', 'Viego')",0,1,1
"('Akshan', 'Aphelios', 'Leona', 'Riven', 'Taliyah')",0,1,1
"('Jax', ""Kai'Sa"", ""Kha'Zix"", 'Lulu', 'Vex')",0,1,1
"('Taliyah', 'Tristana', 'Varus', 'Viego', 'Zoe')",1,0,1
"('Azir', 'Camille', 'Janna', 'Viego', 'Zeri')",1,0,1
"('Aatrox', 'Bard', 'Corki', 'Lillia', 'Tristana')",0,1,1
"('Galio', ""Kai'Sa"", 'Neeko', 'Pantheon', 'Rell')",0,1,1
"('Anivia', 'Ashe', 'Blitzcrank', 'Skarner', 'Viego')",0,1,1
"('Ashe', 'Azir', 'Seraphine', 'Skarner', 'Viego')",0,1,1
"('Aphelios', 'Lissandra', 'Nautilus', 'Viego', 'Vladimir')",0,1,1
"('Dr. Mundo', 'Jax', 'Nidalee', 'Tryndamere', 'Zeri')",1,0,1
"(""Bel'Veth"", 'Camille', 'Jinx', 'Lissandra', 'Twisted Fate')",1,0,1
"('Jayce', 'Rakan', 'Twisted Fate', 'Varus', 'Viego')",1,0,1
"('Galio', 'Jinx', 'Lulu', ""Rek'Sai"", 'Rumble')",1,0,1
"('Corki', ""K'Sante"", 'Nidalee', 'Pantheon', 'Smolder')",1,0,1
"('Lucian', 'Lulu', 'Nidalee', 'Pantheon', 'Yone')",1,0,1
"('Camille', ""Kai'Sa"", 'Poppy', 'Rengar', 'Tristana')",0,1,1
"('Blitzcrank', 'Camille', 'Ekko', 'Jhin', 'LeBlanc')",1,0,1
"('Ashe', 'Galio', 'Kindred', 'Lulu', 'Nasus')",0,1,1
"('Kennen', 'Lillia', 'Lulu', 'Yone', 'Zeri')",1,0,1
"('Jarvan IV', 'Jinx', 'Kled', 'Lulu', 'Rumble')",1,0,1
"('Blitzcrank', ""Kai'Sa"", 'Lissandra', 'Mordekaiser', 'Shaco')",0,1,1
"('Aurelion Sol', 'Draven', 'Mordekaiser', 'Shaco', 'Taric')",0,1,1
"('Annie', 'Camille', ""Kog'Maw"", 'Lee Sin', 'Rell')",1,0,1
"('Irelia', 'Jinx', 'Orianna', 'Seraphine', 'Shaco')",1,0,1
"('Azir', 'Lee Sin', 'Rell', 'Renekton', 'Varus')",1,0,1
"('Gragas', 'Irelia', ""Kai'Sa"", 'Lee Sin', 'Rell')",1,0,1
"('Alistar', 'Jarvan IV', ""K'Sante"", 'Varus', 'Xerath')",1,0,1
"('Gnar', 'Heimerdinger', 'Lillia', 'Nautilus', 'Viego')",1,0,1
"('Alistar', 'Ashe', 'Gragas', 'Swain', 'Volibear')",1,0,1
"('Corki', ""Kai'Sa"", 'Rell', 'Taliyah', 'Viego')",1,0,1
"('Aurelion Sol', 'Karma', 'Lee Sin', 'Skarner', 'Varus')",0,1,1
"(""Bel'Veth"", 'Brand', 'Lulu', 'Poppy', 'Zeri')",0,1,1
"('Ashe', 'Braum', ""K'Sante"", ""Kai'Sa"", 'Karthus')",0,1,1
"('Annie', 'Darius', 'Draven', 'Graves', 'Thresh')",1,0,1
"('Hwei', 'Kalista', 'Lee Sin', 'Skarner', 'Twisted Fate')",1,0,1
"('Ahri', 'Camille', 'Taric', 'Tristana', 'Viego')",1,0,1
"('Blitzcrank', 'Gragas', 'Jhin', ""K'Sante"", 'Viego')",0,1,1
"('Gwen', 'Jinx', 'Nautilus', 'Qiyana', 'Viego')",1,0,1
"('Jax', ""Kai'Sa"", 'Nautilus', 'Viego', 'Zoe')",0,1,1
"('Camille', 'Gragas', 'Jinx', 'Thresh', 'Tristana')",0,1,1
"('Darius', 'Jax', 'Lulu', 'Syndra', 'Twitch')",0,1,1
"('Annie', 'Lee Sin', 'Neeko', 'Viego', 'Zeri')",0,1,1
"('Akali', 'Camille', 'Gragas', 'Renekton', 'Samira')",0,1,1
"('Ahri', 'Jinx', ""Rek'Sai"", 'Seraphine', 'Skarner')",1,0,1
"('Brand', 'Draven', 'Fiora', 'Thresh', 'Viego')",1,0,1
"('Brand', 'Camille', 'Graves', 'Lulu', 'Zeri')",1,0,1
"('Alistar', 'Brand', 'Caitlyn', 'Jax', 'Rumble')",0,1,1
"('Brand', 'Kalista', 'Lee Sin', 'Pantheon', 'Rell')",0,1,1
"('Hecarim', 'Jax', ""Kog'Maw"", 'LeBlanc', 'Neeko')",0,1,1
"('Corki', ""K'Sante"", 'Neeko', 'Nidalee', 'Yasuo')",0,1,1
"('Brand', 'Sion', 'Xin Zhao', 'Yuumi', 'Zeri')",1,0,1
"('Brand', 'Illaoi', 'Jinx', 'Rell', 'Sejuani')",0,1,1
"('Brand', 'Jhin', 'Lee Sin', 'Rakan', 'Skarner')",0,1,1
"('Brand', 'Fiora', ""Kai'Sa"", 'Pyke', 'Shaco')",0,1,1
"('Ezreal', 'Karma', 'Nidalee', 'Rumble', 'Sion')",0,1,1
"('Azir', 'Garen', 'Jinx', 'Nautilus', 'Volibear')",1,0,1
"('Azir', 'Draven', 'Nunu & Willump', 'Rell', 'Viego')",1,0,1
"('Blitzcrank', ""Kai'Sa"", 'Orianna', 'Twisted Fate', 'Viego')",1,0,1
"('Aatrox', 'Brand', 'Graves', 'Pyke', 'Tristana')",0,1,1
"('Brand', 'Camille', 'Darius', 'Diana', 'Kalista')",0,1,1
"(""Bel'Veth"", ""Kai'Sa"", 'Rell', 'Renekton', 'Vladimir')",1,0,1
"('Draven', 'Fiddlesticks', 'Malphite', 'Nautilus', 'Talon')",1,0,1
"('Irelia', ""Kai'Sa"", 'Malzahar', 'Thresh', 'Viego')",0,1,1
"('Gwen', 'Katarina', 'Lucian', 'Sylas', 'Viego')",1,0,1
"('Akshan', 'Nautilus', 'Olaf', 'Taliyah', 'Varus')",1,0,1
"('Jax', 'Kalista', 'Katarina', 'Leona', 'Sion')",0,1,1
"('Graves', 'Nautilus', 'Olaf', 'Varus', 'Zoe')",1,0,1
"('Ahri', 'Aphelios', 'Lee Sin', 'Rakan', 'Renekton')",1,0,1
"('Graves', 'Jax', 'Lulu', 'Zeri', 'Zoe')",0,1,1
"('Ashe', 'Camille', 'Orianna', 'Seraphine', 'Skarner')",1,0,1
"('Lee Sin', 'Sivir', 'Skarner', 'Thresh', 'Twisted Fate')",1,0,1
"('Ahri', 'Caitlyn', 'Graves', 'Morgana', 'Skarner')",1,0,1
"('Bard', 'Jhin', 'Skarner', 'Taliyah', 'Yone')",0,1,1
"('Draven', 'Hwei', 'Jax', 'Renata Glasc', 'Xin Zhao')",1,0,1
"('Draven', 'Irelia', 'Nidalee', 'Olaf', 'Rell')",1,0,1
"(""Kai'Sa"", 'Nautilus', 'Olaf', 'Taliyah', 'Viego')",0,1,1
"('Ahri', 'Alistar', 'Jayce', ""Kai'Sa"", 'Lee Sin')",0,1,1
"('Draven', 'Ekko', 'Nasus', 'Rell', 'Yone')",1,0,1
"('Ahri', 'Pyke', 'Quinn', 'Shaco', 'Varus')",0,1,1
"('Corki', ""K'Sante"", 'Nautilus', 'Rell', 'Shaco')",0,1,1
"('Azir', 'Lucian', 'Nami', 'Quinn', 'Shaco')",0,1,1
"('Aurelion Sol', ""Kai'Sa"", 'Olaf', 'Rell', 'Viego')",1,0,1
"('Alistar', ""Bel'Veth"", ""Kai'Sa"", 'Olaf', 'Viktor')",0,1,1
"('Camille', 'Jinx', 'Thresh', 'Viego', 'Xerath')",0,1,1
"('Akshan', 'Jinx', 'Lillia', 'Rell', 'Skarner')",0,1,1
"('Jayce', 'Nautilus', 'Smolder', 'Teemo', 'Viego')",0,1,1
"('Aurelion Sol', 'Draven', 'Lulu', 'Malphite', 'Poppy')",0,1,1
"('Braum', 'Camille', 'Hwei', 'Viego', 'Zeri')",0,1,1
"('Akali', 'Ezreal', 'Karthus', 'Nautilus', 'Viego')",1,0,1
"('Alistar', 'Corki', 'LeBlanc', 'Maokai', 'Viego')",1,0,1
"('Ahri', 'Blitzcrank', 'Olaf', ""Rek'Sai"", 'Samira')",0,1,1
"('Heimerdinger', 'Jax', ""Rek'Sai"", 'Sona', 'Tristana')",0,1,1
"('Akshan', 'Elise', 'Jinx', 'Rell', 'Skarner')",1,0,1
"('Alistar', 'Corki', 'Jax', 'Jhin', 'Nidalee')",0,1,1
"('Hwei', 'Jinx', 'Lee Sin', 'Nautilus', 'Olaf')",1,0,1
"('Hwei', 'Jax', 'Maokai', 'Master Yi', 'Samira')",1,0,1
"('Ashe', 'Katarina', 'Lee Sin', 'Nasus', 'Seraphine')",1,0,1
"('Ashe', 'Hwei', 'Irelia', 'Jax', 'Taliyah')",1,0,1
"('Camille', 'Draven', 'Hecarim', 'Hwei', 'Rell')",0,1,1
"('Aphelios', 'Hwei', 'Jax', 'Soraka', 'Viego')",1,0,1
"('Corki', 'Kindred', 'Nautilus', 'Skarner', 'Zoe')",1,0,1
"('Gragas', ""Kai'Sa"", 'Poppy', 'Qiyana', 'Rakan')",0,1,1
"('Alistar', 'Cassiopeia', 'Lillia', 'Pyke', 'Varus')",0,1,1
"('Aphelios', 'Kindred', 'Pyke', 'Rell', 'Sett')",0,1,1
"('Anivia', ""Bel'Veth"", 'Jhin', 'Kennen', 'Rakan')",0,1,1
"('LeBlanc', 'Olaf', 'Rell', 'Samira', 'Talon')",1,0,1
"(""Bel'Veth"", 'Camille', 'Galio', 'Hecarim', 'Samira')",1,0,1
"('Camille', 'Ivern', 'Renekton', 'Tristana', 'Ziggs')",0,1,1
"('Ashe', 'Braum', 'Cassiopeia', 'Talon', 'Viego')",1,0,1
"('Camille', 'Jhin', 'Kayn', 'Kennen', 'Qiyana')",0,1,1
"('Hwei', 'Rakan', ""Rek'Sai"", 'Skarner', 'Twitch')",1,0,1
"('Camille', 'Heimerdinger', 'Lee Sin', 'Pantheon', 'Zeri')",1,0,1
"('Corki', 'Nautilus', 'Tristana', 'Twisted Fate', 'Viego')",1,0,1
"('Aphelios', 'Azir', 'Kennen', 'Kindred', 'Rakan')",1,0,1
"('Caitlyn', 'Corki', 'Lux', 'Viego', 'Yone')",1,0,1
"('Hwei', 'Kindred', 'Pantheon', 'Rakan', 'Twitch')",0,1,1
"('Akali', 'Jayce', 'Rell', 'Samira', 'Taliyah')",1,0,1
"('Camille', 'Corki', 'Irelia', 'Nunu & Willump', 'Yasuo')",0,1,1
"('Jax', 'Jinx', 'Nautilus', 'Yasuo', 'Zac')",0,1,1
"('Brand', 'Camille', 'Corki', 'Dr. Mundo', 'Jayce')",0,1,1
"('Caitlyn', 'Corki', 'Diana', ""K'Sante"", 'Lux')",1,0,1
"('Gnar', ""Kai'Sa"", 'Nidalee', 'Rumble', 'Tristana')",0,1,1
"('Camille', 'Gragas', 'Jhin', 'Lucian', 'Nidalee')",1,0,1
"('Draven', 'Fiora', 'LeBlanc', 'Lee Sin', 'Nautilus')",0,1,1
"('Aphelios', ""K'Sante"", 'Lillia', 'Poppy', 'Rell')",0,1,1
"('Jax', ""Kai'Sa"", 'Rell', 'Skarner', 'Yasuo')",1,0,1
"('Camille', 'Hwei', 'Jinx', ""Rek'Sai"", 'Thresh')",1,0,1
"('Ashe', 'Dr. Mundo', 'Kalista', 'Katarina', ""Rek'Sai"")",1,0,1
"('Corki', ""Kai'Sa"", 'Lillia', 'Nautilus', 'Sett')",1,0,1
"('Cassiopeia', ""Kha'Zix"", 'Lucian', 'Nami', 'Nasus')",1,0,1
"('Caitlyn', 'Galio', ""Kha'Zix"", 'LeBlanc', 'Rell')",0,1,1
"('Ashe', 'Corki', 'Hwei', ""K'Sante"", 'Nidalee')",0,1,1
"('Jayce', ""K'Sante"", 'Karthus', 'Lucian', 'Nami')",0,1,1
"('Corki', 'Lucian', 'Nami', 'Skarner', 'Viego')",0,1,1
"('Camille', 'Hwei', 'Jinx', 'Tryndamere', 'Xin Zhao')",0,1,1
"('Ashe', 'Rell', 'Taliyah', 'Tristana', 'Udyr')",1,0,1
"('Camille', 'Hwei', 'Rell', 'Viego', 'Ziggs')",0,1,1
"('Caitlyn', 'Karthus', 'Ornn', 'Thresh', 'Viego')",0,1,1
"('Orianna', 'Rell', 'Rengar', 'Samira', 'Skarner')",1,0,1
"('Fiddlesticks', 'Pantheon', 'Rell', 'Varus', 'Yone')",1,0,1
"(""Kai'Sa"", 'Kindred', 'Rell', 'Rumble', 'Yasuo')",0,1,1
"('Bard', 'Jhin', 'Nidalee', 'Sejuani', 'Zed')",1,0,1
"('Corki', 'Galio', 'Jax', 'Leona', 'Vayne')",1,0,1
"('Camille', 'Corki', 'Kennen', 'LeBlanc', 'Viego')",1,0,1
"('Akshan', 'Ashe', 'Nidalee', 'Renekton', 'Varus')",0,1,1
"('Diana', 'Graves', 'Jhin', 'Nautilus', 'Ryze')",0,1,1
"('Rakan', 'Renekton', 'Sejuani', 'Tristana', 'Zeri')",1,0,1
"('Leona', 'Nocturne', 'Taliyah', 'Varus', 'Yone')",1,0,1
"('Jhin', 'Nautilus', 'Nidalee', 'Renekton', 'Tristana')",1,0,1
"('Nautilus', 'Nunu & Willump', 'Tristana', 'Xayah', 'Zac')",0,1,1
"('Blitzcrank', ""Kai'Sa"", 'Lillia', 'Renekton', 'Yone')",1,0,1
"('Diana', 'Jinx', 'Poppy', 'Qiyana', 'Volibear')",0,1,1
"('Diana', ""Kai'Sa"", 'Kennen', 'Kindred', 'Rell')",1,0,1
"('Caitlyn', 'Diana', 'Hecarim', ""K'Sante"", 'Poppy')",0,1,1
"(""K'Sante"", ""Kai'Sa"", 'Karthus', 'Seraphine', 'Twisted Fate')",1,0,1
"('Blitzcrank', 'Qiyana', 'Shen', 'Sylas', 'Zeri')",0,1,1
"('Blitzcrank', 'Jinx', 'Taliyah', 'Tristana', 'Volibear')",0,1,1
"('Camille', 'Diana', 'Hecarim', ""Kai'Sa"", 'Pyke')",0,1,1
"('Diana', 'Hecarim', 'Rell', 'Samira', 'Tryndamere')",0,1,1
"('Ashe', 'Heimerdinger', 'Kindred', 'Qiyana', 'Rell')",1,0,1
"('Caitlyn', 'Diana', 'Fiora', 'Leona', 'Viego')",0,1,1
"('Blitzcrank', 'Camille', ""Kog'Maw"", 'Nidalee', 'Qiyana')",1,0,1
"('Aatrox', 'Aphelios', ""Bel'Veth"", 'Diana', 'Milio')",1,0,1
"('Corki', 'Jinx', 'Poppy', 'Taliyah', 'Twisted Fate')",1,0,1
"('Ahri', 'Draven', 'Graves', 'Kled', 'Nautilus')",0,1,1
"('Lillia', 'Rell', 'Samira', 'Skarner', 'Zed')",1,0,1
"('Corki', 'Malphite', 'Neeko', 'Rumble', 'Zeri')",0,1,1
"('Ashe', 'Camille', 'Gwen', 'Hwei', 'Kindred')",1,0,1
"('Draven', 'Karthus', 'Nautilus', 'Olaf', 'Tristana')",1,0,1
"('Hwei', 'Rell', 'Rumble', 'Samira', 'Xin Zhao')",0,1,1
"('Camille', ""Kai'Sa"", 'Lee Sin', 'Renekton', 'Syndra')",1,0,1
"('Draven', 'Hwei', 'Lee Sin', 'Rakan', 'Renekton')",0,1,1
"('Graves', 'Jinx', 'Orianna', 'Rumble', 'Seraphine')",0,1,1
"('Camille', 'Kalista', 'Kindred', 'Poppy', 'Viktor')",1,0,1
"('Aphelios', 'Gragas', 'Jayce', 'Lillia', 'Nautilus')",1,0,1
"('Hwei', 'Jhin', 'Karthus', 'Skarner', 'Yone')",1,0,1
"(""Bel'Veth"", 'Darius', 'Lillia', 'Rumble', 'Varus')",0,1,1
"('Ashe', 'Braum', 'Graves', ""K'Sante"", 'Twisted Fate')",1,0,1
"('Aatrox', 'Aphelios', 'Rakan', 'Vex', 'Xin Zhao')",1,0,1
"('Hecarim', 'Jinx', 'Nautilus', 'Renekton', 'Syndra')",1,0,1
"('Lillia', 'Rakan', 'Viego', 'Vladimir', 'Zeri')",0,1,1
"('Leona', 'Miss Fortune', 'Nunu & Willump', 'Skarner', 'Twisted Fate')",1,0,1
"('Camille', 'Lee Sin', 'Nautilus', 'Taliyah', 'Varus')",1,0,1
"('Akali', 'Kalista', ""Kha'Zix"", 'Poppy', 'Rell')",0,1,1
"('Cassiopeia', 'Jarvan IV', 'Jhin', 'Lux', 'Pyke')",1,0,1
"('Elise', 'Jayce', 'Nautilus', 'Senna', 'Yone')",0,1,1
"('Diana', 'Fiora', 'Janna', 'Smolder', 'Viego')",0,1,1
"('Draven', 'Fiora', 'Nidalee', 'Rell', 'Tristana')",0,1,1
"('Akali', 'Fiora', 'Kalista', ""Kha'Zix"", 'Pyke')",1,0,1
"('Briar', 'Camille', 'Galio', 'Taliyah', 'Zeri')",1,0,1
"(""Kai'Sa"", 'Nautilus', 'Renekton', 'Taliyah', 'Talon')",0,1,1
"('Bard', 'Caitlyn', 'Corki', 'Rumble', 'Urgot')",0,1,1
"('Ashe', 'Braum', ""K'Sante"", ""Vel'Koz"", 'Viego')",1,0,1
"(""Bel'Veth"", ""K'Sante"", ""Kai'Sa"", 'Maokai', 'Zyra')",0,1,1
"('Camille', 'Lucian', 'Malzahar', 'Rumble', 'Udyr')",0,1,1
"('Pyke', 'Renekton', 'Syndra', ""Vel'Koz"", 'Xin Zhao')",1,0,1
"('Jayce', 'Miss Fortune', 'Nautilus', 'Skarner', 'Taliyah')",0,1,1
"('Aatrox', 'Elise', ""Kog'Maw"", 'Rell', 'Skarner')",0,1,1
"('Aurelion Sol', 'Heimerdinger', ""K'Sante"", 'Nautilus', 'Xin Zhao')",1,0,1
"('Corki', 'Lillia', 'Rell', 'Rumble', 'Xayah')",0,1,1
"('Corki', 'Rumble', 'Taliyah', 'Taric', 'Twisted Fate')",1,0,1
"('Draven', 'Pyke', 'Rumble', 'Skarner', 'Vladimir')",1,0,1
"('Alistar', 'Galio', 'Jhin', 'Rumble', 'Skarner')",0,1,1
"('Fiora', ""Kai'Sa"", 'Lee Sin', 'Nautilus', 'Viego')",1,0,1
"('Akali', 'Fiora', 'Jinx', 'Taric', 'Viego')",1,0,1
"('Akshan', 'Brand', 'Fiora', 'Varus', ""Vel'Koz"")",1,0,1
"('Camille', 'Evelynn', 'Jinx', 'Katarina', 'Lux')",1,0,1
"('Corki', 'Diana', 'Jax', 'Thresh', 'Yasuo')",0,1,1
"('Fiora', 'Jinx', 'Rell', 'Taliyah', 'Yasuo')",0,1,1
"('Ashe', 'Fiora', 'Irelia', 'Rakan', 'Taliyah')",0,1,1
"('Anivia', 'Fiora', 'Gragas', ""Kai'Sa"", 'Nautilus')",1,0,1
"('Corki', 'Fiora', 'Rakan', 'Sylas', 'Viego')",1,0,1
"('Fiora', 'Irelia', 'Jax', 'Seraphine', 'Zeri')",0,1,1
"('Fiora', 'Jinx', 'Kled', 'Leona', 'Nidalee')",1,0,1
"('Ashe', 'Elise', 'Fiora', 'Hwei', 'Rakan')",0,1,1
"('Fiora', 'Jhin', 'Shaco', 'Sylas', 'Viego')",1,0,1
"('Fiora', 'Graves', 'Jax', 'Jhin', 'Xerath')",1,0,1
"('Fiora', 'Graves', 'Hwei', 'Varus', 'Xerath')",0,1,1
"('Ashe', 'Fiora', 'Lux', 'Nidalee', 'Zac')",1,0,1
"('Fiora', 'Jhin', 'Karthus', 'Nautilus', 'Skarner')",1,0,1
"('Ekko', 'Fiora', ""Kai'Sa"", ""Kha'Zix"", 'Nautilus')",0,1,1
"('Ekko', 'Fiora', ""Kha'Zix"", 'Lee Sin', 'Senna')",1,0,1
"('Fiora', 'Jhin', 'LeBlanc', 'Zed', 'Zyra')",1,0,1
"('Aatrox', 'Braum', 'Dr. Mundo', 'Jinx', 'Viego')",1,0,1
"('Aatrox', 'Jinx', 'Karthus', 'Thresh', 'Tristana')",1,0,1
"('Brand', 'Corki', 'Jayce', 'Nautilus', 'Varus')",0,1,1
"('Kled', 'Nidalee', 'Senna', 'Tahm Kench', 'Viego')",0,1,1
"('Gragas', 'Kalista', 'Neeko', 'Skarner', 'Yasuo')",0,1,1
"('Lulu', ""Rek'Sai"", 'Skarner', 'Twisted Fate', 'Zeri')",0,1,1
"('Aatrox', 'Bard', 'Hwei', 'Jhin', 'Viego')",0,1,1
"('Rell', 'Sett', 'Taliyah', 'Twisted Fate', 'Zeri')",1,0,1
"('Ahri', 'Corki', 'Nautilus', 'Nunu & Willump', 'Skarner')",0,1,1
"('LeBlanc', 'Lee Sin', 'Leona', 'Sejuani', 'Zeri')",0,1,1
"('Corki', 'Hwei', ""K'Sante"", 'Lee Sin', 'Leona')",0,1,1
"('Graves', 'Gwen', 'Hwei', 'Lucian', 'Nami')",1,0,1
"('Blitzcrank', 'Gragas', 'Hwei', 'Viego', 'Xayah')",0,1,1
"('Aatrox', 'Ahri', 'Blitzcrank', 'Graves', ""Kai'Sa"")",0,1,1
"('Jinx', 'Lee Sin', 'Renata Glasc', 'Sejuani', 'Twisted Fate')",0,1,1
"('Anivia', 'Camille', ""Kai'Sa"", 'Nautilus', 'Taliyah')",1,0,1
"('Camille', 'Corki', ""Kai'Sa"", 'Leona', ""Rek'Sai"")",0,1,1
"('Hwei', 'Jinx', 'Kennen', 'Lee Sin', 'Leona')",1,0,1
"('Hwei', 'Lee Sin', 'Nasus', 'Nautilus', 'Varus')",0,1,1
"('Lillia', 'Nautilus', 'Tryndamere', 'Varus', 'Yone')",0,1,1
"('Gragas', 'Jhin', 'Karma', 'Taliyah', 'Udyr')",0,1,1
"('Alistar', 'Ashe', ""Rek'Sai"", 'Warwick', 'Zoe')",0,1,1
"('Jax', 'Senna', 'Seraphine', 'Xin Zhao', 'Yone')",1,0,1
"('Ezreal', 'Hwei', 'Jax', 'Taliyah', 'Yone')",1,0,1
"('Aatrox', 'Alistar', 'Corki', 'Hwei', 'Vi')",1,0,1
"('Akshan', 'Ashe', 'Hwei', 'Skarner', 'Udyr')",1,0,1
"('Jhin', 'Nautilus', 'Rumble', 'Viego', 'Yasuo')",1,0,1
"('Nautilus', 'Nidalee', 'Tristana', 'Twisted Fate', 'Zeri')",1,0,1
"('Aatrox', 'Ashe', 'Hwei', 'Thresh', 'Viego')",0,1,1
"('Blitzcrank', 'Nidalee', 'Pantheon', 'Skarner', 'Zeri')",0,1,1
"('Hwei', 'Lulu', ""Rek'Sai"", 'Rumble', 'Zeri')",1,0,1
"('Aatrox', 'Alistar', 'Hwei', 'Nidalee', 'Varus')",0,1,1
"('Corki', 'Fizz', 'Pyke', 'Rumble', 'Viego')",0,1,1
"('Elise', 'Gnar', 'Jinx', 'Nautilus', 'Nunu & Willump')",0,1,1
"('Akshan', 'Fiddlesticks', 'Jhin', 'Rammus', 'Skarner')",1,0,1
"('Draven', 'LeBlanc', 'Lulu', 'Rumble', 'Skarner')",1,0,1
"('Azir', 'Camille', 'Jax', 'Jinx', 'Nautilus')",1,0,1
"('Ahri', 'Graves', 'Nasus', 'Nautilus', 'Varus')",0,1,1
"('Camille', 'Kalista', 'Nunu & Willump', 'Renata Glasc', 'Talon')",0,1,1
"('Alistar', 'Ashe', 'Fiddlesticks', 'Gragas', 'Pantheon')",0,1,1
"('Darius', 'Diana', ""Kai'Sa"", 'Neeko', ""Rek'Sai"")",1,0,1
"('Draven', 'Elise', 'Pyke', 'Tristana', 'Vayne')",0,1,1
"('Aphelios', 'Diana', 'Hecarim', 'Kennen', 'Thresh')",1,0,1
"('Kalista', 'Leona', ""Rek'Sai"", 'Syndra', 'Yone')",1,0,1
"('Akshan', 'Gragas', 'Rakan', ""Rek'Sai"", 'Twitch')",0,1,1
"('Akshan', 'Blitzcrank', 'Lee Sin', 'Nilah', 'Syndra')",1,0,1
"('Akshan', 'Camille', ""Kai'Sa"", 'Nidalee', 'Thresh')",0,1,1
"('Akshan', ""Kai'Sa"", 'Nautilus', 'Skarner', 'Taliyah')",1,0,1
"('Akshan', 'Jinx', 'Lillia', 'Lulu', 'Teemo')",1,0,1
"('Akshan', 'Heimerdinger', 'Nidalee', 'Varus', 'Viktor')",0,1,1
"('Akshan', 'Lee Sin', 'Lulu', 'Mordekaiser', 'Twitch')",0,1,1
"('Aatrox', 'Akshan', 'Nautilus', 'Samira', 'Taliyah')",0,1,1
"('Akshan', 'Nautilus', 'Nidalee', 'Warwick', 'Zeri')",1,0,1
"('Akshan', 'Ashe', 'Bard', 'Kennen', 'Lillia')",0,1,1
"('Akshan', 'Brand', 'Jinx', 'Nautilus', 'Tryndamere')",0,1,1
"('Akshan', ""Kai'Sa"", 'Nidalee', 'Pyke', 'Quinn')",0,1,1
"('Hwei', ""K'Sante"", 'Lee Sin', 'Rell', 'Varus')",1,0,1
"('Akshan', ""Rek'Sai"", 'Rell', 'Rumble', 'Varus')",0,1,1
"('Akshan', 'Bard', 'Ezreal', ""Rek'Sai"", 'Vladimir')",0,1,1
"('Aurelion Sol', 'Neeko', 'Nidalee', 'Sion', 'Viego')",0,1,1
"('Akshan', 'Elise', 'Lulu', 'Sett', 'Zeri')",1,0,1
"('Gwen', 'Hwei', ""Rek'Sai"", 'Yone', 'Zeri')",0,1,1
"('Akshan', 'Lillia', 'Nidalee', 'Varus', 'Viego')",0,1,1
"('Aatrox', 'Akshan', 'Nidalee', 'Rakan', 'Zeri')",1,0,1
"('Ahri', 'Jinx', 'Kindred', 'Shen', 'Thresh')",1,0,1
"('Caitlyn', 'Kindred', 'Riven', 'Syndra', 'Yuumi')",0,1,1
"('Akali', 'Bard', 'Kindred', 'Lucian', 'Skarner')",1,0,1
"('Alistar', 'Aphelios', 'Kindred', 'Nunu & Willump', 'Quinn')",1,0,1
"('Akshan', 'Kindred', 'Skarner', 'Swain', 'Zeri')",1,0,1
"('Aatrox', 'Ezreal', 'Hwei', 'Karma', 'Kindred')",1,0,1
"('Kindred', 'Nautilus', 'Rumble', 'Tristana', 'Viego')",0,1,1
"('Akali', 'Kalista', 'Kindred', 'Neeko', 'Rakan')",1,0,1
"('Ashe', 'Hwei', 'Kindred', 'Renekton', 'Taric')",1,0,1
"('Aatrox', 'Akshan', 'Kalista', 'Nautilus', 'Nidalee')",1,0,1
"('Draven', ""K'Sante"", 'Kindred', 'Pyke', 'Zoe')",1,0,1
"('Braum', 'Hwei', 'Kindred', 'Nasus', 'Smolder')",1,0,1
"('Jayce', 'Kindred', 'Leona', 'Syndra', 'Zeri')",0,1,1
"('Aatrox', 'Camille', 'Jinx', 'Kindred', 'Taliyah')",1,0,1
"('Irelia', 'Jarvan IV', 'Kalista', 'Kindred', 'LeBlanc')",1,0,1
"('Akshan', 'Camille', 'Jayce', 'Sylas', 'Varus')",0,1,1
"('Akshan', ""Bel'Veth"", 'Braum', 'Lucian', 'Vladimir')",1,0,1
"('Fiddlesticks', 'Gangplank', 'Graves', 'Rell', 'Varus')",0,1,1
"('Diana', ""Kai'Sa"", 'Nautilus', 'Tristana', 'Vayne')",0,1,1
"('Jinx', 'Master Yi', 'Nautilus', 'Poppy', 'Twisted Fate')",0,1,1
"('Graves', 'Jinx', 'Lulu', 'Skarner', 'Sylas')",1,0,1
"('Ashe', 'Blitzcrank', 'Hwei', 'Jax', 'Viego')",1,0,1
"('Ashe', 'Jarvan IV', 'Rell', 'Rumble', 'Yone')",1,0,1
"('Rell', 'Skarner', 'Varus', 'Viego', 'Zoe')",1,0,1
"('Blitzcrank', 'Jax', 'Kalista', 'Kayn', 'Orianna')",0,1,1
"('Ashe', 'Ekko', 'Lulu', 'Tristana', 'Twisted Fate')",0,1,1
"('Ahri', 'Darius', ""Kog'Maw"", 'Nautilus', 'Viego')",1,0,1
"('Jinx', 'Lillia', 'Rumble', 'Thresh', 'Tryndamere')",1,0,1
"('Bard', 'LeBlanc', 'Lee Sin', 'Rumble', 'Varus')",1,0,1
"('Caitlyn', 'Lee Sin', 'Orianna', 'Rumble', 'Yasuo')",0,1,1
"('Jax', ""Kai'Sa"", 'Nautilus', 'Pyke', 'Sylas')",0,1,1
"('Jinx', 'Leona', 'Nidalee', 'Qiyana', 'Sejuani')",1,0,1
"('Ahri', 'Neeko', 'Rumble', 'Viego', 'Zeri')",1,0,1
"(""Kog'Maw"", 'Lulu', 'Pyke', ""Rek'Sai"", 'Sylas')",0,1,1
"('Ashe', 'Corki', 'Gwen', 'Kled', 'Qiyana')",1,0,1
"('Bard', 'Caitlyn', 'Nidalee', 'Pyke', 'Renekton')",1,0,1
"('Braum', 'Graves', 'Jhin', 'Qiyana', 'Rumble')",0,1,1
"(""Kai'Sa"", 'Nautilus', 'Neeko', 'Rumble', 'Xin Zhao')",1,0,1
"('Akali', 'Braum', 'Ezreal', 'Jax', 'Viego')",0,1,1
"('Lucian', 'Nami', 'Olaf', 'Twisted Fate', 'Viego')",0,1,1
"('Ahri', 'Ashe', 'Seraphine', 'Skarner', 'Volibear')",0,1,1
"('LeBlanc', ""Rek'Sai"", 'Rumble', 'Skarner', 'Varus')",0,1,1
"(""Bel'Veth"", ""Kai'Sa"", 'LeBlanc', 'Nautilus', 'Skarner')",1,0,1
"('Blitzcrank', ""K'Sante"", ""Kai'Sa"", 'LeBlanc', 'Lee Sin')",0,1,1
"('Aphelios', 'Camille', 'Katarina', 'Skarner', 'Taliyah')",1,0,1
"('Amumu', 'Ashe', 'Pantheon', 'Rumble', 'Viego')",0,1,1
"('Corki', 'Diana', 'Master Yi', 'Renekton', 'Rumble')",0,1,1
"('Gwen', 'Ornn', 'Senna', 'Vayne', 'Yasuo')",1,0,1
"('Jax', 'Karthus', 'Lucian', 'Nami', 'Yone')",0,1,1
"('Corki', 'Jhin', 'Nidalee', 'Skarner', 'Zac')",1,0,1
"(""Kai'Sa"", 'Leona', 'Nidalee', 'Twisted Fate', 'Yone')",0,1,1
"('Fizz', ""Kai'Sa"", 'Kennen', 'Master Yi', 'Nautilus')",1,0,1
"('Gragas', ""Kai'Sa"", 'Master Yi', 'Rell', 'Taliyah')",0,1,1
"(""Kai'Sa"", 'Kindred', 'Lissandra', 'Maokai', 'Rumble')",0,1,1
"('Diana', 'Jax', ""Kai'Sa"", 'Tristana', 'Twisted Fate')",0,1,1
"('Alistar', 'Ashe', 'Lee Sin', 'Rumble', 'Twisted Fate')",1,0,1
"('Draven', 'Jax', 'LeBlanc', 'Seraphine', 'Viego')",0,1,1
"('Alistar', 'Ashe', 'Graves', 'Ryze', 'Skarner')",0,1,1
"('Aurelion Sol', 'Bard', 'Camille', 'Kindred', 'Varus')",0,1,1
"('Aatrox', 'Ahri', 'Kindred', 'Miss Fortune', 'Rakan')",0,1,1
"('Aatrox', 'Jinx', 'Katarina', 'Lee Sin', 'Leona')",0,1,1
"('Aatrox', 'Ashe', 'Gragas', 'Jhin', 'Tristana')",1,0,1
"('Aatrox', 'Diana', 'Graves', ""Kai'Sa"", 'Thresh')",1,0,1
"('Aatrox', 'Hwei', 'Nautilus', 'Samira', 'Xin Zhao')",1,0,1
"('Aatrox', 'Jinx', 'Rell', 'Sylas', 'Viego')",1,0,1
"('Aatrox', 'Hwei', 'Jhin', 'Lee Sin', 'Nautilus')",1,0,1
"('Aatrox', 'Corki', 'Karthus', 'Rakan', 'Zeri')",0,1,1
"('Aatrox', 'Camille', 'Jhin', 'Katarina', 'Sejuani')",1,0,1
"('Aatrox', 'Lillia', 'Lulu', 'Tristana', 'Zeri')",1,0,1
"('Aatrox', 'Jinx', 'Lillia', 'Nautilus', 'Ornn')",1,0,1
"('Aatrox', 'Alistar', 'Galio', 'Samira', 'Viego')",0,1,1
"('Aatrox', 'Akali', 'Ashe', 'Kindred', 'Varus')",0,1,1
"('Aatrox', 'Jinx', 'Lee Sin', 'Lulu', 'Neeko')",1,0,1
"('Aatrox', 'Bard', 'Ezreal', 'Lee Sin', 'Udyr')",1,0,1
"('Aatrox', 'Blitzcrank', 'Jayce', ""Kai'Sa"", 'Taliyah')",1,0,1
"('Aatrox', 'Kindred', 'Seraphine', 'Syndra', 'Varus')",1,0,1
"('Aatrox', 'Aurelion Sol', ""Kog'Maw"", 'Nautilus', 'Viego')",1,0,1
"('Corki', 'Rakan', 'Sett', 'Vex', 'Viego')",1,0,1
"('Hwei', 'Nidalee', 'Rell', 'Samira', 'Sett')",1,0,1
"('Aatrox', 'Blitzcrank', 'Brand', 'Corki', ""Kai'Sa"")",0,1,1
"('Aatrox', 'Ashe', 'Azir', 'Taliyah', 'Thresh')",0,1,1
"('Darius', 'Jinx', 'Lillia', 'Nautilus', 'Qiyana')",0,1,1
"('Cassiopeia', 'Jayce', 'Kalista', 'Pyke', 'Viego')",0,1,1
"('Corki', 'Nidalee', 'Rakan', 'Skarner', 'Zeri')",0,1,1
"('Hwei', 'Kalista', 'Kindred', 'Nautilus', 'Tryndamere')",0,1,1
"('Nautilus', 'Senna', 'Skarner', 'Taliyah', 'Tristana')",1,0,1
"('Kalista', 'Kennen', 'Neeko', 'Twisted Fate', 'Viego')",1,0,1
"(""Kai'Sa"", 'Lee Sin', 'Leona', 'Neeko', 'Skarner')",1,0,1
"('Aatrox', 'Jinx', 'Lulu', 'Nunu & Willump', 'Viego')",1,0,1
"('Aatrox', 'Akali', 'Camille', 'Twitch', 'Viego')",0,1,1
"('Aatrox', 'Blitzcrank', ""Kai'Sa"", 'Nidalee', 'Sylas')",0,1,1
"('Aatrox', 'Hwei', 'Lucian', 'Sona', 'Viego')",1,0,1
"('Aatrox', 'Aurelion Sol', 'Nautilus', 'Nunu & Willump', 'Samira')",1,0,1
"('Aatrox', 'Jhin', 'Senna', 'Taliyah', 'Viktor')",1,0,1
"('Aatrox', 'Brand', 'Ezreal', 'Leona', 'Yone')",0,1,1
"('Anivia', 'Corki', 'Kennen', 'Samira', 'Warwick')",0,1,1
"('Aatrox', 'Blitzcrank', 'Corki', 'Twisted Fate', 'Viego')",0,1,1
"('Aatrox', 'Nautilus', 'Pantheon', 'Samira', 'Taliyah')",0,1,1
"('Aatrox', 'Akali', 'Blitzcrank', 'Jinx', 'Viego')",1,0,1
"('Ahri', 'Ashe', 'Blitzcrank', 'Kindred', 'Volibear')",0,1,1
"('Alistar', 'Gragas', ""Kai'Sa"", 'Kindred', 'Xerath')",1,0,1
"('Ashe', 'LeBlanc', 'Lee Sin', 'Maokai', 'Volibear')",1,0,1
"('Ashe', ""K'Sante"", 'Kindred', 'Sona', 'Zed')",0,1,1
"('Kindred', 'Lucian', 'Nunu & Willump', 'Renekton', 'Taric')",1,0,1
"('Darius', 'Draven', 'Kindred', 'Thresh', 'Zoe')",0,1,1
"('Kindred', 'Lucian', 'Milio', 'Skarner', 'Xerath')",0,1,1
"('Jax', 'Kindred', 'Lissandra', 'Sona', 'Zeri')",1,0,1
"('Ahri', 'Galio', ""Kai'Sa"", 'Kindred', 'Nautilus')",0,1,1
"('Elise', 'Galio', 'Gnar', 'Kalista', 'Kindred')",1,0,1
"('Alistar', 'Jinx', 'Nidalee', 'Renekton', 'Tristana')",1,0,1
"('Ashe', 'Braum', 'Camille', 'Hwei', 'Kindred')",1,0,1
"('Akali', 'Ashe', ""Kai'Sa"", 'Kindred', 'Renekton')",0,1,1
"('Kindred', 'Orianna', 'Thresh', 'Varus', 'Volibear')",1,0,1
"(""Kai'Sa"", 'Kennen', 'Kindred', 'Leona', 'Yone')",1,0,1
"('Hwei', 'Katarina', 'Kindred', 'Nautilus', 'Renekton')",1,0,1
"('Camille', ""Kai'Sa"", 'Katarina', 'Kindred', 'Nautilus')",0,1,1
"('Gnar', 'Ivern', ""Kai'Sa"", 'Kindred', 'Rell')",0,1,1
"('Gragas', 'Lee Sin', 'Lulu', 'Yasuo', 'Zeri')",1,0,1
"('Nautilus', ""Rek'Sai"", 'Skarner', 'Taliyah', 'Zeri')",1,0,1
"('Aatrox', 'Jinx', 'LeBlanc', 'Rell', 'Skarner')",1,0,1
"('Lucian', 'Nami', 'Nunu & Willump', 'Rumble', 'Sett')",1,0,1
"('Aatrox', 'Hwei', 'Karthus', 'Rakan', 'Tristana')",1,0,1
"('Aatrox', 'Ahri', 'Jhin', 'Seraphine', 'Vi')",0,1,1
"(""K'Sante"", ""Kai'Sa"", 'Lucian', 'Nidalee', 'Thresh')",0,1,1
"('Aatrox', 'Brand', 'Jinx', 'Nautilus', 'Zed')",1,0,1
"('Aatrox', 'Aurelion Sol', ""Bel'Veth"", 'Taric', 'Zeri')",1,0,1
"('Aatrox', 'Jinx', 'Kassadin', 'Morgana', 'Nidalee')",1,0,1
"('Aatrox', 'Galio', 'Hecarim', ""Kai'Sa"", 'Neeko')",1,0,1
"('LeBlanc', 'Malphite', 'Miss Fortune', ""Rek'Sai"", 'Skarner')",1,0,1
"(""Kai'Sa"", 'Katarina', 'Nautilus', 'Rumble', 'Twisted Fate')",1,0,1
"('Aatrox', 'Miss Fortune', 'Rell', 'Taliyah', 'Tristana')",1,0,1
"('Alistar', 'Lillia', 'Samira', 'Talon', 'Tryndamere')",1,0,1
"('Jinx', 'Kennen', 'Kled', 'Lee Sin', 'Mordekaiser')",0,1,1
"('Irelia', 'LeBlanc', 'Viego', 'Zeri', 'Zyra')",0,1,1
"('Aatrox', 'Hecarim', ""Kai'Sa"", 'LeBlanc', 'Pyke')",0,1,1
"('Blitzcrank', 'Ivern', 'Jax', 'Samira', 'Singed')",1,0,1
"('Morgana', 'Twisted Fate', 'Vladimir', 'Xin Zhao', 'Zeri')",0,1,1
"('Blitzcrank', 'Diana', 'Jayce', 'Viego', 'Xayah')",1,0,1
"('Diana', 'Nocturne', 'Rumble', 'Varus', 'Viego')",1,0,1
"('Aphelios', 'Diana', 'Rumble', 'Skarner', 'Viego')",1,0,1
"('Ashe', ""K'Sante"", 'Karthus', 'Nautilus', 'Yone')",1,0,1
"('Blitzcrank', 'Caitlyn', 'Gnar', 'Taliyah', 'Tristana')",1,0,1
"('Jinx', 'LeBlanc', 'Lee Sin', 'Senna', 'Yone')",1,0,1
"('Jax', ""Kai'Sa"", ""Kha'Zix"", 'Lissandra', 'Skarner')",1,0,1
"('Ezreal', 'Gragas', 'Jayce', 'Kassadin', 'Poppy')",1,0,1
"(""K'Sante"", 'Nautilus', 'Sylas', 'Varus', 'Viego')",0,1,1
"('Rakan', 'Sylas', 'Vayne', 'Viego', 'Xayah')",1,0,1
"('Aatrox', 'Alistar', ""Bel'Veth"", ""Kai'Sa"", 'Katarina')",1,0,1
"('Bard', 'Camille', 'Ezreal', 'Neeko', ""Rek'Sai"")",0,1,1
"('Alistar', 'Kindred', 'Ryze', 'Tristana', 'Varus')",1,0,1
"('Ashe', 'Katarina', 'Rumble', 'Thresh', 'Vi')",1,0,1
"('Jinx', 'Renekton', 'Rumble', 'Thresh', 'Tristana')",0,1,1
"('Camille', 'Corki', 'Jinx', 'Lulu', 'Taliyah')",0,1,1
"('Akali', 'Fiora', 'Karma', 'Master Yi', 'Varus')",0,1,1
"('Alistar', 'Lillia', 'Pantheon', 'Sivir', 'Twisted Fate')",1,0,1
"('Alistar', 'Fiddlesticks', 'Lucian', 'Taliyah', 'Zeri')",1,0,1
"('Aatrox', 'Jhin', 'Nunu & Willump', 'Rakan', 'Skarner')",1,0,1
"('Corki', 'Fiddlesticks', 'Kennen', 'Pyke', 'Yone')",1,0,1
"('Ashe', 'Blitzcrank', ""K'Sante"", 'Nidalee', 'Vayne')",0,1,1
"('Aatrox', 'LeBlanc', 'Seraphine', 'Smolder', 'Viego')",1,0,1
"('Blitzcrank', 'Dr. Mundo', 'Ekko', 'Jinx', ""Kha'Zix"")",0,1,1
"('Braum', 'Hwei', 'Kalista', 'Skarner', 'Viego')",1,0,1
"('Alistar', 'Ashe', 'Lillia', 'Skarner', 'Twisted Fate')",1,0,1
"('Aatrox', 'Camille', 'Graves', ""Kai'Sa"", 'Nasus')",1,0,1
"('Ashe', 'Lillia', 'Nasus', 'Varus', 'Yone')",1,0,1
"('Elise', 'Pantheon', 'Rakan', 'Rumble', 'Zeri')",1,0,1
"('Irelia', 'Jinx', 'Lillia', 'Pyke', 'Talon')",1,0,1
"('Aatrox', 'Ashe', 'Brand', 'Corki', 'Rell')",0,1,1
"('Jax', 'Jhin', 'Rell', 'Taliyah', 'Tristana')",0,1,1
"('Aurelion Sol', 'Blitzcrank', ""Kai'Sa"", 'Kindred', 'Olaf')",0,1,1
"('Corki', 'Gwen', 'Jinx', 'Nautilus', 'Wukong')",1,0,1
"('Galio', 'Jayce', 'Pyke', 'Xayah', 'Xin Zhao')",0,1,1
"('Jhin', 'Kennen', 'Lillia', 'Lux', 'Tristana')",1,0,1
"('Jhin', 'Nidalee', 'Rell', 'Rumble', 'Tristana')",0,1,1
"('Ashe', 'Braum', 'Corki', 'Kennen', 'Sejuani')",0,1,1
"('Blitzcrank', 'Jinx', 'Nidalee', 'Qiyana', 'Twisted Fate')",0,1,1
"('Aphelios', 'Blitzcrank', 'Jayce', 'Skarner', 'Taliyah')",1,0,1
"('Corki', 'Fiora', 'Galio', 'Hecarim', 'Nautilus')",1,0,1
"('Ashe', 'Cassiopeia', 'Graves', 'Maokai', 'Seraphine')",0,1,1
"('Caitlyn', 'Galio', 'Lux', ""Rek'Sai"", 'Volibear')",0,1,1
"('Ahri', 'Gragas', 'Lee Sin', 'Rakan', 'Xayah')",0,1,1
"('Lee Sin', 'Rell', 'Rumble', 'Tristana', 'Varus')",0,1,1
"('Annie', 'Kalista', 'Maokai', 'Nidalee', 'Renekton')",1,0,1
"('Blitzcrank', 'Hecarim', 'Hwei', ""Kai'Sa"", 'Ziggs')",1,0,1
"('Hwei', ""Kai'Sa"", ""Kha'Zix"", 'Leona', 'Rumble')",1,0,1
"('Brand', 'Pyke', 'Skarner', 'Tristana', 'Yasuo')",1,0,1
"('Corki', 'Kayle', 'Maokai', 'Taliyah', 'Yone')",0,1,1
"('Braum', 'Corki', 'Jhin', 'Rumble', 'Vi')",1,0,1
"('Draven', 'Graves', 'Hwei', 'Mordekaiser', 'Thresh')",0,1,1
"('Akshan', ""Kai'Sa"", 'Nidalee', 'Poppy', 'Rell')",0,1,1
"('Camille', 'Lucian', 'Nami', 'Nidalee', 'Pantheon')",0,1,1
"('Ekko', ""Kai'Sa"", 'Rakan', ""Rek'Sai"", 'Urgot')",1,0,1
"('Gragas', 'Katarina', 'Kayn', 'Nautilus', 'Sivir')",0,1,1
"('Akshan', 'Blitzcrank', 'Nidalee', 'Sivir', 'Zyra')",1,0,1
"('Ashe', 'Garen', 'Heimerdinger', 'Lillia', 'Seraphine')",1,0,1
"(""Kai'Sa"", 'Katarina', ""Rek'Sai"", 'Rell', 'Skarner')",1,0,1
"('Cassiopeia', 'Gnar', 'Graves', 'Katarina', 'Nautilus')",1,0,1
"('Alistar', 'Corki', 'Katarina', 'Lee Sin', 'Lulu')",1,0,1
"('Ashe', 'Camille', 'Lillia', 'Pantheon', 'Tristana')",0,1,1
"('Ashe', ""Bel'Veth"", 'Camille', 'Hecarim', 'Taliyah')",0,1,1
"('Blitzcrank', 'Jayce', ""Kai'Sa"", 'Nidalee', 'Renekton')",1,0,1
"('Akali', 'Darius', 'Viego', 'Yuumi', 'Zeri')",0,1,1
"('Akali', 'Blitzcrank', 'Caitlyn', 'Nasus', ""Rek'Sai"")",0,1,1
"('Draven', 'Fiora', 'Nautilus', 'Ryze', 'Skarner')",0,1,1
"('Kennen', 'Kindred', 'Lulu', 'Zeri', 'Ziggs')",0,1,1
"('Camille', 'Jinx', 'Nidalee', 'Thresh', 'Tristana')",1,0,1
"('Ashe', 'Diana', 'Lulu', 'Skarner', 'Yasuo')",0,1,1
"('Aphelios', 'Blitzcrank', 'Lillia', 'Tristana', 'Warwick')",0,1,1
"('Brand', ""Kai'Sa"", 'Kled', 'Nautilus', 'Tristana')",0,1,1
"('Ashe', 'Hwei', 'Jayce', ""Kha'Zix"", 'Seraphine')",0,1,1
"('Ashe', 'Karthus', 'Nautilus', 'Viego', 'Yasuo')",1,0,1
"('Akali', 'Draven', 'Lillia', 'Sett', 'Thresh')",0,1,1
"('Camille', 'Cassiopeia', 'Kalista', 'Rammus', 'Viego')",0,1,1
"('Alistar', 'Fizz', 'Heimerdinger', ""Kai'Sa"", 'Viego')",0,1,1
"('Braum', 'Karthus', 'Lucian', 'Warwick', 'Zed')",1,0,1
"('Corki', 'Lucian', 'Nautilus', 'Rumble', 'Twisted Fate')",0,1,1
"('Bard', 'Jhin', 'Nidalee', 'Renekton', 'Vladimir')",0,1,1
"('Jax', 'Katarina', 'Miss Fortune', 'Renekton', 'Senna')",0,1,1
"('Ashe', 'Gwen', 'Lee Sin', 'Rell', 'Tristana')",0,1,1
"(""K'Sante"", ""Kai'Sa"", 'Nautilus', 'Nidalee', 'Viego')",0,1,1
"(""K'Sante"", 'Lillia', 'Renata Glasc', 'Tristana', 'Varus')",1,0,1
"('Akshan', 'Garen', 'Jinx', 'Lillia', 'Nautilus')",1,0,1
"('Diana', 'Graves', 'Jinx', 'Shen', 'Thresh')",1,0,1
"('Corki', 'Jax', 'Seraphine', 'Tryndamere', 'Zilean')",1,0,1
"('Cassiopeia', ""Kai'Sa"", 'Lee Sin', 'Rell', 'Skarner')",1,0,1
"('Fiora', 'Jhin', 'Twisted Fate', 'Viego', 'Zyra')",0,1,1
"('Corki', 'Gragas', 'Graves', 'Hwei', 'Nautilus')",1,0,1
"('Graves', ""Kai'Sa"", 'Katarina', 'Nautilus', 'Renekton')",1,0,1
"('Ashe', 'Darius', 'Katarina', 'Lulu', 'Xin Zhao')",0,1,1
"('Alistar', 'Ekko', 'Jhin', 'Mordekaiser', ""Rek'Sai"")",0,1,1
"('Garen', 'Graves', 'Twisted Fate', 'Varus', 'Zyra')",0,1,1
"('Blitzcrank', 'Caitlyn', 'Jayce', 'Lux', 'Nidalee')",1,0,1
"('Ashe', 'Sejuani', 'Seraphine', 'Sylas', 'Viego')",1,0,1
"('Aphelios', 'Camille', 'Galio', 'Thresh', 'Viego')",1,0,1
"('Hwei', 'Jinx', 'Milio', 'Ornn', 'Viego')",1,0,1
"('Camille', 'Gragas', 'Vayne', 'Yone', 'Zyra')",1,0,1
"('Lulu', 'Rumble', 'Tristana', 'Viego', 'Viktor')",1,0,1
"('Diana', 'Graves', 'Rakan', 'Seraphine', 'Twisted Fate')",1,0,1
"('Kennen', 'LeBlanc', 'Nautilus', 'Tristana', 'Viego')",1,0,1
"('Lillia', 'Rell', 'Yone', 'Zac', 'Zeri')",0,1,1
"('Ashe', ""K'Sante"", 'Lillia', 'Senna', 'Yone')",0,1,1
"('Draven', 'Gragas', 'Jayce', 'Jinx', 'Maokai')",0,1,1
"('Aphelios', 'Kindred', 'Nautilus', 'Renekton', 'Syndra')",1,0,1
"('Fizz', 'Jinx', 'Lee Sin', 'Ornn', 'Rell')",1,0,1
"('Camille', 'Thresh', 'Varus', 'Viego', 'Viktor')",1,0,1
"('Gangplank', 'Lillia', 'Nautilus', 'Tristana', 'Twisted Fate')",1,0,1
"('Kennen', 'Maokai', 'Varus', 'Viego', 'Zoe')",1,0,1
"('Blitzcrank', 'Camille', ""Kai'Sa"", 'Lillia', 'Twisted Fate')",0,1,1
"('Alistar', 'Kled', 'Lillia', 'Varus', 'Xerath')",1,0,1
"('Camille', 'Illaoi', 'Katarina', 'Kindred', 'Ziggs')",1,0,1
"('Alistar', 'Hwei', ""K'Sante"", ""Kai'Sa"", 'Viego')",1,0,1
"('Corki', 'Gnar', ""Kai'Sa"", 'Nidalee', 'Rell')",0,1,1
"('Corki', 'Graves', 'Hwei', 'Irelia', 'Nautilus')",1,0,1
"('Ashe', 'Braum', 'Camille', 'Taliyah', 'Viego')",1,0,1
"('Fiora', 'Jax', ""Kai'Sa"", 'Lillia', 'Malphite')",1,0,1
"('Draven', 'Fiora', 'Katarina', 'Lee Sin', 'Thresh')",1,0,1
"('Braum', 'Kennen', 'Lee Sin', 'Lissandra', 'Lucian')",0,1,1
"('Ahri', 'Corki', 'Lux', 'Olaf', 'Viego')",0,1,1
"('Braum', 'Gragas', ""Kai'Sa"", 'Viego', 'Zoe')",0,1,1
"('Graves', 'Jhin', 'Nautilus', 'Twisted Fate', 'Zoe')",0,1,1
"('Jinx', ""K'Sante"", 'Lillia', 'Nautilus', 'Tristana')",0,1,1
"('Corki', 'Nautilus', 'Quinn', 'Syndra', 'Viego')",0,1,1
"('Jinx', 'Nidalee', 'Seraphine', 'Skarner', 'Tristana')",0,1,1
"('Camille', 'Corki', 'Jayce', 'Nidalee', 'Seraphine')",0,1,1
"('Diana', 'Graves', 'Hwei', 'Varus', 'Warwick')",1,0,1
"('Ekko', 'Graves', 'Riven', 'Taric', 'Varus')",1,0,1
"('Azir', 'Cassiopeia', 'Graves', 'Lucian', 'Nami')",1,0,1
"('Corki', 'Nidalee', 'Rell', 'Varus', 'Xerath')",1,0,1
"('Hwei', 'Jayce', 'Jhin', 'Lee Sin', 'Zoe')",0,1,1
"('Aatrox', 'Akshan', 'Corki', 'Hwei', 'Viego')",0,1,1
"('Brand', 'Seraphine', 'Smolder', 'Tristana', 'Viego')",0,1,1
"('Corki', 'Janna', 'Lillia', 'Twisted Fate', 'Varus')",1,0,1
"('Brand', 'Fiora', 'Qiyana', 'Rell', 'Zeri')",1,0,1
"('Diana', 'Gnar', 'Jinx', 'Rell', 'Yasuo')",1,0,1
"('Cassiopeia', 'Gnar', 'Graves', 'Hwei', 'Nautilus')",0,1,1
"('Brand', 'Darius', 'Irelia', 'Kalista', 'Nautilus')",1,0,1
"('Ashe', 'Camille', 'Irelia', 'Nidalee', 'Varus')",0,1,1
"('Nidalee', 'Rakan', 'Singed', 'Smolder', 'Tristana')",1,0,1
"('Ashe', 'Braum', 'Gragas', 'Kindred', 'Qiyana')",0,1,1
"('Camille', 'Darius', 'Jayce', 'Jinx', 'Nidalee')",1,0,1
"('Ekko', 'Graves', 'Irelia', 'Kalista', 'Renata Glasc')",0,1,1
"('Alistar', 'Corki', 'Jayce', 'Taliyah', 'Zed')",1,0,1
"('Hwei', 'Jinx', ""Kha'Zix"", 'Ornn', 'Thresh')",1,0,1
"('Brand', 'Jinx', 'Neeko', 'Skarner', 'Viego')",0,1,1
"('Blitzcrank', 'Corki', 'Kennen', 'Lee Sin', ""Vel'Koz"")",1,0,1
"('Ashe', 'Brand', 'Corki', 'Poppy', 'Varus')",1,0,1
"(""Kai'Sa"", 'Nautilus', 'Poppy', 'Twisted Fate', 'Xin Zhao')",1,0,1
"('Kalista', 'Lee Sin', 'Ryze', 'Skarner', 'Taric')",1,0,1
"('Jinx', 'Lee Sin', 'Rell', 'Riven', 'Taliyah')",1,0,1
"('Aatrox', 'Alistar', 'Lee Sin', 'Miss Fortune', 'Syndra')",0,1,1
"('Ahri', 'Draven', 'Graves', 'Irelia', 'Pyke')",1,0,1
"('Brand', ""K'Sante"", 'Nautilus', 'Tristana', 'Zed')",1,0,1
"('Ashe', 'Corki', 'Olaf', 'Rumble', 'Viego')",0,1,1
"('Blitzcrank', 'Hwei', 'Jinx', ""K'Sante"", 'Viego')",0,1,1
"('Blitzcrank', 'Camille', 'Corki', 'Nidalee', 'Twisted Fate')",1,0,1
"('Ashe', 'Blitzcrank', 'Camille', 'Ekko', ""Kha'Zix"")",0,1,1
"('Corki', ""K'Sante"", 'Nidalee', 'Thresh', 'Tristana')",0,1,1
"('Nautilus', 'Nocturne', 'Samira', 'Skarner', 'Twisted Fate')",1,0,1
"('Aurelion Sol', 'Jinx', 'Lee Sin', 'Ornn', 'Thresh')",0,1,1
"('Draven', 'Elise', 'Katarina', 'Rengar', 'Rumble')",0,1,1
"('Camille', ""Cho'Gath"", 'Janna', 'Katarina', 'Vi')",0,1,1
"('Jax', 'Katarina', 'Lillia', 'Lucian', 'Nami')",1,0,1
"('Aatrox', ""Kai'Sa"", 'Katarina', 'Lee Sin', 'Pyke')",1,0,1
"('Braum', 'Caitlyn', 'Corki', 'Jax', 'Rumble')",1,0,1
"('Ashe', 'Graves', 'Orianna', 'Pyke', 'Renekton')",1,0,1
"('Blitzcrank', 'Corki', 'Jax', 'Jinx', ""Kha'Zix"")",1,0,1
"('Aphelios', 'Camille', 'Riven', 'Sylas', 'Viego')",0,1,1
"('Camille', 'Lillia', 'Qiyana', 'Skarner', 'Varus')",1,0,1
"('Akali', 'Graves', 'Jax', 'Leona', 'Varus')",0,1,1
"('Aatrox', 'Kindred', 'Lulu', 'Nilah', 'Taliyah')",1,0,1
"('Jhin', 'Lee Sin', 'Rakan', 'Taliyah', 'Twisted Fate')",1,0,1
"('Aphelios', 'Hwei', ""K'Sante"", 'Neeko', 'Olaf')",1,0,1
"('Aphelios', 'Graves', 'Jax', 'Neeko', 'Zac')",1,0,1
"('Ahri', 'Gwen', 'Jax', 'Nautilus', 'Samira')",1,0,1
"('Corki', 'Kalista', 'Neeko', 'Nidalee', 'Skarner')",1,0,1
"('Ashe', 'Camille', 'Nidalee', 'Nunu & Willump', 'Viego')",1,0,1
"('Blitzcrank', 'Ekko', 'Jax', 'Tristana', 'Varus')",1,0,1
"('Irelia', 'Pantheon', 'Pyke', 'Taliyah', 'Varus')",1,0,1
"('Galio', 'Graves', 'Lucian', 'Nami', 'Nasus')",1,0,1
"('Kalista', 'Lee Sin', 'Lissandra', 'Nautilus', 'Skarner')",0,1,1
"('Jax', 'Pyke', 'Samira', 'Taliyah', 'Tristana')",1,0,1
"('Aatrox', 'Ashe', 'Karthus', 'Qiyana', 'Rakan')",0,1,1
"('Ahri', 'Corki', 'Rumble', 'Seraphine', 'Viego')",0,1,1
"('Akshan', 'Jax', 'Jinx', 'Rakan', 'Taliyah')",1,0,1
"('Ashe', 'Rell', 'Renekton', 'Taliyah', 'Ziggs')",1,0,1
"('Jayce', 'Rakan', 'Taliyah', 'Viego', 'Zeri')",1,0,1
"('Gragas', 'Hecarim', 'Lux', 'Rell', 'Samira')",1,0,1
"('Ashe', 'Graves', 'Lulu', 'Orianna', 'Udyr')",0,1,1
"('Jinx', 'Orianna', 'Rumble', 'Thresh', 'Warwick')",1,0,1
"('Ashe', 'Jayce', 'Kalista', 'Nidalee', 'Pantheon')",1,0,1
"('Corki', 'Elise', 'Nautilus', 'Samira', 'Vayne')",1,0,1
"('Galio', 'Jax', 'Nidalee', 'Tristana', 'Xayah')",1,0,1
"('Aphelios', 'Graves', 'Neeko', 'Riven', 'Thresh')",0,1,1
"('Lulu', 'Taliyah', 'Tristana', 'Tryndamere', 'Zeri')",1,0,1
"('Ashe', 'Gragas', 'Nidalee', 'Pantheon', 'Rell')",1,0,1
"('Aphelios', 'Leona', 'Renekton', 'Taliyah', 'Twisted Fate')",1,0,1
"('Jayce', 'Jhin', 'Renekton', 'Rumble', 'Xerath')",0,1,1
"('Anivia', 'Jinx', 'Singed', 'Thresh', 'Viego')",0,1,1
"('Anivia', 'Jinx', 'Kindred', 'Nautilus', 'Vayne')",0,1,1
"('Anivia', 'Blitzcrank', 'Caitlyn', ""Rek'Sai"", 'Twisted Fate')",1,0,1
"('Corki', ""Kai'Sa"", 'Skarner', 'Taliyah', 'Thresh')",0,1,1
"('Ashe', 'Camille', 'Udyr', 'Vex', 'Viego')",0,1,1
"('Camille', 'Gnar', 'Kindred', 'Orianna', 'Ziggs')",0,1,1
"('Akali', 'Alistar', 'Kalista', 'Kindred', 'Skarner')",1,0,1
"('Camille', 'Galio', ""Kai'Sa"", 'Kindred', 'Rell')",0,1,1
"('Cassiopeia', 'Galio', 'Jhin', 'Maokai', 'Viego')",1,0,1
"('Ezreal', 'Galio', 'Poppy', 'Sona', 'Warwick')",0,1,1
"('Corki', 'Graves', 'Hwei', ""K'Sante"", 'Nautilus')",0,1,1
"('Olaf', 'Pantheon', 'Shaco', 'Sivir', 'Taliyah')",1,0,1
"('Ashe', 'Galio', 'Graves', 'Pyke', 'Renekton')",0,1,1
"('Jinx', 'Nautilus', 'Skarner', 'Taliyah', 'Yone')",1,0,1
"('Camille', 'Corki', 'Galio', 'Heimerdinger', 'Taliyah')",0,1,1
"('Galio', ""K'Sante"", 'Pyke', ""Rek'Sai"", 'Samira')",0,1,1
"('Akshan', 'Brand', 'Leona', 'Miss Fortune', 'Skarner')",0,1,1
"('Caitlyn', 'Camille', 'Ivern', 'Jax', 'Master Yi')",0,1,1
"('Graves', 'Hwei', 'Soraka', 'Varus', 'Viego')",0,1,1
"('Aatrox', 'Jax', 'Taliyah', 'Thresh', 'Varus')",0,1,1
"('Camille', 'Kalista', 'Malzahar', 'Thresh', 'Viego')",0,1,1
"('Elise', 'Graves', 'Hwei', 'Jhin', 'Skarner')",0,1,1
"('Alistar', 'Corki', 'Jax', 'Jayce', 'Nidalee')",0,1,1
"('Jinx', 'Kassadin', 'Lulu', 'Twisted Fate', 'Xin Zhao')",0,1,1
"('Brand', 'Galio', 'Kalista', 'Pyke', 'Riven')",0,1,1
"('Ashe', 'Corki', 'Galio', ""K'Sante"", 'Kindred')",1,0,1
"('Galio', 'Graves', 'Heimerdinger', 'Jayce', 'Karma')",0,1,1
"('Aatrox', 'Galio', 'Lulu', 'Viego', 'Xayah')",1,0,1
"('Bard', 'Galio', ""Kai'Sa"", 'Kennen', 'Kindred')",1,0,1
"('Galio', 'Kennen', 'Milio', ""Rek'Sai"", 'Varus')",1,0,1
"('Aphelios', 'Galio', 'Thresh', 'Urgot', 'Viego')",0,1,1
"('Akshan', 'Maokai', 'Shen', 'Taliyah', 'Twitch')",1,0,1
"('Corki', 'Nidalee', 'Pantheon', 'Pyke', 'Shen')",1,0,1
"('Galio', 'Graves', 'Jax', 'Jinx', 'Rell')",1,0,1
"('Galio', 'Gwen', ""Rek'Sai"", 'Seraphine', 'Smolder')",0,1,1
"('Galio', 'Hwei', 'Kalista', ""Kha'Zix"", 'Tryndamere')",1,0,1
"('Corki', 'Galio', ""Rek'Sai"", 'Skarner', 'Thresh')",1,0,1
"('Camille', 'Draven', ""K'Sante"", 'Lissandra', 'Nunu & Willump')",1,0,1
"(""Kai'Sa"", 'Nautilus', 'Talon', 'Vayne', 'Zyra')",0,1,1
"('Ashe', 'Braum', 'Karthus', 'Pantheon', 'Tryndamere')",0,1,1
"('Ekko', 'Graves', 'Pyke', 'Tryndamere', 'Zeri')",0,1,1
"('Dr. Mundo', 'Galio', ""Kai'Sa"", 'Rakan', ""Rek'Sai"")",0,1,1
"('Jinx', 'Lee Sin', 'Lillia', 'Nasus', 'Renata Glasc')",1,0,1
"('Fiddlesticks', 'Jax', 'Jhin', 'Nidalee', 'Rakan')",0,1,1
"('Jhin', 'Lee Sin', 'Nautilus', 'Rumble', 'Zoe')",0,1,1
"(""K'Sante"", 'Lillia', 'Nautilus', 'Samira', 'Zed')",0,1,1
"('Ashe', 'Kennen', 'Nidalee', 'Pyke', 'Zed')",1,0,1
"('Bard', 'Hwei', 'Jhin', 'Lee Sin', 'Malphite')",1,0,1
"('LeBlanc', 'Maokai', 'Rakan', 'Shaco', 'Zeri')",1,0,1
"('Miss Fortune', 'Nautilus', 'Rell', 'Taliyah', 'Yone')",0,1,1
"('Annie', 'Kennen', 'Kindred', 'Lucian', 'Nami')",0,1,1
"('Aurelion Sol', 'Rakan', ""Rek'Sai"", 'Urgot', 'Xayah')",1,0,1
"('Akshan', 'Jax', 'Nidalee', 'Pyke', 'Zeri')",1,0,1
"('Ashe', 'Gragas', 'Nocturne', 'Orianna', 'Pyke')",1,0,1
"('Jayce', 'Miss Fortune', 'Nautilus', 'Riven', 'Taliyah')",1,0,1
"('Camille', 'Hwei', 'Jinx', 'Nautilus', 'Rengar')",0,1,1
"('Aatrox', 'Corki', 'Leona', 'Nidalee', 'Twisted Fate')",1,0,1
"('Corki', 'Fiddlesticks', 'Nautilus', 'Poppy', 'Tristana')",0,1,1
"('Akshan', 'Garen', ""Kai'Sa"", 'Karthus', 'Pyke')",1,0,1
"('Gragas', 'Hwei', 'Jinx', 'Lee Sin', 'Lulu')",1,0,1
"('Akshan', 'Kalista', 'Leona', 'Nidalee', 'Skarner')",1,0,1
"('Aurelion Sol', 'Corki', 'Gnar', 'Nautilus', 'Viego')",0,1,1
"('Azir', ""Cho'Gath"", 'Graves', 'Rell', 'Vayne')",0,1,1
"('Ashe', 'Cassiopeia', 'Fiddlesticks', 'Jayce', 'Seraphine')",0,1,1
"('Aphelios', 'Rakan', 'Syndra', 'Twisted Fate', 'Zac')",0,1,1
"('Akali', 'Leona', ""Rek'Sai"", ""Vel'Koz"", 'Zeri')",1,0,1
"('Draven', 'Graves', 'Hwei', 'LeBlanc', 'Twisted Fate')",0,1,1
"('Camille', 'Jhin', 'Katarina', 'Kennen', 'Lee Sin')",0,1,1
"('Ezreal', ""K'Sante"", 'Katarina', 'Viego', 'Zoe')",0,1,1
"('Draven', 'Graves', 'Pyke', 'Twisted Fate', 'Zac')",1,0,1
"('Nautilus', 'Nidalee', 'Twisted Fate', 'Veigar', 'Yone')",0,1,1
"('Ahri', ""Kha'Zix"", 'Ryze', 'Thresh', 'Varus')",0,1,1
"('Camille', 'Lucian', 'Ryze', 'Viego', 'Yasuo')",0,1,1
"('Aphelios', 'Lillia', 'Lulu', 'Twisted Fate', 'Yone')",1,0,1
"('Hecarim', 'Jinx', 'Nautilus', 'Syndra', 'Twisted Fate')",0,1,1
"('Ahri', 'Jayce', 'Nautilus', 'Samira', 'Taliyah')",1,0,1
"('Aatrox', ""Kai'Sa"", 'Nautilus', 'Nidalee', 'Twisted Fate')",0,1,1
"('Ryze', 'Seraphine', 'Twisted Fate', 'Varus', 'Viego')",0,1,1
"('Azir', 'Graves', 'Ryze', 'Seraphine', 'Varus')",1,0,1
"('Ashe', 'Lee Sin', 'Ryze', 'Varus', 'Zoe')",1,0,1
"('Blitzcrank', 'Graves', 'Hwei', 'Ryze', 'Zeri')",1,0,1
"('Corki', ""Kai'Sa"", 'Master Yi', 'Ryze', 'Skarner')",1,0,1
"('Akshan', 'Camille', 'Hecarim', 'Ryze', 'Varus')",1,0,1
"('Camille', 'Jinx', ""Kha'Zix"", 'Thresh', 'Twisted Fate')",1,0,1
"('Jax', ""Kai'Sa"", 'Leona', 'Tristana', 'Udyr')",0,1,1
"('Darius', ""Kai'Sa"", 'Katarina', 'Nidalee', 'Rell')",1,0,1
"('Aatrox', 'Leona', 'Tristana', 'Xerath', 'Xin Zhao')",1,0,1
"('Aphelios', 'Karthus', 'Malzahar', 'Thresh', 'Vayne')",0,1,1
"('Heimerdinger', 'Jhin', 'Lissandra', 'Renekton', 'Vi')",0,1,1
"('Ahri', 'Ashe', 'Graves', 'Renekton', 'Thresh')",0,1,1
"('Hwei', 'Kalista', 'Pyke', 'Viego', 'Vladimir')",1,0,1
"('Cassiopeia', 'Irelia', 'Jinx', 'Nidalee', 'Thresh')",1,0,1
"('Graves', 'Hwei', 'Olaf', 'Thresh', 'Varus')",1,0,1
"('Jayce', ""K'Sante"", 'Karthus', 'Lulu', 'Zeri')",0,1,1
"('Diana', 'Graves', 'Kennen', 'Lucian', 'Nami')",1,0,1
"('Jax', 'LeBlanc', 'Thresh', 'Yone', 'Zeri')",0,1,1
"('Ashe', 'Graves', ""K'Sante"", 'Lulu', 'Twisted Fate')",1,0,1
"('Caitlyn', 'Lux', 'Sett', 'Taliyah', 'Yasuo')",0,1,1
"('Aphelios', 'Aurelion Sol', 'Blitzcrank', 'Olaf', 'Viego')",0,1,1
"('Nautilus', 'Nidalee', 'Twitch', 'Volibear', 'Yone')",0,1,1
"('Akshan', 'Jhin', 'Pantheon', ""Rek'Sai"", 'Swain')",1,0,1
"('Ahri', 'Jhin', 'Leona', 'Pantheon', 'Taliyah')",1,0,1
"('Aatrox', 'Aurelion Sol', 'Jhin', 'Leona', 'Viego')",1,0,1
"('Azir', 'Corki', 'Gnar', 'Nautilus', 'Nunu & Willump')",0,1,1
"('Akshan', 'Aphelios', 'Graves', 'Gwen', 'Thresh')",0,1,1
"('Corki', 'Jayce', 'Skarner', 'Thresh', 'Zeri')",1,0,1
"('Irelia', 'Jinx', 'Sylas', 'Talon', 'Thresh')",1,0,1
"('Fiora', 'Hwei', 'Jinx', 'Skarner', 'Thresh')",1,0,1
"('Aphelios', 'Aurelion Sol', 'Fiora', ""Kha'Zix"", 'Thresh')",1,0,1
"('Aphelios', 'Hwei', 'Jax', 'Lillia', 'Thresh')",0,1,1
"('Corki', 'Darius', 'Rengar', 'Thresh', 'Ziggs')",1,0,1
"('Irelia', 'Jinx', 'Kennen', 'Rakan', ""Rek'Sai"")",0,1,1
"('LeBlanc', ""Rek'Sai"", 'Thresh', 'Udyr', 'Zeri')",1,0,1
"('Aphelios', 'Galio', 'Lillia', 'Qiyana', 'Thresh')",1,0,1
"('Gwen', 'Nidalee', 'Renekton', 'Thresh', 'Varus')",0,1,1
"('Corki', 'Hwei', 'Lee Sin', 'Ornn', 'Thresh')",1,0,1
"('Azir', 'Jinx', 'Kayn', 'Renekton', 'Thresh')",1,0,1
"('Aurelion Sol', 'Corki', 'Lee Sin', 'Thresh', 'Urgot')",1,0,1
"('Draven', 'Irelia', 'Thresh', 'Vex', 'Viego')",1,0,1
"('Hwei', 'Jayce', 'Jinx', 'Lee Sin', 'Nautilus')",0,1,1
"('Aatrox', 'Corki', 'Olaf', 'Thresh', 'Twisted Fate')",1,0,1
"('Corki', 'Diana', ""K'Sante"", 'Lee Sin', 'Leona')",1,0,1
"('Jhin', 'Skarner', 'Taliyah', 'Thresh', 'Tristana')",1,0,1
"('Jayce', ""Kai'Sa"", 'Lillia', 'Pyke', 'Tryndamere')",1,0,1
"('Akshan', 'Jinx', 'Kennen', 'Lillia', 'Nautilus')",1,0,1
"('Diana', 'Draven', 'Poppy', 'Skarner', 'Viego')",0,1,1
"('Gwen', 'Lee Sin', 'Rell', 'Twisted Fate', 'Varus')",1,0,1
"('Akshan', 'Galio', 'Nilah', 'Taliyah', 'Tryndamere')",1,0,1
"('Irelia', 'Jinx', 'Lillia', 'Maokai', 'Nasus')",0,1,1
"('Akshan', 'Jinx', 'Nidalee', 'Thresh', 'Zac')",1,0,1
"(""Bel'Veth"", 'Gragas', 'Jinx', 'Neeko', 'Rell')",1,0,1
"('Ashe', 'Blitzcrank', 'LeBlanc', 'Tryndamere', 'Viego')",0,1,1
"('Aurelion Sol', 'Jax', 'Jinx', 'Leona', ""Rek'Sai"")",0,1,1
"('Aphelios', 'Braum', 'Corki', 'Evelynn', 'Gragas')",0,1,1
"('Jinx', 'Nasus', 'Rell', 'Taliyah', 'Xerath')",1,0,1
"('Ahri', ""Kai'Sa"", 'Nautilus', 'Ornn', ""Rek'Sai"")",1,0,1
"('Ashe', 'Lee Sin', 'Nasus', 'Varus', 'Vex')",0,1,1
"('Hwei', 'Jinx', ""Kha'Zix"", 'Leona', 'Nasus')",0,1,1
"('Ashe', 'Graves', 'Ornn', 'Seraphine', 'Taliyah')",0,1,1
"('Bard', 'Caitlyn', 'Hwei', ""Rek'Sai"", 'Renekton')",1,0,1
"('Elise', 'Nautilus', 'Renekton', 'Tristana', 'Zeri')",1,0,1
"('Ashe', 'Jayce', ""K'Sante"", 'Taliyah', 'Varus')",1,0,1
"('Akshan', 'Fiddlesticks', 'Jinx', 'Seraphine', 'Skarner')",1,0,1
"('Lux', 'Nautilus', 'Nidalee', 'Sion', 'Varus')",1,0,1
"('Cassiopeia', 'Elise', 'Jayce', 'Jhin', 'Seraphine')",1,0,1
"('Master Yi', 'Nautilus', 'Rumble', 'Viego', 'Zeri')",1,0,1
"('Master Yi', 'Seraphine', 'Skarner', 'Smolder', 'Zilean')",0,1,1
"(""Kai'Sa"", 'Master Yi', 'Nautilus', 'Riven', 'Xerath')",0,1,1
"('Camille', 'Master Yi', 'Nautilus', 'Zeri', 'Zoe')",1,0,1
"('Alistar', 'Jax', 'Lucian', 'Master Yi', 'Taliyah')",0,1,1
"('Brand', ""Kai'Sa"", 'Master Yi', 'Nautilus', 'Renekton')",0,1,1
"('LeBlanc', 'Master Yi', 'Pyke', 'Samira', 'Vayne')",0,1,1
"('Kennen', 'Leona', 'Master Yi', 'Seraphine', 'Smolder')",0,1,1
"(""Cho'Gath"", 'Jax', ""Kai'Sa"", 'Master Yi', 'Thresh')",0,1,1
"('Gragas', 'Kalista', 'Master Yi', 'Nautilus', 'Singed')",1,0,1
"('Ahri', 'Ashe', 'Master Yi', 'Seraphine', 'Skarner')",0,1,1
"('Ashe', ""Kha'Zix"", 'Seraphine', 'Volibear', 'Zoe')",0,1,1
"('Ahri', 'Jax', 'Master Yi', 'Pyke', 'Varus')",0,1,1
"('Bard', 'Ekko', 'Hecarim', 'Kennen', 'Varus')",0,1,1
"('Kennen', 'Lulu', 'Master Yi', 'Taliyah', 'Zeri')",1,0,1
"('Gwen', 'Kalista', 'Master Yi', 'Nautilus', 'Tristana')",0,1,1
"('Aphelios', 'Master Yi', 'Nautilus', 'Orianna', 'Sion')",1,0,1
"(""K'Sante"", ""Kai'Sa"", 'Master Yi', 'Nautilus', 'Neeko')",1,0,1
"('Akshan', ""Kai'Sa"", 'Kennen', 'Master Yi', 'Rakan')",0,1,1
"('Camille', 'Jhin', 'Lillia', 'Skarner', 'Yone')",0,1,1
"('Pantheon', 'Seraphine', 'Skarner', 'Taliyah', 'Zeri')",0,1,1
"(""Kai'Sa"", 'Lillia', 'Ornn', 'Thresh', 'Tristana')",0,1,1
"('Ashe', 'Hwei', 'Nidalee', 'Senna', 'Urgot')",0,1,1
"('Gragas', ""Kha'Zix"", 'Renekton', 'Thresh', 'Varus')",1,0,1
"('Camille', 'Hecarim', 'Jhin', 'Maokai', 'Sylas')",1,0,1
"('Ashe', 'Camille', 'Karthus', 'Thresh', 'Yone')",1,0,1
"('Draven', 'Lillia', 'Nautilus', 'Skarner', 'Zed')",1,0,1
"('Akali', 'Jax', 'Jhin', ""Rek'Sai"", 'Senna')",0,1,1
"('Jayce', 'Jhin', 'Nidalee', 'Rakan', 'Sett')",1,0,1
"('Fiora', 'Graves', 'Jhin', 'Katarina', 'Lulu')",0,1,1
"('Ashe', 'Gnar', 'Jhin', 'Karthus', 'Tristana')",0,1,1
"('Corki', 'Lillia', 'Skarner', 'Varus', 'Zoe')",0,1,1
"('Corki', 'Jarvan IV', 'Jhin', 'Rumble', 'Seraphine')",0,1,1
"('Akali', 'Alistar', ""Kai'Sa"", 'Karthus', 'Tristana')",0,1,1
"('Anivia', 'Jayce', 'Jhin', 'Poppy', 'Taric')",1,0,1
"('Aatrox', 'Alistar', 'Ivern', 'Jhin', 'Tristana')",0,1,1
"('Ashe', 'Lee Sin', 'Nautilus', 'Skarner', 'Taliyah')",1,0,1
"('Jhin', 'Leona', 'Nidalee', 'Qiyana', 'Rengar')",0,1,1
"('Alistar', 'Evelynn', 'Gnar', 'Jhin', 'Vex')",0,1,1
"('Akali', 'Ashe', 'Camille', ""Kha'Zix"", 'Rakan')",1,0,1
"('Miss Fortune', 'Poppy', ""Rek'Sai"", 'Ryze', 'Twisted Fate')",0,1,1
"('Draven', 'Jax', 'Lux', 'Ornn', 'Vex')",1,0,1
"('Corki', 'Kennen', 'Poppy', 'Taliyah', 'Viego')",1,0,1
"('Ashe', 'Cassiopeia', 'Nautilus', 'Qiyana', 'Rumble')",0,1,1
"('Alistar', 'Brand', 'Draven', 'Jayce', 'Riven')",1,0,1
"('Ashe', 'Corki', 'Kindred', 'Rumble', 'Skarner')",1,0,1
"('Corki', 'Jinx', 'Rengar', 'Sylas', 'Tahm Kench')",0,1,1
"('Orianna', 'Poppy', 'Rengar', 'Sivir', 'Skarner')",1,0,1
"('Ezreal', 'Gragas', 'Maokai', 'Vayne', 'Yone')",0,1,1
"('Corki', ""K'Sante"", 'Lillia', 'Rell', 'Yone')",0,1,1
"('Aphelios', 'Hwei', 'LeBlanc', 'Rakan', 'Shaco')",0,1,1
"('Nidalee', 'Pyke', 'Twisted Fate', 'Varus', 'Yone')",1,0,1
"('Ashe', 'Braum', 'Hwei', 'Mordekaiser', 'Viego')",0,1,1
"('Aatrox', 'Aphelios', 'Braum', 'Galio', ""Kha'Zix"")",1,0,1
"('Ashe', 'Lissandra', 'Skarner', 'Taric', 'Viego')",0,1,1
"('Corki', 'Irelia', 'Nautilus', 'Sylas', 'Twitch')",0,1,1
"('Aatrox', ""Kai'Sa"", ""Rek'Sai"", 'Rell', 'Sylas')",0,1,1
"('Jax', 'Kayn', 'LeBlanc', 'Rakan', 'Zeri')",0,1,1
"('Caitlyn', 'Garen', 'Jayce', 'Taliyah', 'Thresh')",0,1,1
"('Cassiopeia', 'Draven', 'Master Yi', 'Renata Glasc', 'Swain')",0,1,1
"(""K'Sante"", ""Kai'Sa"", 'Kindred', 'Pyke', 'Twisted Fate')",0,1,1
"('Hwei', ""Kai'Sa"", 'Lee Sin', 'Nautilus', 'Tristana')",0,1,1
"('Gragas', ""Kai'Sa"", 'Senna', 'Twisted Fate', 'Viego')",0,1,1
"('Diana', 'Jax', ""Kha'Zix"", 'Leona', 'Lucian')",0,1,1
"('Aphelios', 'Diana', 'Lee Sin', 'Poppy', 'Thresh')",1,0,1
"('Aatrox', 'Diana', 'Rell', 'Viego', 'Zeri')",1,0,1
"('Aatrox', 'Diana', 'Graves', ""Kai'Sa"", 'Rell')",0,1,1
"('Diana', 'Draven', 'Graves', 'Jayce', 'Nautilus')",1,0,1
"('Diana', ""Kha'Zix"", 'Lee Sin', 'Lucian', 'Nami')",1,0,1
"('Bard', 'Diana', 'Jinx', 'Shaco', 'Sion')",1,0,1
"('Aphelios', 'Diana', 'Hecarim', 'Lux', 'Riven')",0,1,1
"('Corki', 'Diana', 'Nautilus', 'Nunu & Willump', 'Pantheon')",1,0,1
"('Diana', 'Gragas', 'Kalista', 'Rumble', 'Xin Zhao')",0,1,1
"('Diana', 'Draven', 'Graves', 'Thresh', 'Twisted Fate')",0,1,1
"('Diana', 'Galio', 'Jinx', 'Orianna', 'Sett')",0,1,1
"('Alistar', 'Diana', 'Ezreal', 'Skarner', 'Viego')",1,0,1
"('Blitzcrank', 'Diana', 'Jhin', 'Malphite', 'Vi')",1,0,1
"('Braum', 'Darius', 'Diana', ""Kha'Zix"", 'Lucian')",0,1,1
"('Aurelion Sol', 'Jhin', 'Karma', 'Nidalee', 'Renekton')",0,1,1
"('Akshan', 'Aphelios', 'Malphite', 'Twisted Fate', 'Viego')",1,0,1
"('Diana', 'Kayle', 'Lee Sin', 'Lucian', 'Nami')",0,1,1
"('Corki', 'Diana', 'Irelia', 'Sejuani', ""Vel'Koz"")",0,1,1
"('Diana', 'Gragas', 'Jinx', 'Neeko', 'Viego')",1,0,1
"('Aphelios', 'Diana', 'Jax', 'Poppy', 'Soraka')",1,0,1
"('Diana', 'Jhin', 'Kindred', 'Rumble', 'Thresh')",0,1,1
"('Ashe', 'Diana', 'Kindred', 'Milio', 'Skarner')",0,1,1
"('Diana', 'Graves', 'Ornn', 'Rakan', 'Tristana')",1,0,1
"('Ashe', 'Diana', ""K'Sante"", ""Kog'Maw"", 'Lee Sin')",1,0,1
"('Darius', 'Diana', 'Jhin', 'Lee Sin', 'Lux')",1,0,1
"('Aphelios', 'Camille', 'Diana', 'Galio', 'Viego')",1,0,1
"('Diana', 'Kennen', 'Lee Sin', 'Senna', 'Tahm Kench')",0,1,1
"('Diana', 'Kalista', 'Kennen', 'Sylas', 'Xin Zhao')",1,0,1
"('Diana', 'Nasus', 'Nocturne', 'Rakan', 'Sivir')",0,1,1
"('Diana', 'Ivern', 'Jax', 'Lucian', 'Nami')",1,0,1
"('Diana', 'Dr. Mundo', 'Graves', 'Lucian', 'Rell')",0,1,1
"('Corki', 'Diana', 'Graves', 'Poppy', 'Twisted Fate')",1,0,1
"('Diana', 'Graves', ""K'Sante"", 'Rakan', 'Zeri')",1,0,1
"('Darius', 'Diana', 'Jinx', 'Kindred', 'Nautilus')",1,0,1
"('Diana', 'Nasus', 'Thresh', ""Vel'Koz"", 'Viego')",1,0,1
"('Diana', 'Nautilus', 'Taric', 'Vayne', 'Viego')",1,0,1
"('Akshan', 'Alistar', 'Corki', ""K'Sante"", 'Nidalee')",1,0,1
"('Aphelios', 'Lissandra', 'Renekton', 'Shaco', 'Viego')",0,1,1
"('Hwei', 'Nidalee', 'Senna', 'Sivir', 'Urgot')",1,0,1
"('Akali', 'Jhin', 'Rakan', 'Tryndamere', 'Viego')",1,0,1
"('Alistar', 'Ekko', ""Kai'Sa"", 'Lee Sin', 'Maokai')",0,1,1
"('Jax', ""Kai'Sa"", 'Nidalee', 'Poppy', 'Yasuo')",1,0,1
"('Draven', 'Nami', 'Skarner', 'Sylas', 'Viego')",1,0,1
"('Bard', 'Camille', 'Diana', 'Jinx', 'Viego')",1,0,1
"('Galio', 'Jhin', 'Leona', 'Varus', 'Viego')",0,1,1
"('Corki', 'Gangplank', 'Twisted Fate', 'Viego', 'Zyra')",1,0,1
"('Alistar', 'Ashe', 'Nidalee', 'Urgot', 'Yasuo')",0,1,1
"('Kennen', 'Nautilus', 'Varus', 'Viego', 'Xerath')",1,0,1
"('Gragas', 'Kalista', 'Nautilus', 'Taliyah', 'Viego')",1,0,1
"('Aatrox', 'Katarina', 'Viego', 'Zeri', 'Zyra')",0,1,1
"('Alistar', 'Ashe', 'Hecarim', 'Katarina', 'Nocturne')",0,1,1
"('Hwei', 'Lucian', 'Rell', 'Renekton', 'Viego')",1,0,1
"('Aatrox', 'Hwei', 'Karma', 'Taliyah', 'Zeri')",0,1,1
"('Aphelios', 'Galio', 'Hwei', 'Thresh', 'Viego')",0,1,1
"('Corki', 'Gwen', 'Nidalee', 'Rakan', 'Zeri')",1,0,1
"('Nautilus', 'Skarner', 'Taliyah', 'Twisted Fate', 'Varus')",0,1,1
"(""Kog'Maw"", 'Lulu', 'Skarner', 'Sylas', 'Xin Zhao')",1,0,1
"('Camille', 'Fiora', ""Kai'Sa"", 'Nidalee', 'Yone')",1,0,1
"('Galio', 'Kalista', 'Malphite', 'Pyke', 'Viego')",1,0,1
"('Cassiopeia', 'Nautilus', 'Varus', 'Viego', 'Viktor')",1,0,1
"('Ashe', 'Jinx', 'Karthus', 'Renekton', 'Tristana')",0,1,1
"('Aphelios', ""Bel'Veth"", 'Camille', 'Lulu', 'Syndra')",0,1,1
"('Aatrox', 'Jinx', 'Maokai', 'Taliyah', 'Yasuo')",1,0,1
"('Camille', 'Corki', 'Karthus', 'Samira', 'Skarner')",1,0,1
"('Alistar', 'Graves', 'Jinx', ""K'Sante"", 'LeBlanc')",1,0,1
"(""Kai'Sa"", 'Nidalee', 'Rakan', 'Renekton', 'Tristana')",1,0,1
"('Jhin', 'Pyke', 'Renekton', 'Sion', 'Taliyah')",0,1,1
"('Braum', 'Camille', 'Jinx', 'Morgana', 'Nidalee')",0,1,1
"('Corki', 'Katarina', 'Renekton', 'Skarner', 'Viego')",1,0,1
"('Jinx', 'Rell', 'Viego', 'Viktor', 'Xin Zhao')",1,0,1
"('Kindred', 'Rell', 'Samira', 'Skarner', 'Viktor')",0,1,1
"('Amumu', 'Irelia', 'Kalista', 'Rumble', 'Taliyah')",1,0,1
"('Aurelion Sol', ""Kai'Sa"", 'Nautilus', 'Skarner', 'Viego')",1,0,1
"('Ezreal', 'Graves', 'Syndra', 'Thresh', 'Viego')",0,1,1
"('Aatrox', 'Galio', 'Jinx', 'Shaco', 'Thresh')",1,0,1
"('Ashe', 'Azir', 'Camille', 'Nautilus', 'Viego')",1,0,1
"('Brand', 'Jax', ""Kai'Sa"", 'Malphite', 'Rakan')",1,0,1
"('Aatrox', 'Akali', 'Diana', 'Jhin', 'Leona')",0,1,1
"('Blitzcrank', 'Hwei', 'Jhin', 'Tryndamere', 'Viego')",1,0,1
"('Nautilus', 'Orianna', 'Quinn', 'Samira', 'Viego')",0,1,1
"('Alistar', 'Graves', 'Jayce', 'Orianna', 'Varus')",0,1,1
"('Camille', 'Corki', 'Maokai', 'Pantheon', 'Shaco')",1,0,1
"('Cassiopeia', 'Corki', 'Graves', 'Renekton', 'Zoe')",1,0,1
"('Galio', 'Lee Sin', 'Lucian', 'Seraphine', 'Skarner')",1,0,1
"('Corki', 'Nidalee', 'Poppy', 'Rell', 'Tristana')",1,0,1
"('Corki', 'Kennen', 'Nidalee', 'Rell', 'Tristana')",1,0,1
"('Aatrox', 'Graves', 'Nautilus', 'Sylas', 'Varus')",0,1,1
"('Dr. Mundo', 'Jinx', 'Lee Sin', 'Sylas', 'Thresh')",0,1,1
"('Lillia', 'Nautilus', 'Syndra', 'Varus', 'Yone')",0,1,1
"('Aphelios', 'Jax', 'Sylas', 'Thresh', 'Viego')",0,1,1
"('Ezreal', 'Lee Sin', 'Maokai', 'Skarner', 'Sylas')",1,0,1
"('Aurelion Sol', 'Draven', 'Nautilus', 'Viego', 'Volibear')",1,0,1
"('Hecarim', 'Hwei', ""K'Sante"", 'Lissandra', 'Nautilus')",1,0,1
"('Draven', 'Jayce', 'Katarina', 'Pyke', 'Taliyah')",0,1,1
"('Blitzcrank', 'LeBlanc', 'Lee Sin', 'Olaf', 'Zeri')",1,0,1
"('Alistar', 'Brand', ""Rek'Sai"", 'Skarner', 'Varus')",1,0,1
"('Nautilus', ""Rek'Sai"", 'Riven', 'Taliyah', 'Zeri')",1,0,1
"('Corki', 'Darius', 'Nidalee', 'Pyke', 'Qiyana')",1,0,1
"('Jhin', 'Lillia', 'Seraphine', 'Skarner', 'Tristana')",1,0,1
"('Corki', 'Lillia', 'Nautilus', 'Rumble', 'Tryndamere')",1,0,1
"('Aatrox', 'Akali', 'Lee Sin', 'Lucian', 'Taric')",1,0,1
"('Ashe', ""Bel'Veth"", 'Nautilus', 'Taliyah', 'Tryndamere')",1,0,1
"('Graves', 'Heimerdinger', 'Hwei', 'Miss Fortune', 'Rell')",0,1,1
"('Fiddlesticks', 'Jax', 'Lucian', 'Yone', 'Yuumi')",1,0,1
"('Corki', 'Gnar', 'Nidalee', 'Rumble', 'Yasuo')",1,0,1
"('Ahri', 'Corki', ""Kai'Sa"", 'Nautilus', 'Sylas')",0,1,1
"('Corki', 'Graves', 'Kled', 'Rell', 'Singed')",0,1,1
"('Akali', 'Corki', 'Rakan', 'Skarner', 'Viego')",1,0,1
"('Nidalee', 'Sion', 'Sivir', 'Taric', 'Twisted Fate')",1,0,1
"('Corki', ""K'Sante"", 'Seraphine', 'Taliyah', 'Twisted Fate')",1,0,1
"('Jax', 'Kayn', 'Smolder', 'Taliyah', 'Zilean')",1,0,1
"('Corki', 'Diana', 'Nautilus', 'Poppy', 'Xin Zhao')",0,1,1
"('Hecarim', 'Malphite', 'Nautilus', 'Orianna', 'Varus')",1,0,1
"('Akali', 'Irelia', 'Lee Sin', 'Nautilus', 'Varus')",0,1,1
"('Akali', 'Janna', 'Quinn', ""Rek'Sai"", 'Varus')",0,1,1
"('Corki', 'Jayce', 'Taliyah', 'Thresh', 'Yone')",0,1,1
"('Elise', 'Poppy', 'Teemo', 'Varus', 'Yasuo')",0,1,1
"('Ashe', 'Graves', 'Hwei', 'Riven', 'Yuumi')",1,0,1
"('Hwei', 'Lucian', 'Nami', ""Rek'Sai"", 'Tahm Kench')",0,1,1
"('Alistar', 'Lucian', 'Orianna', 'Skarner', 'Viego')",1,0,1
"(""Cho'Gath"", 'Corki', 'Lillia', 'Nautilus', 'Tristana')",1,0,1
"('Blitzcrank', 'Corki', 'Illaoi', 'Lee Sin', 'Taliyah')",1,0,1
"('Ahri', 'Jinx', 'Lee Sin', 'Urgot', 'Zilean')",0,1,1
"('Gwen', 'Hwei', ""Kai'Sa"", 'Rell', 'Viego')",1,0,1
"('Anivia', ""Bel'Veth"", 'Jhin', 'Renekton', 'Seraphine')",1,0,1
"('Aurelion Sol', 'Caitlyn', 'Rumble', 'Skarner', 'Viego')",0,1,1
"('Aurelion Sol', 'Jhin', 'Kindred', 'Rell', 'Varus')",1,0,1
"('Galio', 'Janna', 'Jinx', 'Skarner', 'Viego')",0,1,1
"('Akali', 'Alistar', 'Gragas', ""Kai'Sa"", 'Viego')",1,0,1
"('Ashe', 'Gragas', 'Lillia', 'Thresh', 'Twisted Fate')",0,1,1
"('Akshan', 'Gragas', 'Lillia', 'Senna', 'Sivir')",1,0,1
"('Akshan', 'Ashe', 'Nidalee', 'Olaf', 'Soraka')",0,1,1
"('Aphelios', 'Gragas', 'Hwei', 'Kindred', 'Milio')",1,0,1
"('Graves', 'Jinx', 'Renata Glasc', 'Rumble', 'Zac')",1,0,1
"('Galio', 'Lillia', 'Nautilus', 'Swain', 'Vayne')",1,0,1
"('Diana', ""K'Sante"", 'Leona', 'Varus', 'Yasuo')",1,0,1
"('Katarina', 'Renekton', 'Skarner', 'Varus', 'Viego')",0,1,1
"('Aatrox', 'Leona', 'Lillia', 'Malphite', 'Tristana')",1,0,1
"('Jax', 'Jayce', 'Jhin', 'Nasus', 'Rumble')",1,0,1
"('Aurelion Sol', 'Lee Sin', 'Lucian', 'Nami', 'Skarner')",0,1,1
"('Alistar', 'Jax', ""Kai'Sa"", 'Nidalee', 'Tristana')",1,0,1
"('Irelia', 'Rumble', 'Thresh', 'Varus', 'Zac')",0,1,1
"('Karthus', 'Lucian', 'Maokai', 'Twisted Fate', 'Yone')",1,0,1
"('Gnar', ""Kai'Sa"", 'Lillia', 'Nautilus', 'Qiyana')",1,0,1
"(""Kai'Sa"", 'Nidalee', 'Rakan', 'Skarner', 'Tristana')",1,0,1
"('Blitzcrank', 'Lillia', 'Lucian', 'Tristana', 'Tryndamere')",0,1,1
"(""Kai'Sa"", 'Lee Sin', 'Nautilus', 'Ryze', 'Twisted Fate')",0,1,1
"('Ahri', 'Jinx', 'Lee Sin', 'Renekton', 'Thresh')",0,1,1
"('Fiora', 'Lucian', 'Nautilus', 'Sylas', 'Viego')",1,0,1
"('Hecarim', 'Jhin', 'Seraphine', 'Warwick', 'Xerath')",0,1,1
"('Brand', 'Lucian', 'Nasus', 'Thresh', 'Viego')",0,1,1
"('Annie', 'Nidalee', 'Rakan', 'Renekton', 'Twitch')",1,0,1
"('Kennen', 'Nautilus', 'Twitch', 'Viego', 'Zac')",1,0,1
"('Braum', 'Karthus', 'Lucian', 'Skarner', 'Yone')",0,1,1
"('Akali', 'Braum', ""Kai'Sa"", ""Rek'Sai"", 'Rumble')",1,0,1
"('Aatrox', 'Graves', ""Kai'Sa"", 'Sylas', 'Taric')",0,1,1
"('Hecarim', 'Lucian', 'Nami', 'Skarner', 'Taliyah')",1,0,1
"('Camille', 'Cassiopeia', ""Kai'Sa"", ""Kha'Zix"", 'Olaf')",0,1,1
"('Corki', 'Rumble', 'Skarner', 'Sylas', 'Tristana')",0,1,1
"('Hwei', 'Miss Fortune', 'Rell', 'Rumble', 'Viego')",0,1,1
"('Akali', 'Bard', 'Nidalee', 'Varus', 'Yone')",0,1,1
"('Lucian', 'Nami', 'Nidalee', 'Tristana', 'Warwick')",0,1,1
"('Caitlyn', ""K'Sante"", 'Nidalee', 'Pyke', 'Yasuo')",1,0,1
"('Ashe', 'Azir', 'Ornn', 'Rakan', 'Rengar')",1,0,1
"('Blitzcrank', 'Corki', 'Hwei', 'Jayce', 'Lee Sin')",0,1,1
"('Aatrox', 'Corki', 'Graves', 'Hwei', 'Viego')",0,1,1
"('Alistar', 'Ashe', 'Jax', 'Swain', 'Zed')",0,1,1
"('Alistar', 'Corki', 'Hwei', 'Skarner', 'Viego')",0,1,1
"('Aatrox', 'Annie', 'Jarvan IV', 'Nautilus', 'Zeri')",0,1,1
"('Corki', 'Gragas', 'Nidalee', 'Skarner', 'Tristana')",1,0,1
"(""Kai'Sa"", 'Rumble', 'Skarner', 'Twisted Fate', 'Viego')",0,1,1
"('Corki', 'Fiddlesticks', 'Renekton', 'Skarner', 'Twitch')",0,1,1
"('Kayle', 'Sivir', 'Syndra', 'Thresh', 'Viego')",0,1,1
"('Camille', 'Darius', ""Kai'Sa"", 'Rumble', 'Tristana')",0,1,1
"('Jhin', 'Leona', 'Nidalee', 'Singed', 'Tristana')",0,1,1
"('Caitlyn', 'Lee Sin', 'Rumble', 'Seraphine', 'Talon')",1,0,1
"('Aatrox', 'Blitzcrank', 'Corki', 'Evelynn', 'Taliyah')",1,0,1
"('Ezreal', 'Karma', ""Kha'Zix"", ""Rek'Sai"", 'Vladimir')",1,0,1
"('Garen', 'Graves', 'Jhin', 'Leona', 'Sylas')",1,0,1
"('Nilah', 'Pantheon', 'Seraphine', 'Tristana', 'Volibear')",1,0,1
"('Akali', 'Blitzcrank', 'Camille', 'Kindred', 'Zeri')",1,0,1
"('Fiora', 'Hecarim', 'Jhin', 'Pyke', 'Zoe')",1,0,1
"('Gangplank', 'Graves', 'Jhin', 'Nautilus', 'Neeko')",1,0,1
"('Nautilus', 'Nidalee', 'Riven', 'Samira', 'Tristana')",1,0,1
"('Jarvan IV', 'Jhin', 'Lee Sin', 'Taliyah', 'Warwick')",1,0,1
"('Jax', 'Jhin', 'Senna', 'Xin Zhao', 'Zoe')",1,0,1
"('Ashe', 'Corki', 'Lillia', 'Twisted Fate', 'Zoe')",0,1,1
"('Hwei', 'Jax', 'Jinx', 'Kindred', 'Senna')",1,0,1
"('Akshan', 'Garen', 'Janna', 'Karthus', 'Varus')",0,1,1
"('Blitzcrank', 'Gnar', 'Karthus', 'Samira', 'Twisted Fate')",1,0,1
"('Camille', 'Poppy', 'Qiyana', ""Vel'Koz"", 'Volibear')",1,0,1
"('Aurelion Sol', 'Cassiopeia', 'Lucian', 'Nami', 'Viego')",1,0,1
"('Bard', 'Camille', 'Hwei', 'Nidalee', 'Zeri')",1,0,1
"(""Kai'Sa"", 'Lee Sin', 'Nautilus', 'Taliyah', 'Twisted Fate')",1,0,1
"('Aatrox', 'Azir', 'Graves', 'Hwei', 'Varus')",0,1,1
"('Ezreal', 'Hwei', 'Lee Sin', 'Nautilus', 'Skarner')",1,0,1
"('Cassiopeia', 'Ekko', ""Kai'Sa"", 'Skarner', 'Yone')",1,0,1
"('Jax', ""Kai'Sa"", 'Katarina', 'Skarner', 'Twisted Fate')",1,0,1
"('Aatrox', 'Corki', 'Nidalee', 'Skarner', 'Varus')",1,0,1
"('Aurelion Sol', 'Corki', ""Kai'Sa"", 'Nautilus', 'Viego')",1,0,1
"('Corki', 'Ivern', 'Jax', 'Nautilus', 'Senna')",1,0,1
"('Akshan', 'Ashe', ""K'Sante"", 'Seraphine', 'Taliyah')",1,0,1
"('Aatrox', 'Galio', ""Kai'Sa"", 'Nidalee', 'Poppy')",1,0,1
"('Aatrox', 'Camille', 'Jinx', 'Malzahar', 'Vi')",0,1,1
"('Camille', 'Hwei', 'Lee Sin', 'Volibear', 'Zeri')",0,1,1
"('Camille', 'Elise', 'Poppy', 'Tristana', 'Xayah')",0,1,1
"('Aatrox', 'Blitzcrank', 'Draven', 'Lillia', 'Zac')",0,1,1
"('Hwei', 'Rumble', 'Sivir', 'Twisted Fate', 'Viego')",1,0,1
"('Karthus', 'Nautilus', 'Pantheon', 'Senna', 'Tristana')",1,0,1
"('Jinx', 'Seraphine', 'Vex', 'Viego', 'Warwick')",1,0,1
"('Gwen', 'Lulu', 'Twisted Fate', 'Viego', 'Zeri')",1,0,1
"('Akali', 'Corki', 'Graves', 'Kennen', 'Thresh')",1,0,1
"('Alistar', 'Nidalee', 'Renekton', 'Varus', 'Volibear')",1,0,1
"('Ashe', 'Irelia', 'Lillia', 'Senna', 'Vayne')",1,0,1
"('Akali', 'Aphelios', 'Bard', 'Lillia', 'Urgot')",0,1,1
"('Caitlyn', 'Corki', 'Fiddlesticks', 'Nasus', 'Soraka')",0,1,1
"('Akali', 'Aphelios', 'Fiora', 'Sylas', 'Thresh')",0,1,1
"('Akshan', 'Nidalee', 'Renekton', 'Seraphine', 'Varus')",0,1,1
"('Aatrox', 'Cassiopeia', 'Hwei', 'Lee Sin', 'Nautilus')",0,1,1
"('Corki', 'Gnar', 'Orianna', 'Seraphine', 'Taliyah')",0,1,1
"('Irelia', 'Jinx', 'Poppy', 'Taliyah', 'Viego')",1,0,1
"('Camille', 'Ekko', 'Gwen', 'Talon', 'Twitch')",1,0,1
"('Camille', 'Corki', 'Graves', 'LeBlanc', 'Varus')",1,0,1
"('Camille', 'Jinx', 'Taliyah', 'Thresh', 'Xin Zhao')",1,0,1
"('Ashe', 'Brand', 'Renekton', 'Taliyah', 'Tristana')",1,0,1
"('Ashe', 'Graves', 'Mordekaiser', 'Orianna', 'Zeri')",1,0,1
"('Akshan', 'Corki', 'Gragas', 'Hwei', 'Skarner')",1,0,1
"('Corki', ""Kai'Sa"", 'Lillia', 'Pyke', 'Skarner')",0,1,1
"('Cassiopeia', 'Katarina', 'Poppy', 'Viego', 'Wukong')",1,0,1
"('Camille', 'Kalista', 'Poppy', 'Taliyah', 'Twisted Fate')",0,1,1
"('Graves', 'Malphite', 'Rell', 'Tristana', 'Twisted Fate')",1,0,1
"('Camille', 'Corki', 'Diana', ""Kai'Sa"", 'Pyke')",0,1,1
"('Hwei', 'Seraphine', 'Twisted Fate', 'Xayah', 'Zac')",1,0,1
"('Corki', 'Jayce', 'Nidalee', 'Poppy', 'Yone')",1,0,1
"('Caitlyn', 'Seraphine', 'Taliyah', 'Tristana', 'Tryndamere')",0,1,1
"('Brand', 'Gnar', ""Kai'Sa"", 'Lucian', 'Poppy')",0,1,1
"('Elise', 'Jinx', 'Lucian', 'Seraphine', 'Skarner')",1,0,1
"('Alistar', 'Jax', 'Kindred', 'Twisted Fate', 'Xerath')",0,1,1
"('Hwei', 'Riven', 'Varus', 'Vex', 'Xin Zhao')",0,1,1
"('Alistar', 'Qiyana', ""Rek'Sai"", 'Rumble', 'Zeri')",0,1,1
"('Camille', 'Ezreal', 'Karma', 'Lillia', 'Neeko')",0,1,1
"('Aurelion Sol', 'Gragas', 'Graves', 'Jhin', 'Poppy')",1,0,1
"('Kalista', ""Kha'Zix"", 'Quinn', 'Rumble', 'Seraphine')",1,0,1
"('Galio', 'Graves', 'Jayce', 'Swain', 'Varus')",1,0,1
"('Jax', 'Malzahar', 'Swain', 'Varus', 'Viego')",0,1,1
"('Graves', 'Jax', 'Sylas', 'Varus', 'Zyra')",0,1,1
"('Draven', 'Gangplank', 'Karthus', 'Neeko', 'Zeri')",1,0,1
"('Ahri', 'Jinx', ""Kha'Zix"", 'Nautilus', 'Vayne')",0,1,1
"('Cassiopeia', 'Fiora', 'Hwei', 'Seraphine', 'Viego')",0,1,1
"('Cassiopeia', 'Jhin', 'Karma', 'Skarner', 'Udyr')",0,1,1
"('Cassiopeia', 'Graves', 'Leona', 'Renekton', 'Smolder')",0,1,1
"('Ahri', 'Galio', 'Ryze', 'Viego', 'Zeri')",1,0,1
"('Hwei', 'Jayce', 'Jhin', 'Olaf', 'Zac')",0,1,1
"('Ahri', 'Darius', ""Kai'Sa"", 'Nautilus', 'Viego')",1,0,1
"('Gnar', 'Jayce', 'Kalista', 'Nautilus', 'Taliyah')",0,1,1
"('Braum', 'Corki', 'Jayce', 'Lillia', 'Varus')",1,0,1
"('Ornn', 'Qiyana', 'Rell', 'Tristana', 'Zac')",0,1,1
"('LeBlanc', 'Lillia', 'Rakan', 'Rengar', 'Tristana')",1,0,1
"('Alistar', 'Draven', 'Fiora', 'Lee Sin', 'Sylas')",0,1,1
"('Anivia', ""Bel'Veth"", 'Jarvan IV', 'Jhin', 'Skarner')",1,0,1
"('Aphelios', 'Hwei', ""Kha'Zix"", 'Nasus', 'Soraka')",0,1,1
"('Camille', 'Corki', 'Jax', ""K'Sante"", 'Zoe')",0,1,1
"('Jayce', 'Poppy', 'Rumble', 'Thresh', 'Xayah')",1,0,1
"('Caitlyn', 'Jax', 'Nautilus', 'Poppy', 'Tristana')",0,1,1
"('Karthus', 'Lee Sin', 'Nautilus', 'Sett', 'Zeri')",0,1,1
"('Cassiopeia', 'Graves', 'Nautilus', 'Senna', 'Yone')",0,1,1
"('Alistar', 'Dr. Mundo', ""Kai'Sa"", 'Lillia', 'Tristana')",1,0,1
"('Alistar', 'Jhin', 'Lillia', 'Syndra', 'Vayne')",1,0,1
"('Graves', 'Nautilus', 'Ryze', 'Samira', 'Skarner')",0,1,1
"('Ashe', 'Gwen', 'Ivern', 'Rakan', 'Yasuo')",1,0,1
"(""K'Sante"", ""Kai'Sa"", 'Nautilus', ""Rek'Sai"", 'Vex')",0,1,1
"('Corki', 'Hwei', 'Irelia', 'Poppy', 'Renekton')",1,0,1
"('Ashe', 'Camille', 'Kindred', 'Lulu', 'Nunu & Willump')",1,0,1
"('Rumble', 'Sivir', 'Sona', 'Taliyah', 'Tristana')",1,0,1
"('Brand', 'Corki', 'Gragas', 'Lucian', 'Poppy')",1,0,1
"('Jinx', ""K'Sante"", 'Poppy', 'Thresh', ""Vel'Koz"")",0,1,1
"('Ivern', 'Jhin', 'Ryze', 'Twisted Fate', 'Zilean')",0,1,1
"('Ashe', 'Jax', 'Twisted Fate', 'Varus', 'Zoe')",1,0,1
"('Camille', 'Diana', 'Graves', ""Kai'Sa"", 'Taliyah')",1,0,1
"('Ashe', 'Braum', 'Kindred', 'Vladimir', 'Yone')",0,1,1
"('Ahri', 'Gwen', 'Jinx', 'Nautilus', 'Olaf')",1,0,1
"('Anivia', ""Kai'Sa"", 'Leona', 'Rengar', 'Skarner')",1,0,1
"('Gragas', 'Jayce', 'Rengar', 'Seraphine', 'Varus')",1,0,1
"('Jinx', 'Nautilus', 'Rengar', 'Skarner', 'Taliyah')",1,0,1
"('Bard', 'Galio', ""Kai'Sa"", 'Olaf', 'Rengar')",1,0,1
"('Galio', 'Renata Glasc', 'Renekton', 'Rengar', 'Varus')",1,0,1
"('Akali', 'Jax', 'Nautilus', 'Rengar', 'Varus')",1,0,1
"('Akali', 'Corki', ""K'Sante"", 'Rakan', 'Rengar')",1,0,1
"('Aphelios', 'Nautilus', 'Orianna', 'Rengar', 'Riven')",1,0,1
"('Blitzcrank', ""Kai'Sa"", 'Rengar', 'Skarner', 'Zoe')",0,1,1
"('Ashe', 'Pantheon', 'Rengar', 'Thresh', 'Urgot')",1,0,1
"('Karma', 'Renekton', 'Rengar', 'Varus', 'Zoe')",1,0,1
"('Blitzcrank', 'Draven', 'Gragas', 'Gwen', 'Jayce')",0,1,1
"('Cassiopeia', 'Ezreal', 'Rell', 'Rengar', 'Vex')",1,0,1
"('Aatrox', 'Ashe', 'Lulu', 'Orianna', 'Rengar')",0,1,1
"('Ashe', 'Braum', 'LeBlanc', 'Mordekaiser', 'Wukong')",0,1,1
"('Bard', 'Katarina', 'Rengar', 'Sett', 'Zeri')",0,1,1
"(""Kai'Sa"", 'Katarina', 'Nautilus', 'Rengar', 'Twisted Fate')",1,0,1
"('Aatrox', 'Ashe', 'Kassadin', 'Pyke', 'Rengar')",0,1,1
"('Kalista', 'LeBlanc', 'Nautilus', 'Ornn', 'Rengar')",1,0,1
"('Ahri', 'Caitlyn', 'Lee Sin', 'Lux', 'Twisted Fate')",0,1,1
"('Braum', ""K'Sante"", 'Taliyah', 'Viego', 'Zeri')",0,1,1
"('Caitlyn', 'Fiora', 'Nidalee', 'Thresh', 'Tristana')",1,0,1
"('Caitlyn', 'Hwei', 'Nidalee', 'Soraka', 'Yone')",1,0,1
"('Aphelios', 'Galio', 'Nasus', 'Nidalee', 'Thresh')",1,0,1
"('Nautilus', 'Qiyana', 'Rumble', 'Sylas', 'Tristana')",0,1,1
"('Aatrox', 'Caitlyn', 'Maokai', 'Viktor', 'Volibear')",1,0,1
"('Aurelion Sol', 'Rell', 'Tristana', 'Udyr', 'Warwick')",1,0,1
"('Galio', 'Gragas', 'Jinx', 'Talon', 'Thresh')",1,0,1
"('Camille', 'Gragas', ""Kai'Sa"", 'Rumble', 'Tristana')",0,1,1
"('Ahri', 'Nautilus', 'Rengar', 'Skarner', 'Varus')",1,0,1
"('Galio', 'Kled', 'Nidalee', 'Renata Glasc', 'Varus')",0,1,1
"('Camille', 'Corki', 'Dr. Mundo', 'Lillia', 'Lissandra')",1,0,1
"('Elise', 'LeBlanc', 'Nilah', ""Rek'Sai"", 'Viego')",0,1,1
"('Galio', 'Jax', 'Jhin', 'Karma', 'Lee Sin')",1,0,1
"('Blitzcrank', ""Kai'Sa"", 'Lee Sin', 'Poppy', 'Zoe')",1,0,1
"('Ivern', 'Jayce', 'Jinx', 'Vayne', 'Xerath')",0,1,1
"('Ahri', 'Rengar', 'Skarner', 'Thresh', 'Varus')",1,0,1
"('Akshan', 'Irelia', 'Ivern', 'Samira', 'Thresh')",1,0,1
"('Anivia', 'Brand', 'Nautilus', 'Tristana', 'Zeri')",1,0,1
"('Ashe', 'Elise', 'Kalista', 'Lee Sin', 'Viego')",0,1,1
"('Aatrox', 'Braum', ""Kog'Maw"", 'Lillia', 'Viego')",0,1,1
"('Irelia', 'Jinx', 'LeBlanc', ""Rek'Sai"", 'Thresh')",1,0,1
"('Jinx', 'Nidalee', 'Renekton', 'Seraphine', 'Skarner')",1,0,1
"('Aurelion Sol', 'Jayce', 'Nocturne', 'Rakan', 'Ziggs')",1,0,1
"('Jinx', 'Lee Sin', 'Malzahar', 'Skarner', 'Thresh')",1,0,1
"('Corki', 'Nautilus', 'Renekton', 'Taliyah', 'Viego')",0,1,1
"('Nautilus', 'Taliyah', 'Varus', 'Viego', 'Warwick')",1,0,1
"('Ashe', 'Jayce', 'Lillia', 'Tahm Kench', 'Yone')",1,0,1
"('Hwei', 'Jinx', 'Rengar', 'Thresh', 'Vladimir')",1,0,1
"('Alistar', 'Aphelios', 'Jayce', 'Nidalee', 'Riven')",0,1,1
"('Jhin', 'Karthus', 'Seraphine', 'Tristana', 'Twisted Fate')",0,1,1
"('Malphite', 'Pyke', 'Udyr', 'Yone', 'Zeri')",0,1,1
"('Caitlyn', 'Hwei', 'Lee Sin', 'Leona', 'Sion')",1,0,1
"('Alistar', 'Corki', 'Galio', 'Gragas', 'Viego')",0,1,1
"('Gwen', 'Nautilus', 'Rumble', 'Varus', 'Yone')",1,0,1
"('Jinx', 'Lillia', 'Thresh', 'Tristana', 'Volibear')",0,1,1
"('Aurelion Sol', 'Corki', 'Rakan', 'Sion', 'Taliyah')",1,0,1
"('Jayce', 'Jhin', 'Nidalee', 'Renekton', 'Zyra')",0,1,1
"('Hwei', 'Nautilus', 'Samira', 'Skarner', 'Taliyah')",1,0,1
"('Kalista', 'Nasus', 'Nautilus', 'Taliyah', 'Yasuo')",1,0,1
"('Akali', 'Jayce', 'Lucian', 'Nami', 'Nidalee')",1,0,1
"('Jinx', 'Lissandra', 'Shen', 'Thresh', 'Viego')",0,1,1
"('Ashe', 'Camille', 'Diana', 'Graves', 'Milio')",0,1,1
"('Camille', 'Jinx', 'Rakan', 'Taliyah', 'Yone')",0,1,1
"('Gragas', ""Kha'Zix"", 'Lucian', 'Nami', 'Twisted Fate')",0,1,1
"('Fiddlesticks', ""K'Sante"", 'Rumble', 'Smolder', 'Tryndamere')",0,1,1
"('Ahri', 'Skarner', 'Twisted Fate', 'Varus', 'Viego')",0,1,1
"('Graves', 'Jax', 'Rakan', 'Taliyah', 'Twitch')",0,1,1
"('Camille', ""K'Sante"", 'Kalista', 'Katarina', 'Skarner')",0,1,1
"('Caitlyn', ""K'Sante"", 'Lux', ""Rek'Sai"", 'Syndra')",0,1,1
"('Aphelios', 'Hwei', 'Lillia', 'Skarner', 'Thresh')",1,0,1
"('Alistar', 'Caitlyn', ""K'Sante"", 'Orianna', ""Rek'Sai"")",0,1,1
"('Alistar', 'Jax', ""Kai'Sa"", 'Olaf', 'Yasuo')",1,0,1
"('Akshan', 'Caitlyn', 'Dr. Mundo', 'Taliyah', 'Thresh')",0,1,1
"('Camille', 'Fiddlesticks', ""Kai'Sa"", 'Lee Sin', 'Nasus')",1,0,1
"(""Kai'Sa"", 'Lee Sin', 'Lissandra', 'Poppy', 'Sylas')",1,0,1
"('Ahri', 'Gnar', ""Kai'Sa"", 'Leona', 'Rengar')",1,0,1
"('Corki', 'Jinx', 'Singed', 'Taliyah', 'Thresh')",1,0,1
"('Ashe', 'Kennen', 'Kindred', 'Pyke', 'Taliyah')",1,0,1
"(""Kai'Sa"", 'Nunu & Willump', 'Thresh', 'Tristana', 'Tryndamere')",0,1,1
"('Blitzcrank', 'Cassiopeia', 'Draven', 'Lillia', 'Tristana')",1,0,1
"('Camille', 'Graves', 'Hwei', 'Kalista', 'Nautilus')",1,0,1
"('Brand', 'Draven', 'Lillia', 'Sett', 'Skarner')",1,0,1
"('Alistar', 'Gnar', 'Taliyah', 'Varus', 'Xin Zhao')",0,1,1
"('Gnar', ""Kai'Sa"", ""Kha'Zix"", 'Pyke', 'Tristana')",0,1,1
"('Ahri', 'Ashe', 'Darius', 'Gragas', 'Graves')",0,1,1
"('Ahri', 'Galio', 'Jinx', 'Twisted Fate', 'Viego')",1,0,1
"('Gragas', 'Graves', ""Kai'Sa"", 'Nautilus', 'Sylas')",0,1,1
"(""K'Sante"", 'Lillia', 'Skarner', 'Twisted Fate', 'Zeri')",1,0,1
"('Heimerdinger', 'Lucian', 'Nami', 'Poppy', 'Tristana')",1,0,1
"('Ashe', 'Hwei', ""Rek'Sai"", 'Taliyah', 'Vayne')",0,1,1
"('Orianna', 'Rakan', 'Skarner', 'Viego', 'Zeri')",0,1,1
"('Ahri', 'Irelia', ""Kha'Zix"", 'Maokai', 'Samira')",1,0,1
"('Hwei', 'Jinx', 'Lulu', 'Skarner', 'Xin Zhao')",0,1,1
"('Lillia', 'Lucian', 'Nami', 'Skarner', 'Yone')",1,0,1
"('Corki', 'Jayce', 'Lillia', 'Malphite', 'Thresh')",1,0,1
"('Corki', 'Heimerdinger', ""Kai'Sa"", 'Poppy', 'Rell')",1,0,1
"('Poppy', 'Rell', 'Samira', 'Vayne', 'Xerath')",1,0,1
"('Ashe', 'Hwei', ""Rek'Sai"", 'Twisted Fate', 'Zoe')",1,0,1
"('Alistar', 'Hwei', 'Kindred', 'Skarner', 'Taliyah')",0,1,1
"('Ashe', 'Hwei', 'Rakan', 'Rammus', 'Viego')",0,1,1
"('Gnar', 'Jinx', 'Leona', 'Nidalee', 'Yone')",1,0,1
"(""K'Sante"", 'LeBlanc', 'Shaco', 'Varus', 'Vi')",0,1,1
"('Ivern', 'Nautilus', 'Renekton', 'Tristana', 'Zeri')",0,1,1
"('Kalista', ""Kha'Zix"", 'Nautilus', 'Ryze', 'Vex')",1,0,1
"('Ashe', 'Camille', 'Fiddlesticks', 'Katarina', 'Seraphine')",0,1,1
"('Ashe', 'Hecarim', 'Jax', 'Pyke', 'Zoe')",0,1,1
"('Hwei', 'Jax', 'Jinx', 'Lee Sin', 'Seraphine')",1,0,1
"('Bard', 'Gwen', 'Jhin', 'Lee Sin', 'Syndra')",1,0,1
"('Braum', 'Cassiopeia', 'Nunu & Willump', 'Skarner', 'Twisted Fate')",0,1,1
"('Aatrox', 'Alistar', 'Lucian', 'Nidalee', 'Tristana')",1,0,1
"('Nautilus', 'Renekton', 'Samira', 'Taliyah', 'Viego')",0,1,1
"('Braum', 'Darius', 'Hwei', 'Varus', 'Viego')",1,0,1
"('Ashe', 'Fiora', 'Graves', 'Karma', 'LeBlanc')",1,0,1
"('Alistar', 'Ashe', 'Poppy', 'Taliyah', 'Yone')",1,0,1
"('Jayce', 'Lulu', 'Renekton', 'Taliyah', 'Varus')",0,1,1
"('Akshan', 'Camille', 'Corki', 'Teemo', 'Udyr')",1,0,1
"('Darius', ""Kai'Sa"", 'Lee Sin', 'Rell', 'Sylas')",1,0,1
"('Jax', 'LeBlanc', 'Leona', ""Rek'Sai"", 'Varus')",0,1,1
"('Akali', 'Corki', 'Lillia', 'Miss Fortune', 'Rakan')",1,0,1
"('Corki', 'Ekko', 'Ornn', 'Rakan', 'Zed')",0,1,1
"('Diana', 'Jinx', 'Poppy', 'Rumble', 'Vi')",1,0,1
"('Corki', 'Draven', 'Ekko', 'Pyke', 'Skarner')",1,0,1
"('Galio', 'Jayce', 'Jinx', 'Nautilus', 'Nidalee')",1,0,1
"('Jayce', 'Lee Sin', 'Nautilus', 'Twisted Fate', 'Zeri')",1,0,1
"('Hwei', 'Orianna', 'Rumble', 'Varus', 'Viego')",1,0,1
"('Braum', 'Jinx', 'Pantheon', 'Skarner', 'Taliyah')",1,0,1
"('Akshan', 'Kled', 'Leona', 'Lillia', 'Varus')",0,1,1
"('Fiora', 'Rell', 'Samira', 'Taliyah', 'Tristana')",0,1,1
"('Kindred', 'Rell', 'Talon', 'Tristana', 'Wukong')",1,0,1
"('Gwen', ""Kai'Sa"", 'Lillia', 'Rell', 'Yone')",1,0,1
"('Ezreal', 'Lee Sin', 'Rumble', 'Sion', ""Vel'Koz"")",1,0,1
"('Alistar', 'Gragas', 'Rumble', 'Tristana', 'Yasuo')",0,1,1
"('Aatrox', ""Kai'Sa"", 'Rakan', 'Xin Zhao', 'Zoe')",1,0,1
"('LeBlanc', 'Olaf', 'Pyke', ""Rek'Sai"", 'Tristana')",0,1,1
"('Ezreal', 'Kennen', 'Neeko', 'Taliyah', 'Tristana')",1,0,1
"('Jayce', 'Jhin', 'Rell', 'Rumble', 'Tristana')",1,0,1
"('Corki', 'LeBlanc', 'Rell', 'Tryndamere', 'Vi')",0,1,1
"('Aatrox', 'Camille', 'Irelia', 'Jhin', 'Taliyah')",1,0,1
"('Camille', 'Diana', 'Olaf', 'Poppy', 'Samira')",1,0,1
"('Camille', 'Jhin', 'Nidalee', 'Renekton', 'Yone')",0,1,1
"('Ahri', 'Jinx', 'Nautilus', 'Skarner', 'Vayne')",1,0,1
"('Jinx', 'Karthus', 'Skarner', 'Thresh', 'Viego')",0,1,1
"('Hwei', 'Jayce', 'Lucian', 'Nami', 'Viego')",1,0,1
"('Corki', 'Galio', 'Taric', 'Viego', 'Xerath')",1,0,1
"('Hwei', 'Lucian', 'Nami', 'Skarner', 'Vi')",1,0,1
"('Kalista', 'Karthus', 'Poppy', 'Viego', 'Vladimir')",1,0,1
"('Hwei', 'Rell', 'Varus', 'Viego', 'Vladimir')",0,1,1
"('Camille', 'Jayce', 'Kalista', 'Karthus', 'Nautilus')",0,1,1
"('Hwei', 'Malzahar', 'Skarner', 'Varus', 'Vi')",1,0,1
"('Jhin', 'Lillia', 'Nautilus', 'Viego', 'Xerath')",1,0,1
"('Irelia', 'Jinx', 'Nidalee', 'Rakan', 'Rumble')",1,0,1
"('Jayce', 'Jinx', 'Karthus', 'Shen', 'Tryndamere')",0,1,1
"('Jhin', 'Nautilus', ""Rek'Sai"", 'Syndra', 'Viego')",0,1,1
"('Nidalee', 'Pantheon', 'Rell', 'Twitch', 'Viktor')",1,0,1
"('Bard', ""Kai'Sa"", ""Kha'Zix"", 'Kled', 'Orianna')",1,0,1
"('Blitzcrank', 'Jhin', 'Nidalee', 'Quinn', 'Yone')",1,0,1
"('Alistar', 'Corki', 'Lillia', 'Twisted Fate', 'Yone')",0,1,1
"('Akali', 'Fiora', 'Jhin', 'Thresh', 'Viego')",1,0,1
"('Camille', 'Fiora', 'Graves', 'Hwei', ""Kai'Sa"")",1,0,1
"('Camille', 'Jax', 'Jhin', 'LeBlanc', 'Viego')",0,1,1
"('Ahri', 'Gragas', 'Jinx', 'Nautilus', 'Wukong')",1,0,1
"('Aphelios', 'Jax', 'Kindred', 'Sylas', 'Thresh')",1,0,1
"('Darius', 'Lulu', 'Sylas', 'Tristana', 'Zeri')",0,1,1
"(""K'Sante"", 'Lee Sin', 'Nautilus', 'Nunu & Willump', 'Zeri')",0,1,1
"('Corki', 'Graves', 'Kennen', 'Lillia', 'Thresh')",1,0,1
"('Aphelios', 'Gwen', 'Kindred', 'Pyke', 'Yasuo')",1,0,1
"('Aphelios', 'Irelia', 'Jax', 'Nidalee', 'Thresh')",1,0,1
"('Aphelios', 'Jax', 'Nidalee', 'Pyke', 'Thresh')",0,1,1
"('Aphelios', 'Braum', 'Gwen', 'Lillia', 'Tryndamere')",1,0,1
"('Aphelios', 'Braum', 'Hwei', 'Jayce', 'Vi')",0,1,1
"('Akshan', 'Fiora', 'Rell', 'Rumble', 'Zeri')",1,0,1
"('Aatrox', 'Draven', 'Hwei', 'Nautilus', 'Skarner')",0,1,1
"('Akshan', 'Aphelios', 'Lillia', 'Thresh', 'Udyr')",0,1,1
"('Aphelios', 'Gwen', 'Poppy', 'Qiyana', 'Rengar')",1,0,1
"('Braum', ""K'Sante"", 'Kennen', 'Nidalee', 'Zeri')",0,1,1
"('Blitzcrank', 'Jinx', 'Nidalee', 'Pantheon', 'Talon')",1,0,1
"('Aphelios', 'Graves', 'Pyke', 'Skarner', 'Taliyah')",1,0,1
"('Jax', 'Seraphine', 'Smolder', 'Tristana', 'Viego')",1,0,1
"('Corki', 'Rell', 'Rumble', 'Skarner', 'Zeri')",1,0,1
"('Graves', 'Nautilus', 'Rumble', 'Taliyah', 'Zeri')",1,0,1
"('Aurelion Sol', 'Jinx', 'Poppy', 'Skarner', 'Urgot')",1,0,1
"('Akshan', 'Braum', ""K'Sante"", 'Lillia', 'Lucian')",1,0,1
"('Corki', 'Darius', 'Irelia', 'Rakan', 'Taliyah')",1,0,1
"('Lillia', 'Nautilus', 'Pantheon', 'Tristana', 'Zeri')",0,1,1
"('Ahri', 'Blitzcrank', 'Jayce', ""Kai'Sa"", 'Xin Zhao')",1,0,1
"('Corki', 'Jax', 'Neeko', ""Rek'Sai"", 'Syndra')",0,1,1
"('Azir', 'Graves', 'Gwen', 'Jinx', 'Poppy')",1,0,1
"('Akshan', ""Kog'Maw"", 'Poppy', 'Renekton', 'Viego')",1,0,1
"('Aurelion Sol', 'Jinx', 'Master Yi', 'Nautilus', 'Volibear')",1,0,1
"('Kalista', 'Lillia', 'Taric', 'Vayne', 'Yasuo')",1,0,1
"('Corki', 'Nidalee', 'Orianna', 'Soraka', 'Tryndamere')",1,0,1
"('Akshan', 'Kennen', 'Lee Sin', 'Miss Fortune', 'Rell')",0,1,1
"('Ashe', 'Draven', ""K'Sante"", 'Nidalee', 'Poppy')",1,0,1
"('Ahri', 'Poppy', 'Sylas', 'Varus', 'Vi')",1,0,1
"('Ashe', 'Graves', 'Hwei', 'Rumble', ""Vel'Koz"")",1,0,1
"('Corki', 'Poppy', ""Rek'Sai"", 'Veigar', 'Viego')",1,0,1
"('Ashe', 'Caitlyn', 'Lillia', 'Mordekaiser', 'Talon')",1,0,1
"('Ashe', 'Jhin', 'Katarina', 'Kennen', 'Skarner')",1,0,1
"('Jinx', 'Rell', 'Riven', 'Taliyah', 'Yasuo')",1,0,1
"('Corki', 'Hwei', 'Nautilus', 'Ryze', 'Vi')",1,0,1
"('Jinx', 'Karthus', 'Nautilus', 'Twisted Fate', 'Yone')",1,0,1
"('Corki', 'Rell', 'Taliyah', 'Vladimir', 'Yasuo')",1,0,1
"('Ashe', 'Camille', 'Corki', ""Rek'Sai"", 'Seraphine')",1,0,1
"(""Kai'Sa"", 'Pyke', ""Rek'Sai"", 'Ryze', 'Viego')",0,1,1
"(""Kai'Sa"", 'LeBlanc', 'Poppy', 'Singed', 'Xin Zhao')",0,1,1
"('Ahri', 'Blitzcrank', 'Renekton', 'Varus', 'Wukong')",0,1,1
"('Jinx', 'Nautilus', 'Taliyah', 'Tryndamere', 'Viego')",0,1,1
"('Ahri', 'Caitlyn', 'Jax', 'Lux', 'Viego')",0,1,1
"('Ashe', 'Jayce', 'Nidalee', 'Pantheon', 'Tristana')",1,0,1
"('Galio', 'Gwen', 'Lucian', 'Nami', 'Pantheon')",1,0,1
"('Azir', 'Graves', 'Kalista', 'Maokai', 'Neeko')",1,0,1
"('Blitzcrank', 'Corki', 'Skarner', 'Taliyah', 'Yasuo')",1,0,1
"('Graves', 'Hwei', 'Jax', 'Twisted Fate', 'Varus')",1,0,1
"('Camille', 'Nidalee', 'Nilah', 'Tristana', 'Vladimir')",0,1,1
"('Aatrox', 'Aurelion Sol', 'Gwen', 'Heimerdinger', 'Varus')",0,1,1
"('Ashe', 'Nautilus', 'Orianna', ""Rek'Sai"", 'Skarner')",0,1,1
"('Ashe', 'Corki', 'Kayn', 'Rumble', 'Zac')",1,0,1
"('Aurelion Sol', 'Lee Sin', 'Leona', 'Skarner', 'Swain')",0,1,1
"('Jinx', ""Kha'Zix"", 'LeBlanc', 'Nasus', 'Rakan')",1,0,1
"('Diana', 'Jayce', 'Kalista', 'Skarner', 'Thresh')",1,0,1
"('Irelia', ""K'Sante"", ""Kai'Sa"", 'Leona', 'Nidalee')",1,0,1
"('Gwen', 'Jinx', 'Senna', 'Skarner', ""Vel'Koz"")",0,1,1
"('Ashe', 'Draven', 'Gwen', 'Lissandra', ""Rek'Sai"")",1,0,1
"('Camille', 'Neeko', 'Nilah', ""Rek'Sai"", 'Soraka')",1,0,1
"('Aurelion Sol', 'Cassiopeia', ""Kai'Sa"", 'Pyke', ""Rek'Sai"")",0,1,1
"('Aphelios', 'Camille', 'Janna', 'Lillia', 'Yasuo')",0,1,1
"('Gragas', 'Lucian', 'Qiyana', 'Seraphine', 'Viego')",0,1,1
"('Ahri', 'Karthus', 'Olaf', 'Seraphine', 'Zeri')",1,0,1
"('Galio', 'Nilah', 'Seraphine', 'Skarner', 'Viego')",1,0,1
"('Braum', 'Hwei', 'Jinx', 'Xin Zhao', 'Yone')",0,1,1
"('Corki', 'Jayce', 'Lillia', 'Poppy', 'Warwick')",1,0,1
"('Aphelios', 'Gragas', 'Rakan', 'Viktor', 'Xin Zhao')",0,1,1
"('Corki', 'Katarina', 'Neeko', ""Rek'Sai"", 'Yasuo')",0,1,1
"('Corki', 'Fiora', 'Lillia', 'Neeko', 'Yone')",0,1,1
"('Anivia', 'Aphelios', 'Pantheon', 'Rakan', 'Viego')",0,1,1
"('Hwei', 'Jhin', ""Rek'Sai"", 'Rell', 'Urgot')",1,0,1
"('Jax', 'Nautilus', ""Rek'Sai"", 'Samira', 'Zoe')",0,1,1
"('Galio', 'Jhin', 'Seraphine', 'Taliyah', 'Xin Zhao')",0,1,1
"('Corki', 'Katarina', 'Kennen', 'Nautilus', ""Rek'Sai"")",1,0,1
"('Jayce', ""Kai'Sa"", 'Rell', 'Taliyah', 'Ziggs')",0,1,1
"('Kalista', 'Lillia', 'Ryze', 'Thresh', 'Tristana')",1,0,1
"('Jayce', 'Nidalee', 'Nilah', 'Rakan', 'Rumble')",1,0,1
"('Ashe', 'Lucian', 'Nidalee', 'Renekton', 'Wukong')",1,0,1
"('Lee Sin', 'Maokai', 'Samira', 'Sejuani', 'Sylas')",1,0,1
"('Aatrox', 'Kindred', 'LeBlanc', 'Rell', 'Varus')",0,1,1
"('Alistar', 'Ashe', 'Karthus', 'Vayne', 'Viego')",1,0,1
"('Alistar', 'Dr. Mundo', 'Ezreal', 'Karthus', 'Tristana')",1,0,1
"('Blitzcrank', 'Corki', 'Jayce', ""Rek'Sai"", 'Taliyah')",1,0,1
"('Graves', ""Kai'Sa"", 'Nautilus', 'Skarner', 'Taliyah')",1,0,1
"('Karthus', 'Lucian', 'Nami', 'Skarner', 'Taliyah')",1,0,1
"('Draven', 'Rell', 'Renekton', 'Taliyah', 'Viego')",1,0,1
"('Irelia', 'Jayce', 'Nidalee', 'Rumble', 'Varus')",0,1,1
"('Ahri', ""Kog'Maw"", 'Lulu', 'Poppy', 'Renekton')",1,0,1
"('Lucian', 'Milio', ""Rek'Sai"", 'Vayne', 'Zoe')",1,0,1
"('Aphelios', 'Aurelion Sol', 'Dr. Mundo', ""Rek'Sai"", 'Thresh')",1,0,1
"('Aurelion Sol', 'Corki', 'Fiora', 'Nautilus', ""Rek'Sai"")",1,0,1
"('LeBlanc', ""Rek'Sai"", 'Renekton', 'Thresh', 'Zeri')",0,1,1
"('Ahri', 'Poppy', 'Twisted Fate', 'Vayne', 'Vi')",0,1,1
"(""Cho'Gath"", 'Nautilus', 'Samira', 'Tristana', 'Viego')",0,1,1
"('Gwen', 'Karma', 'Pyke', 'Twitch', 'Vi')",1,0,1
"('Ezreal', 'Karma', 'Pantheon', 'Sejuani', 'Yasuo')",1,0,1
"('Nidalee', 'Rakan', 'Renekton', 'Varus', 'Viego')",0,1,1
"('Hwei', 'Irelia', 'LeBlanc', 'Viego', 'Zeri')",0,1,1
"('Jayce', 'Jinx', 'Nidalee', 'Rell', 'Renekton')",0,1,1
"('Ashe', 'Elise', 'Poppy', 'Rumble', 'Talon')",1,0,1
"('Ashe', 'Lulu', 'Sylas', 'Udyr', 'Viego')",1,0,1
"('Alistar', 'Ekko', ""Kog'Maw"", 'Singed', 'Tristana')",0,1,1
"('Ekko', 'Ezreal', 'Hwei', 'Irelia', 'Tristana')",0,1,1
"('Camille', 'Draven', 'Fiora', 'Jayce', 'Nidalee')",0,1,1
"('Akshan', 'Lucian', 'Rengar', 'Rumble', 'Sona')",1,0,1
"('Annie', 'Ashe', 'Braum', 'Kindred', 'Malphite')",1,0,1
"('Pyke', 'Swain', 'Varus', 'Xin Zhao', 'Yone')",1,0,1
"('Hwei', 'Jhin', 'Ornn', 'Rengar', 'Xerath')",1,0,1
"('Ahri', 'Akali', 'Aphelios', 'Senna', 'Zac')",1,0,1
"('Cassiopeia', 'Corki', 'Draven', 'Lee Sin', 'Milio')",0,1,1
"('Ashe', 'LeBlanc', 'Seraphine', 'Skarner', 'Taliyah')",1,0,1
"('Alistar', 'Graves', 'Hwei', 'Sett', 'Swain')",0,1,1
"('Ashe', 'Ekko', 'Nautilus', 'Rengar', 'Swain')",0,1,1
"('Azir', ""Kai'Sa"", 'Mordekaiser', 'Thresh', 'Viego')",0,1,1
"('Camille', 'Fiddlesticks', 'Lucian', 'Nami', 'Tristana')",1,0,1
"('Jinx', 'Maokai', 'Neeko', 'Tryndamere', 'Viego')",1,0,1
"('Braum', 'Rumble', 'Taliyah', 'Tristana', 'Vayne')",1,0,1
"('Blitzcrank', 'Fiddlesticks', 'Galio', 'Jinx', 'Tristana')",1,0,1
"('Hwei', 'Lee Sin', 'Lucian', 'Rell', 'Rumble')",0,1,1
"('Blitzcrank', 'Graves', ""K'Sante"", 'Kalista', 'Vex')",1,0,1
"('Elise', ""K'Sante"", 'Lucian', 'Seraphine', 'Viego')",0,1,1
"('Ekko', 'Graves', ""K'Sante"", 'Pyke', 'Varus')",1,0,1
"('Corki', 'Jayce', 'Skarner', 'Soraka', 'Taliyah')",1,0,1
"('Draven', 'Jayce', 'Lillia', 'Nautilus', 'Pantheon')",0,1,1
"('Aatrox', 'Galio', 'Lucian', 'Viego', 'Zac')",0,1,1
"('Kalista', 'Nautilus', 'Skarner', 'Syndra', 'Viego')",1,0,1
"('Ahri', ""K'Sante"", 'Kindred', 'Smolder', 'Zyra')",0,1,1
"('Ashe', 'Rell', 'Rengar', 'Rumble', 'Tristana')",0,1,1
"('Alistar', 'Anivia', 'Ezreal', ""Kha'Zix"", 'Skarner')",0,1,1
"('Gwen', 'Jinx', ""Rek'Sai"", 'Sona', 'Sylas')",1,0,1
"('Elise', 'Kalista', 'Rumble', 'Senna', 'Tristana')",1,0,1
"('Ezreal', ""K'Sante"", 'Katarina', 'Pyke', ""Rek'Sai"")",1,0,1
"('Ezreal', 'Nidalee', 'Ornn', 'Seraphine', 'Tristana')",1,0,1
"(""Kai'Sa"", 'Nautilus', 'Shen', 'Taliyah', 'Yone')",1,0,1
"('Ashe', 'Lee Sin', 'Qiyana', 'Rumble', 'Varus')",0,1,1
"('Caitlyn', 'Lee Sin', 'Morgana', 'Rumble', 'Tryndamere')",1,0,1
"('Lillia', 'Poppy', 'Tristana', 'Varus', 'Warwick')",1,0,1
"('Ashe', 'Hwei', 'Katarina', 'Renekton', 'Sejuani')",1,0,1
"('Aatrox', 'Ashe', 'Fiddlesticks', 'Rakan', 'Taliyah')",0,1,1
"('Fiddlesticks', 'Illaoi', 'Jhin', 'Qiyana', 'Seraphine')",0,1,1
"('Blitzcrank', 'Jinx', 'Kindred', 'Rumble', 'Warwick')",0,1,1
"('Jayce', 'Seraphine', 'Skarner', 'Varus', 'Warwick')",1,0,1
"('Corki', 'Ivern', 'LeBlanc', 'Poppy', 'Warwick')",0,1,1
"('Ahri', 'Alistar', 'Ashe', 'Jax', 'Rengar')",0,1,1
"('Ekko', 'Rell', 'Swain', 'Tristana', 'Warwick')",0,1,1
"('Jinx', 'Rell', 'Sylas', 'Twisted Fate', 'Warwick')",0,1,1
"('Galio', 'Thresh', 'Varus', 'Viego', 'Warwick')",1,0,1
"('Hwei', 'Jhin', 'Renekton', 'Soraka', 'Viego')",0,1,1
"('Ashe', 'Jayce', 'Nidalee', 'Renekton', 'Taric')",1,0,1
"('Miss Fortune', 'Nautilus', 'Renekton', 'Syndra', 'Taliyah')",1,0,1
"('Ahri', ""K'Sante"", 'Lee Sin', 'Nilah', 'Rell')",1,0,1
"('Ashe', 'Brand', 'Camille', 'Jhin', 'Viego')",0,1,1
"('Corki', 'Jayce', 'Mordekaiser', 'Rell', 'Rumble')",1,0,1
"('Galio', 'Graves', 'Jinx', 'Mordekaiser', 'Nautilus')",1,0,1
"('Galio', 'Jhin', 'Karthus', 'Leona', 'Renekton')",1,0,1
"('Ashe', 'Lee Sin', 'Poppy', 'Rumble', 'Sylas')",1,0,1
"('Braum', 'Camille', 'Graves', 'Jinx', 'Zoe')",0,1,1
"('Ekko', ""Kai'Sa"", 'Rell', 'Rumble', 'Viego')",0,1,1
"('Azir', 'Qiyana', 'Soraka', 'Varus', 'Volibear')",0,1,1
"('Gnar', 'Graves', 'Lissandra', 'Rakan', 'Zeri')",1,0,1
"('Ekko', 'Jax', 'Nautilus', 'Twisted Fate', 'Varus')",1,0,1
"('Alistar', 'Corki', 'Taliyah', 'Twisted Fate', 'Vayne')",0,1,1
"('Rell', 'Samira', 'Skarner', 'Taliyah', 'Tristana')",1,0,1
"('Akali', 'Braum', 'Hecarim', 'Jinx', 'Viktor')",1,0,1
"('Caitlyn', 'Hwei', 'Illaoi', 'Nautilus', 'Xin Zhao')",1,0,1
"('Alistar', 'Aurelion Sol', 'Graves', 'Illaoi', ""Kai'Sa"")",1,0,1
"('Hwei', ""Kai'Sa"", 'Pyke', 'Skarner', 'Viego')",0,1,1
"('Ahri', 'Camille', 'Lucian', 'Olaf', 'Vi')",0,1,1
"('Diana', ""K'Sante"", 'Lucian', 'Nami', 'Nidalee')",1,0,1
"('Kalista', 'Kindred', 'LeBlanc', 'Nautilus', 'Twisted Fate')",1,0,1
"('Bard', 'Jhin', ""K'Sante"", ""Rek'Sai"", 'Taliyah')",1,0,1
"('Ashe', 'Corki', 'Jax', 'Jayce', 'Lillia')",0,1,1
"('Akali', 'Blitzcrank', 'Hecarim', 'Jayce', ""Kai'Sa"")",0,1,1
"('Ahri', 'Corki', 'Gwen', 'Lee Sin', 'Seraphine')",1,0,1
"('Alistar', 'Corki', 'Fiddlesticks', 'Tristana', 'Tryndamere')",1,0,1
"('Corki', 'Elise', 'Galio', 'Jax', 'Pyke')",0,1,1
"('Camille', 'Fiora', ""Kog'Maw"", 'Nidalee', 'Skarner')",0,1,1
"('Aatrox', 'Alistar', ""Kai'Sa"", 'Lillia', 'Qiyana')",1,0,1
"('LeBlanc', 'Malphite', 'Rell', 'Varus', 'Viego')",0,1,1
"('Ahri', 'Ashe', 'Skarner', 'Varus', 'Viego')",1,0,1
"('Akali', 'Jinx', 'Karma', 'Vex', 'Viego')",1,0,1
"('Irelia', 'Jinx', 'Nasus', 'Taliyah', 'Thresh')",0,1,1
"('Ashe', 'Corki', 'Fiora', 'Lillia', 'Seraphine')",0,1,1
"('Akali', 'Jayce', 'Jhin', 'Pyke', 'Vi')",0,1,1
"('Aatrox', 'Ashe', 'Lillia', 'Lux', 'Tristana')",1,0,1
"('Ezreal', 'Jayce', 'Renekton', 'Taliyah', 'Thresh')",0,1,1
"('Maokai', 'Taliyah', 'Varus', 'Viego', 'Yone')",1,0,1
"('Ashe', 'Braum', 'Nidalee', 'Ryze', 'Yone')",1,0,1
"('Jinx', 'Lulu', 'Sejuani', 'Vayne', 'Yone')",1,0,1
"('Corki', 'Graves', 'Hwei', 'Mordekaiser', 'Rakan')",1,0,1
"('Gangplank', 'Jhin', 'Lillia', 'Lucian', 'Thresh')",1,0,1
"('Akshan', 'Corki', 'Heimerdinger', 'Lillia', 'Zac')",1,0,1
"(""Kai'Sa"", 'Lillia', 'Pantheon', 'Renekton', 'Twisted Fate')",0,1,1
"('Graves', ""Kai'Sa"", 'Pyke', 'Shen', 'Taliyah')",0,1,1
"(""Kai'Sa"", 'Lillia', 'Lux', 'Qiyana', 'Ryze')",1,0,1
"('Camille', 'Fiddlesticks', 'Jayce', 'Twisted Fate', 'Twitch')",1,0,1
"('Camille', 'Fiddlesticks', 'Taliyah', 'Talon', 'Varus')",0,1,1
"('Alistar', ""Kai'Sa"", 'Taliyah', 'Yone', 'Zac')",1,0,1
"('Camille', 'Fiddlesticks', 'Jayce', 'Jhin', 'Tristana')",0,1,1
"('Aphelios', 'Nautilus', 'Renekton', 'Sylas', 'Viego')",0,1,1
"('Aphelios', 'Blitzcrank', 'Malzahar', 'Renekton', 'Viego')",0,1,1
"('Aphelios', 'Camille', 'Jayce', 'Lillia', 'Rell')",1,0,1
"('Aphelios', 'Nautilus', 'Pantheon', 'Renekton', 'Rumble')",1,0,1
"('Aphelios', ""Bel'Veth"", 'Camille', 'Neeko', 'Twisted Fate')",1,0,1
"('Aphelios', 'Gnar', 'Hwei', 'Thresh', 'Xin Zhao')",1,0,1
"('Akali', 'Ezreal', 'Jax', 'Swain', 'Viego')",0,1,1
"('Aurelion Sol', ""Kog'Maw"", 'Rakan', 'Renekton', 'Vi')",0,1,1
"('Corki', 'Graves', 'Varus', ""Vel'Koz"", 'Zed')",1,0,1
"('Bard', 'Corki', 'Jhin', ""K'Sante"", 'Taliyah')",0,1,1
"('Aurelion Sol', 'Camille', 'Jhin', 'Nautilus', 'Viego')",1,0,1
"('Braum', 'Graves', 'Gwen', 'Jinx', 'Lee Sin')",1,0,1
"('Bard', 'Jhin', 'Nidalee', 'Shen', 'Vi')",0,1,1
"('LeBlanc', 'Shen', 'Skarner', 'Varus', ""Vel'Koz"")",1,0,1
"('Annie', 'Aphelios', 'Kennen', 'Lee Sin', 'Thresh')",1,0,1
"('Ahri', 'Camille', 'Corki', ""Rek'Sai"", 'Renekton')",0,1,1
"('Draven', 'Nautilus', 'Nidalee', 'Skarner', 'Viego')",0,1,1
"('Aphelios', 'Corki', 'Elise', 'Lulu', 'Viktor')",1,0,1
"('Aphelios', 'Camille', 'Lee Sin', 'Sylas', 'Thresh')",0,1,1
"('Aphelios', 'Azir', 'Fiora', 'Lee Sin', 'Nautilus')",1,0,1
"('Bard', 'Ezreal', 'Kennen', 'Sylas', 'Udyr')",0,1,1
"('Corki', 'Mordekaiser', 'Nautilus', 'Taliyah', 'Viego')",1,0,1
"(""Kai'Sa"", 'Karthus', 'Mordekaiser', 'Pyke', 'Talon')",1,0,1
"('Aphelios', 'Aurelion Sol', 'Bard', 'Jax', 'Viego')",1,0,1
"('Camille', 'Corki', 'Fiora', 'Karthus', 'Tristana')",1,0,1
"('Jinx', 'Kennen', 'Lillia', 'Thresh', 'Tristana')",0,1,1
"('Corki', 'LeBlanc', 'Nautilus', 'Rumble', 'Viego')",1,0,1
"('Camille', 'Draven', 'Graves', 'Neeko', 'Taliyah')",0,1,1
"('Jhin', 'Karma', 'Lee Sin', 'Rumble', 'Tristana')",0,1,1
"('Heimerdinger', 'Jhin', 'Lee Sin', 'Maokai', 'Viego')",1,0,1
"('Corki', 'Fiddlesticks', 'Nautilus', 'Qiyana', ""Vel'Koz"")",1,0,1
"('Jayce', 'Jinx', 'Rumble', 'Yone', 'Zilean')",0,1,1
"('Corki', 'Jayce', ""Kai'Sa"", 'Nidalee', 'Thresh')",1,0,1
"('Aatrox', 'Jinx', 'Lillia', 'Thresh', 'Viktor')",0,1,1
"('Aphelios', 'Hwei', 'Illaoi', ""Rek'Sai"", 'Seraphine')",1,0,1
"('Caitlyn', 'Nidalee', 'Tryndamere', 'Yone', 'Zilean')",1,0,1
"('Graves', 'Heimerdinger', 'Jhin', 'Orianna', 'Viego')",1,0,1
"('Ashe', 'Jayce', 'Kalista', 'Nidalee', 'Tryndamere')",1,0,1
"('Ashe', 'Lillia', 'Lulu', 'Qiyana', 'Renekton')",1,0,1
"('Jinx', 'Kindred', 'Nautilus', 'Renekton', 'Syndra')",1,0,1
"('Graves', 'Gwen', 'Malzahar', 'Thresh', 'Varus')",0,1,1
"('Ashe', 'Gnar', 'Ivern', 'Rumble', 'Twisted Fate')",0,1,1
"('Camille', 'Draven', 'Hecarim', 'Nautilus', 'Twisted Fate')",0,1,1
"('Nautilus', 'Rumble', 'Samira', 'Taliyah', 'Talon')",1,0,1
"('Corki', 'Galio', 'Jax', 'Nautilus', 'Rumble')",0,1,1
"('Darius', 'Nautilus', 'Nidalee', 'Pyke', 'Zeri')",1,0,1
"('Gnar', 'LeBlanc', 'Lee Sin', 'Neeko', 'Tristana')",0,1,1
"(""Cho'Gath"", 'Ivern', 'Jax', 'Senna', 'Tristana')",0,1,1
"('Camille', 'Ezreal', 'Graves', 'Leona', 'Taliyah')",1,0,1
"('Akshan', 'Jhin', 'Nidalee', 'Rell', 'Sion')",0,1,1
"(""Kai'Sa"", 'Kennen', 'Nautilus', 'Twisted Fate', 'Viego')",1,0,1
"('Corki', 'Leona', 'Lillia', 'Pantheon', 'Tristana')",1,0,1
"('Alistar', 'Corki', 'Kled', 'Nidalee', 'Twisted Fate')",1,0,1
"('Aurelion Sol', 'Graves', ""K'Sante"", 'Kalista', 'Neeko')",0,1,1
"('Jayce', 'Maokai', 'Rengar', 'Senna', 'Sylas')",0,1,1
"('Fiddlesticks', 'Jax', 'Skarner', 'Smolder', 'Taliyah')",0,1,1
"('Fiddlesticks', 'Jax', 'Jhin', 'Nunu & Willump', 'Pyke')",1,0,1
"('Blitzcrank', 'Corki', ""K'Sante"", 'Katarina', 'Lillia')",1,0,1
"('Azir', 'Corki', 'Kennen', 'Pyke', ""Rek'Sai"")",1,0,1
"('Camille', 'Cassiopeia', 'Galio', 'Vayne', 'Viego')",1,0,1
"('Alistar', 'Hwei', 'Kindred', 'Tryndamere', 'Zeri')",0,1,1
"('Cassiopeia', 'Katarina', 'Leona', 'Lillia', 'Twisted Fate')",0,1,1
"('Blitzcrank', ""K'Sante"", ""Kai'Sa"", 'Kindred', 'Zoe')",1,0,1
"('Jinx', 'LeBlanc', 'Shen', 'Thresh', 'Vayne')",1,0,1
"('Aatrox', 'Akshan', 'Jinx', 'Nautilus', 'Nidalee')",1,0,1
"('Akshan', 'Ezreal', 'Lillia', 'Pantheon', 'Taric')",1,0,1
"('Akshan', 'Corki', 'Gnar', 'Lillia', 'Pyke')",1,0,1
"('Ezreal', 'Irelia', 'Lillia', 'Nautilus', 'Skarner')",0,1,1
"('Cassiopeia', 'Corki', 'Lux', 'Maokai', 'Yone')",1,0,1
"('Alistar', 'Jinx', 'Taliyah', 'Volibear', 'Yone')",1,0,1
"('Aurelion Sol', 'Corki', ""Kha'Zix"", 'Nautilus', 'Skarner')",1,0,1
"('Hwei', ""K'Sante"", 'Kindred', 'Nautilus', 'Ziggs')",1,0,1
"('Galio', 'Graves', 'Renata Glasc', 'Varus', 'Yone')",1,0,1
"('Corki', 'Syndra', 'Thresh', 'Twisted Fate', 'Xin Zhao')",0,1,1
"('Alistar', 'Corki', 'Lillia', 'Quinn', 'Varus')",0,1,1
"('Alistar', 'Corki', 'Lillia', 'Poppy', 'Viego')",0,1,1
"('Dr. Mundo', 'Draven', 'Graves', 'Rakan', 'Tristana')",0,1,1
"('Graves', 'Hwei', 'Jinx', ""K'Sante"", 'Taric')",1,0,1
"('Hwei', 'Jayce', 'Leona', 'Varus', 'Viego')",0,1,1
"('Camille', 'Hwei', 'Jinx', 'Nautilus', 'Taliyah')",1,0,1
"('Gragas', 'Leona', 'Taliyah', 'Varus', 'Yasuo')",0,1,1
"('Darius', 'Hwei', 'Jayce', 'Jinx', 'Nunu & Willump')",1,0,1
"('Camille', 'Corki', 'Jayce', 'Lillia', 'Sylas')",0,1,1
"('Aurelion Sol', 'Hwei', 'Jhin', 'Rengar', 'Volibear')",0,1,1
"('Elise', 'Kayn', 'Kennen', 'Orianna', 'Varus')",1,0,1
"('Annie', 'Corki', ""K'Sante"", 'Kindred', 'Rakan')",0,1,1
"('Jayce', 'Nidalee', 'Rakan', 'Varus', 'Volibear')",0,1,1
"('Camille', 'Corki', 'Galio', 'Rakan', 'Rengar')",0,1,1
"('Annie', 'Jinx', 'Nautilus', 'Skarner', 'Viego')",0,1,1
"('LeBlanc', 'Lillia', 'Lucian', 'Nami', 'Renekton')",1,0,1
"('Corki', 'Fiddlesticks', 'Jayce', 'Nautilus', 'Nocturne')",0,1,1
"('Camille', 'Galio', 'Lillia', 'Rell', 'Zeri')",0,1,1
"('Camille', ""Kai'Sa"", 'Katarina', 'Nidalee', 'Twisted Fate')",1,0,1
"('Jayce', 'Jhin', 'Lillia', 'Poppy', 'Rell')",0,1,1
"('Camille', 'Fiddlesticks', 'Jhin', 'Rakan', 'Smolder')",0,1,1
"('Mordekaiser', 'Orianna', 'Rell', 'Tristana', 'Viego')",0,1,1
"('Dr. Mundo', 'Lucian', 'Nami', 'Ryze', 'Xin Zhao')",1,0,1
"('Hwei', 'Jhin', 'Nautilus', 'Rumble', 'Viego')",0,1,1
"(""Kai'Sa"", 'Pyke', 'Sejuani', 'Skarner', 'Tristana')",0,1,1
"('Graves', 'Neeko', 'Varus', 'Warwick', 'Zoe')",0,1,1
"('Darius', 'Jax', 'Leona', 'Tristana', 'Ziggs')",1,0,1
"('Annie', 'Braum', 'Draven', 'Graves', 'Viego')",0,1,1
"('Alistar', 'Cassiopeia', 'Hecarim', 'Renekton', 'Zoe')",0,1,1
"('Corki', 'Karthus', 'Neeko', 'Twisted Fate', 'Yone')",1,0,1
"('Corki', 'Nautilus', 'Poppy', 'Skarner', 'Taliyah')",1,0,1
"('Corki', 'Gragas', 'Hwei', 'Rell', 'Viego')",1,0,1
"('Camille', 'Karthus', 'Lucian', 'Nami', 'Tristana')",1,0,1
"('Darius', 'Hwei', ""Kai'Sa"", 'Milio', 'Sejuani')",0,1,1
"('Akali', 'Corki', 'Nautilus', 'Rumble', 'Xin Zhao')",1,0,1
"('Ahri', 'Corki', 'Talon', 'Thresh', 'Warwick')",1,0,1
"('Aatrox', 'Alistar', 'Hwei', 'Lucian', 'Nidalee')",0,1,1
"('Azir', 'Corki', 'Kindred', 'Rakan', 'Skarner')",0,1,1
"('Akali', 'Corki', 'Kindred', 'Mordekaiser', 'Nautilus')",0,1,1
"('Camille', ""Kai'Sa"", 'Rell', 'Sejuani', 'Taliyah')",1,0,1
"('Gragas', 'Hwei', 'Kindred', 'Lucian', 'Rell')",0,1,1
"('Corki', 'Nautilus', 'Sett', 'Vi', 'Ziggs')",1,0,1
"('Pantheon', 'Rell', 'Samira', 'Sejuani', 'Syndra')",0,1,1
"('Camille', 'Darius', 'Ekko', 'Jayce', 'Varus')",1,0,1
"('Alistar', 'Taliyah', 'Tristana', 'Vladimir', 'Zeri')",1,0,1
"('Kennen', 'Lee Sin', 'Rell', 'Samira', 'Syndra')",1,0,1
"('Leona', 'Nilah', 'Sylas', 'Volibear', 'Yasuo')",1,0,1
"('Aatrox', 'Hwei', 'Senna', 'Tahm Kench', 'Talon')",0,1,1
"('Corki', 'Draven', 'Fiora', 'Gragas', 'Nautilus')",0,1,1
"('Azir', 'Camille', 'Corki', 'Graves', 'Nautilus')",0,1,1
"('Jinx', 'Kayn', 'Rakan', ""Rek'Sai"", 'Smolder')",1,0,1
"('Corki', ""Kai'Sa"", 'Lillia', 'Rell', 'Vayne')",1,0,1
"('Jax', ""Kai'Sa"", 'LeBlanc', 'Lee Sin', 'Pyke')",0,1,1
"('Akali', 'Leona', 'Twitch', 'Vi', 'Warwick')",0,1,1
"('Fiora', 'Nautilus', 'Nidalee', 'Samira', 'Twisted Fate')",1,0,1
"('Corki', 'Fiora', 'Katarina', 'Olaf', 'Rumble')",1,0,1
"('Corki', 'Irelia', 'Nautilus', 'Taliyah', 'Viego')",1,0,1
"('Alistar', 'Azir', 'Camille', 'Graves', 'Jinx')",0,1,1
"('Aphelios', 'Gwen', 'Karma', 'Kindred', 'Rell')",0,1,1
"('Brand', 'Corki', ""K'Sante"", 'Leona', 'Pantheon')",1,0,1
"('Alistar', 'Jayce', ""Kai'Sa"", 'Nidalee', 'Skarner')",1,0,1
"('Ashe', 'Graves', 'Heimerdinger', 'Hwei', 'Poppy')",1,0,1
"('Heimerdinger', 'Jhin', 'Nunu & Willump', 'Skarner', 'Zed')",1,0,1
"('Hwei', 'Jayce', 'Jinx', 'Nautilus', 'Taliyah')",0,1,1
"('Jax', 'Lucian', 'Lux', 'Milio', 'Viego')",1,0,1
"('Hwei', 'Irelia', 'Nidalee', 'Skarner', 'Varus')",1,0,1
"('Hwei', 'Jinx', 'Lee Sin', 'Rell', 'Renekton')",0,1,1
"('Aphelios', 'Blitzcrank', 'Kindred', 'Olaf', 'Orianna')",0,1,1
"('Alistar', 'Corki', 'Jinx', ""K'Sante"", 'Nidalee')",0,1,1
"('Ekko', 'Jinx', ""K'Sante"", 'Rakan', 'Viego')",1,0,1
"('Akali', ""Kai'Sa"", ""Kha'Zix"", 'Rell', 'Sett')",0,1,1
"('Alistar', 'Cassiopeia', 'Garen', 'Graves', 'Zac')",1,0,1
"('Lucian', 'Orianna', 'Pyke', 'Vayne', 'Volibear')",0,1,1
"('Jinx', 'Kayle', 'Nunu & Willump', 'Rell', 'Yone')",1,0,1
"('Graves', 'Hwei', 'Jayce', 'Lucian', 'Nami')",0,1,1
"('Aphelios', 'Corki', 'Nidalee', 'Rell', 'Renekton')",1,0,1
"('Akali', 'Akshan', 'Jinx', 'Rell', 'Viego')",0,1,1
"('Aatrox', 'Galio', 'Jinx', 'Lee Sin', 'Rakan')",0,1,1
"('Jinx', 'Lee Sin', 'Malphite', 'Nautilus', 'Zoe')",0,1,1
"('Corki', 'Nasus', 'Rell', 'Rumble', 'Skarner')",1,0,1
"('Aatrox', 'Ashe', 'Braum', 'Karthus', 'Tristana')",1,0,1
"('Irelia', 'Jayce', 'Jhin', 'Nidalee', 'Rumble')",1,0,1
"(""Kai'Sa"", 'Kindred', 'Rell', 'Sylas', 'Zoe')",1,0,1
"('Akshan', ""Bel'Veth"", 'Kennen', 'Nautilus', 'Zeri')",1,0,1
"('Aatrox', 'Jinx', 'Lulu', ""Rek'Sai"", 'Zoe')",1,0,1
"('Hwei', 'Kled', 'Lillia', 'Varus', 'Zoe')",1,0,1
"('Ashe', 'Braum', 'Lee Sin', 'Quinn', 'Zoe')",1,0,1
"('Alistar', 'Ashe', 'Renekton', 'Taliyah', 'Yone')",1,0,1
"('Camille', 'Galio', 'Jinx', 'Shaco', 'Twisted Fate')",1,0,1
"('Ezreal', 'Lillia', 'Poppy', 'Pyke', 'Tristana')",0,1,1
"('Irelia', 'Nautilus', 'Nidalee', 'Samira', 'Tryndamere')",0,1,1
"('Braum', 'Hecarim', 'Katarina', 'Skarner', 'Zeri')",1,0,1
"('Alistar', 'Jhin', 'Skarner', 'Taliyah', 'Viego')",0,1,1
"('Ahri', ""Kha'Zix"", 'Rakan', 'Twisted Fate', 'Zeri')",1,0,1
"('Karthus', 'Lucian', 'Nautilus', 'Twisted Fate', 'Zac')",1,0,1
"('Ashe', 'Illaoi', 'Nautilus', 'Nidalee', 'Yone')",1,0,1
"('Ahri', 'Camille', 'Jhin', 'Renekton', 'Xin Zhao')",0,1,1
"('Alistar', ""Kai'Sa"", 'Kled', 'Twisted Fate', 'Viego')",0,1,1
"('Ashe', ""Bel'Veth"", 'Malzahar', 'Swain', 'Twisted Fate')",1,0,1
"('Braum', 'Irelia', 'Nidalee', 'Yasuo', 'Zeri')",1,0,1
"('Gragas', 'Lillia', 'Mordekaiser', 'Yone', 'Zeri')",0,1,1
"('Gragas', 'Gwen', 'Udyr', 'Yone', 'Zeri')",0,1,1
"('Aurelion Sol', 'Hwei', ""Kha'Zix"", 'Yuumi', 'Zeri')",1,0,1
"('Ahri', 'Gwen', ""Kai'Sa"", 'Skarner', 'Thresh')",1,0,1
"('Ashe', 'Caitlyn', 'Irelia', 'Jax', 'Kindred')",0,1,1
"('Aurelion Sol', 'Corki', ""K'Sante"", 'Lee Sin', 'Thresh')",1,0,1
"('Dr. Mundo', ""Kog'Maw"", 'Pantheon', 'Taliyah', 'Twisted Fate')",0,1,1
"('Dr. Mundo', 'Draven', 'Skarner', 'Taliyah', 'Tristana')",0,1,1
"('Alistar', 'Ashe', 'Darius', 'Gragas', 'Zed')",1,0,1
"('Jhin', 'Neeko', 'Renekton', 'Taliyah', 'Yone')",1,0,1
"('Jax', 'Kalista', 'Rell', 'Taliyah', 'Yone')",1,0,1
"(""Kai'Sa"", 'LeBlanc', 'Nautilus', 'Rumble', 'Viego')",0,1,1
"('Corki', 'Fiora', 'Jax', 'Smolder', 'Taliyah')",1,0,1
"(""K'Sante"", 'Nocturne', 'Taliyah', 'Thresh', 'Zeri')",1,0,1
"('Ashe', 'Braum', 'Gragas', 'Shen', 'Tristana')",0,1,1
"('Akali', 'Jayce', 'Kalista', 'Taliyah', 'Thresh')",1,0,1
"('Corki', 'Hwei', 'Jax', ""Kha'Zix"", 'Rell')",1,0,1
"('Alistar', 'Aphelios', 'Jayce', 'Taliyah', 'Tristana')",0,1,1
"('Dr. Mundo', 'Jinx', 'Taliyah', 'Thresh', 'Tristana')",1,0,1
"('Anivia', 'Heimerdinger', 'Lulu', 'Viego', 'Zeri')",0,1,1
"('Heimerdinger', 'Seraphine', 'Viego', 'Yone', 'Zeri')",1,0,1
"('Ashe', 'Braum', 'Camille', 'Fizz', 'Lee Sin')",1,0,1
"('Ashe', 'Braum', 'Galio', 'Viego', 'Vladimir')",0,1,1
"('Braum', 'Camille', 'Hwei', 'Jinx', 'Viego')",0,1,1
"(""Kai'Sa"", 'Kennen', 'Rell', 'Taliyah', 'Twisted Fate')",0,1,1
"('Lillia', 'Pyke', 'Renekton', 'Samira', 'Talon')",1,0,1
"('Aatrox', 'Rengar', 'Smolder', 'Soraka', 'Zoe')",0,1,1
"('Briar', 'Hwei', 'Jayce', ""K'Sante"", 'Varus')",1,0,1
"('Blitzcrank', 'Cassiopeia', 'Corki', 'Diana', 'Tristana')",0,1,1
"('Ahri', 'Rakan', 'Twisted Fate', 'Varus', 'Vi')",0,1,1
"('Ahri', 'Aphelios', ""Rek'Sai"", 'Skarner', 'Soraka')",0,1,1
"('Ahri', 'Blitzcrank', 'Jax', 'Jhin', 'Ryze')",0,1,1
"('Corki', 'Lillia', 'Pyke', 'Tristana', 'Warwick')",0,1,1
"('Ahri', ""Bel'Veth"", 'Pantheon', 'Seraphine', 'Varus')",0,1,1
"('Akali', 'Gnar', 'Rell', 'Varus', 'Xin Zhao')",1,0,1
"('Aphelios', 'Lee Sin', ""Rek'Sai"", 'Renekton', 'Taliyah')",1,0,1
"('Draven', 'Kennen', 'Taliyah', 'Thresh', 'Viego')",1,0,1
"('Jax', ""Kai'Sa"", 'Nautilus', 'Sejuani', 'Yasuo')",1,0,1
"('Braum', 'Rengar', 'Twisted Fate', 'Viktor', 'Zeri')",0,1,1
"('Elise', 'Lucian', 'Nami', 'Skarner', 'Zoe')",1,0,1
"('Nautilus', 'Nocturne', 'Volibear', 'Zeri', 'Zoe')",1,0,1
"('Corki', 'Kled', 'Viego', 'Zoe', 'Zyra')",0,1,1
"('Aatrox', 'Blitzcrank', 'Smolder', 'Xin Zhao', 'Zoe')",1,0,1
"('Camille', 'Hecarim', 'Rakan', 'Sivir', 'Zoe')",0,1,1
"('Ashe', 'LeBlanc', 'Lee Sin', 'Renata Glasc', 'Rengar')",1,0,1
"('Gnar', ""Kai'Sa"", 'Orianna', 'Rakan', 'Viego')",0,1,1
"('Cassiopeia', 'Kindred', 'Leona', 'Malphite', 'Twisted Fate')",1,0,1
"('Jax', ""Kai'Sa"", 'Katarina', 'Nunu & Willump', 'Rumble')",1,0,1
"('Darius', 'Pyke', 'Taliyah', 'Tristana', 'Zeri')",1,0,1
"('Camille', 'Hwei', 'Tryndamere', ""Vel'Koz"", 'Viego')",1,0,1
"(""Kai'Sa"", 'Orianna', 'Pantheon', 'Rell', 'Vi')",0,1,1
"('Azir', 'Heimerdinger', 'Nautilus', 'Vayne', 'Viego')",0,1,1
"('Galio', 'Graves', 'Seraphine', 'Skarner', 'Varus')",1,0,1
"('Akshan', 'Rell', 'Talon', 'Zac', 'Ziggs')",1,0,1
"('Ashe', 'Hwei', 'Illaoi', 'Skarner', 'Viego')",1,0,1
"('Akshan', ""Kai'Sa"", 'Lillia', 'Rumble', 'Zed')",1,0,1
"('Jinx', 'Katarina', 'Leona', 'Nunu & Willump', ""Rek'Sai"")",1,0,1
"('Corki', 'Galio', 'Gwen', 'Nautilus', 'Viego')",1,0,1
"('Akshan', 'Gwen', ""Rek'Sai"", 'Senna', 'Tahm Kench')",0,1,1
"('Akshan', 'Corki', 'Kayn', 'Rumble', 'Thresh')",0,1,1
"('Graves', 'Jhin', 'Poppy', 'Skarner', 'Twisted Fate')",1,0,1
"('Camille', 'Corki', 'Ekko', 'Lissandra', 'Warwick')",0,1,1
"('Jax', 'Jinx', 'Nunu & Willump', 'Thresh', 'Zoe')",1,0,1
"('Nidalee', 'Rell', 'Ryze', 'Samira', 'Skarner')",1,0,1
"('Annie', 'Aphelios', 'Kindred', 'Pyke', 'Warwick')",1,0,1
"('Alistar', 'Ashe', 'Ekko', 'Graves', 'Rumble')",0,1,1
"('Camille', 'Irelia', 'Lillia', 'Varus', 'Yone')",1,0,1
"('Ezreal', 'Seraphine', 'Taric', 'Twisted Fate', 'Yone')",1,0,1
"('Ahri', 'Bard', 'Caitlyn', 'Skarner', 'Yasuo')",1,0,1
"('Azir', ""Kha'Zix"", 'Seraphine', 'Skarner', 'Smolder')",0,1,1
"('Cassiopeia', 'Graves', 'Rakan', 'Tristana', 'Udyr')",1,0,1
"('Ashe', 'Renekton', 'Tristana', ""Vel'Koz"", 'Viego')",0,1,1
"('Braum', 'Jinx', 'Lux', 'Wukong', 'Zac')",1,0,1
"('Dr. Mundo', 'Jinx', 'Katarina', 'Lulu', 'Zac')",1,0,1
"('Jayce', 'Karma', 'Xerath', 'Zac', 'Zeri')",1,0,1
"('Galio', ""Kai'Sa"", 'Nasus', 'Tristana', 'Zac')",1,0,1
"('Miss Fortune', 'Nautilus', 'Skarner', 'Viego', 'Xerath')",1,0,1
"('Blitzcrank', 'Viego', 'Vladimir', 'Xerath', 'Zeri')",1,0,1
"('Cassiopeia', 'Leona', 'Renekton', 'Skarner', 'Tristana')",0,1,1
"('Camille', 'Galio', 'Miss Fortune', 'Neeko', 'Vi')",0,1,1
"('Draven', 'Nautilus', 'Sion', 'Skarner', 'Taliyah')",0,1,1
"('Cassiopeia', 'Corki', 'Elise', 'Sylas', 'Viego')",1,0,1
"('Bard', 'Camille', 'Neeko', 'Nidalee', 'Varus')",0,1,1
"('Caitlyn', 'Rakan', 'Skarner', 'Sylas', 'Viego')",0,1,1
"('Ashe', 'Caitlyn', 'Gwen', 'Taliyah', 'Yasuo')",1,0,1
"('Ahri', 'Lee Sin', 'Nautilus', 'Pantheon', 'Zeri')",0,1,1
"('Ahri', 'Jax', 'Soraka', 'Varus', 'Viego')",0,1,1
"('Heimerdinger', 'Kled', 'Nunu & Willump', 'Thresh', 'Tristana')",1,0,1
"('Gragas', ""K'Sante"", 'Seraphine', 'Tristana', 'Varus')",0,1,1
"('Cassiopeia', 'Galio', ""Kog'Maw"", 'Seraphine', 'Vi')",1,0,1
"('Ashe', 'Irelia', 'Kindred', 'Lulu', ""Vel'Koz"")",1,0,1
"('Aatrox', 'Ahri', 'Ashe', 'Nautilus', 'Vi')",1,0,1
"('Corki', ""Rek'Sai"", 'Skarner', 'Taliyah', 'Thresh')",0,1,1
"('Akali', 'Ashe', 'Jax', 'Lee Sin', 'Seraphine')",1,0,1
"('Ahri', 'Alistar', 'Cassiopeia', 'Irelia', 'Kindred')",1,0,1
"('Ahri', 'Ashe', ""Rek'Sai"", 'Riven', 'Seraphine')",1,0,1
"('Ahri', 'Jinx', 'Nautilus', 'Renekton', 'Taliyah')",1,0,1
"('Ahri', 'Akshan', 'Ashe', 'Camille', 'Graves')",1,0,1
"('Ahri', 'Alistar', ""Kai'Sa"", 'Viego', 'Warwick')",0,1,1
"('Camille', 'Hwei', 'Jarvan IV', 'Seraphine', 'Zeri')",1,0,1
"('Corki', 'Ekko', 'Renekton', 'Rengar', 'Seraphine')",1,0,1
"('Brand', 'Ezreal', 'Fiora', 'Irelia', 'Seraphine')",1,0,1
"('Ahri', 'Aphelios', 'Irelia', 'Rakan', 'Zac')",0,1,1
"('Corki', 'Jax', 'Lucian', 'Seraphine', 'Taliyah')",0,1,1
"('Heimerdinger', 'Hwei', 'Jax', 'Seraphine', 'Xin Zhao')",0,1,1
"('Ahri', 'Blitzcrank', 'Darius', 'Draven', 'Taliyah')",1,0,1
"('Ashe', 'Graves', 'Hwei', 'Seraphine', 'Twisted Fate')",0,1,1
"('Gragas', ""Kai'Sa"", 'Kindred', 'Nautilus', 'Twisted Fate')",0,1,1
"('Akali', 'Kennen', 'Lee Sin', 'Nautilus', 'Varus')",1,0,1
"('Blitzcrank', 'Hwei', 'Kennen', ""Kha'Zix"", 'Miss Fortune')",0,1,1
"('Braum', 'Caitlyn', 'Fiddlesticks', ""K'Sante"", 'Tristana')",1,0,1
"('Bard', 'Jarvan IV', 'Jhin', 'Viktor', 'Wukong')",0,1,1
"('Fiora', 'Graves', 'Pyke', 'Sivir', 'Zoe')",1,0,1
"('Fiora', 'Jayce', 'Nautilus', 'Nidalee', 'Varus')",0,1,1
"('Akali', 'Akshan', 'Nautilus', 'Udyr', 'Varus')",0,1,1
"('Akshan', ""Bel'Veth"", 'Caitlyn', 'Kennen', 'Nautilus')",1,0,1
"('Ashe', 'Karthus', 'Pyke', 'Skarner', 'Zed')",1,0,1
"('Ahri', 'Blitzcrank', 'Kalista', 'Rumble', 'Viego')",0,1,1
"('Aphelios', 'Diana', 'Jax', 'Thresh', 'Viego')",1,0,1
"('Akali', 'Ashe', 'Braum', 'Jayce', 'Lee Sin')",0,1,1
"(""Kai'Sa"", 'Nautilus', 'Taliyah', 'Twisted Fate', 'Yone')",1,0,1
"('Akshan', 'Corki', 'Master Yi', 'Morgana', 'Singed')",1,0,1
"('Hwei', 'Irelia', ""Kai'Sa"", 'Nautilus', 'Rengar')",0,1,1
"('Aurelion Sol', 'Camille', 'Ezreal', 'Graves', 'Karma')",1,0,1
"('Aatrox', 'Ahri', 'Jinx', 'Nautilus', 'Viego')",0,1,1
"('Camille', 'Gragas', 'Lillia', 'Lucian', 'Yone')",0,1,1
"('Lucian', 'Nidalee', 'Twisted Fate', 'Yone', 'Yuumi')",0,1,1
"('Blitzcrank', 'Hwei', 'Master Yi', 'Twisted Fate', 'Varus')",0,1,1
"('Camille', 'Cassiopeia', 'Nunu & Willump', 'Pantheon', 'Yasuo')",1,0,1
"('Fiddlesticks', 'Hecarim', 'Maokai', 'Tristana', 'Twisted Fate')",0,1,1
"('Blitzcrank', ""Kai'Sa"", 'Kindred', 'Orianna', 'Twisted Fate')",1,0,1
"('Hecarim', ""Kai'Sa"", 'Lee Sin', 'Twisted Fate', 'Zilean')",1,0,1
"('Braum', 'LeBlanc', 'Lee Sin', 'Twisted Fate', 'Zeri')",1,0,1
"('Jhin', ""Kha'Zix"", 'Smolder', 'Sylas', 'Twisted Fate')",1,0,1
"('Corki', 'Nautilus', 'Twisted Fate', 'Zeri', 'Zyra')",1,0,1
"('Graves', 'Jhin', 'Skarner', 'Syndra', 'Taliyah')",1,0,1
"(""Kai'Sa"", 'Pyke', 'Rumble', 'Twisted Fate', 'Yone')",0,1,1
"('Corki', 'Graves', 'Hwei', 'Irelia', 'Senna')",0,1,1
"('Nautilus', 'Senna', 'Taliyah', 'Tristana', 'Yasuo')",0,1,1
"('Alistar', 'Corki', 'Jayce', 'Taliyah', 'Viego')",1,0,1
"(""Bel'Veth"", 'Galio', ""Kai'Sa"", 'Neeko', 'Sejuani')",1,0,1
"('Camille', 'Draven', 'Neeko', 'Skarner', 'Xin Zhao')",0,1,1
"('Alistar', 'Draven', 'Lee Sin', 'Neeko', 'Volibear')",0,1,1
"('Ashe', 'Lee Sin', 'Malphite', 'Nidalee', 'Varus')",0,1,1
"('Camille', 'Corki', 'Hwei', 'Kindred', 'Malphite')",1,0,1
"(""K'Sante"", 'Lucian', 'Malphite', 'Milio', 'Viego')",0,1,1
"('Caitlyn', 'Jayce', 'Lux', 'Neeko', 'Taliyah')",0,1,1
"('Irelia', 'Nunu & Willump', 'Senna', 'Talon', ""Vel'Koz"")",1,0,1
"('Jinx', 'Riven', 'Seraphine', 'Taliyah', 'Xin Zhao')",0,1,1
"(""Kai'Sa"", 'Karthus', 'Taric', 'Viego', 'Vladimir')",0,1,1
"('Akshan', 'Jax', 'Jinx', 'Lillia', 'Rell')",1,0,1
"('Camille', 'Hwei', 'Kalista', 'Skarner', 'Taliyah')",1,0,1
"('Dr. Mundo', 'Galio', 'Heimerdinger', 'Kindred', 'Seraphine')",0,1,1
"('Aurelion Sol', 'Caitlyn', 'Nautilus', 'Taliyah', 'Urgot')",0,1,1
"('Lillia', 'Qiyana', 'Rakan', 'Skarner', 'Zeri')",1,0,1
"(""Kai'Sa"", 'Karthus', 'Rakan', 'Viego', 'Yone')",0,1,1
"('Camille', 'Fiora', ""Kai'Sa"", 'Taliyah', 'Viego')",0,1,1
"('Draven', 'Graves', 'Heimerdinger', 'Hwei', 'Thresh')",0,1,1
"('Jinx', ""K'Sante"", 'Neeko', 'Thresh', 'Viego')",1,0,1
"('Gwen', 'Lissandra', 'Nautilus', 'Senna', 'Viego')",0,1,1
"('Aphelios', 'Katarina', 'Poppy', ""Rek'Sai"", 'Skarner')",1,0,1
"('Cassiopeia', 'Jhin', 'Pantheon', 'Yasuo', 'Zyra')",1,0,1
"(""Kog'Maw"", ""Rek'Sai"", 'Rumble', 'Varus', 'Vayne')",0,1,1
"('Hwei', ""K'Sante"", 'Nautilus', ""Vel'Koz"", 'Viego')",0,1,1
"('Blitzcrank', 'Jax', 'Skarner', 'Xayah', 'Yone')",0,1,1
"('Caitlyn', 'Neeko', 'Renekton', 'Talon', 'Twisted Fate')",1,0,1
"('Karthus', 'Leona', 'Tristana', 'Varus', 'Yorick')",1,0,1
"('Alistar', 'Jinx', 'Ryze', 'Sylas', 'Viego')",1,0,1
"('Corki', 'Lillia', 'Nautilus', 'Yone', 'Zac')",1,0,1
"('Corki', 'Nautilus', 'Renekton', 'Taliyah', 'Yasuo')",0,1,1
"('Illaoi', 'Jinx', 'Nautilus', 'Tristana', 'Viego')",1,0,1
"('Ashe', 'Kennen', 'Lillia', 'Nautilus', 'Tristana')",0,1,1
"('Aatrox', 'Corki', ""Kai'Sa"", 'Pyke', 'Taliyah')",0,1,1
"('Akshan', 'Corki', ""K'Sante"", 'Morgana', 'Taliyah')",1,0,1
"('Hwei', 'Jinx', 'Nautilus', 'Skarner', 'Viego')",1,0,1
"('Ashe', 'Hwei', 'Nautilus', 'Viego', 'Vladimir')",1,0,1
"('Leona', 'Seraphine', 'Viego', 'Xerath', 'Zac')",1,0,1
"('Draven', 'Orianna', 'Rell', 'Viego', 'Volibear')",1,0,1
"('Corki', 'Gwen', 'Rell', 'Samira', 'Taliyah')",1,0,1
"('Corki', 'Hwei', 'Jinx', 'Rakan', 'Viego')",0,1,1
"('Cassiopeia', 'Graves', 'LeBlanc', 'Nautilus', 'Olaf')",1,0,1
"('Caitlyn', 'Hwei', ""Kha'Zix"", 'Lux', 'Skarner')",1,0,1
"('Corki', 'Gragas', 'Rell', 'Renekton', 'Tristana')",1,0,1
"('Kalista', 'Rell', 'Viego', 'Vladimir', 'Yasuo')",0,1,1
"('Caitlyn', 'Corki', ""Kha'Zix"", 'Lux', 'Rumble')",0,1,1
"('Aurelion Sol', 'Jinx', 'Lee Sin', 'Lulu', 'Rumble')",0,1,1
"('Galio', 'Jax', ""Kha'Zix"", 'Pyke', 'Tristana')",1,0,1
"('Caitlyn', 'Gwen', 'Hwei', 'Morgana', 'Viego')",1,0,1
"('Ahri', 'Fiddlesticks', 'Jax', ""Kai'Sa"", 'Pyke')",0,1,1
"('Camille', 'Kindred', 'Rakan', 'Sivir', 'Vex')",0,1,1
"('Akshan', ""Kog'Maw"", 'Lillia', 'Thresh', 'Twisted Fate')",1,0,1
"('Caitlyn', 'Kennen', 'Lillia', 'Nautilus', 'Qiyana')",0,1,1
"('Blitzcrank', 'Corki', 'Karthus', 'Kled', 'Tristana')",0,1,1
"('Alistar', 'Brand', 'Irelia', ""Kai'Sa"", 'Quinn')",0,1,1
"('Jayce', ""Kai'Sa"", 'Rumble', 'Viego', 'Zoe')",0,1,1
"('Graves', 'Hwei', 'Jax', 'Jinx', 'Leona')",1,0,1
"('Ekko', 'Ornn', 'Senna', 'Tahm Kench', 'Tristana')",1,0,1
"('Ashe', 'Braum', 'Camille', 'LeBlanc', 'Vi')",0,1,1
"('Cassiopeia', 'Draven', 'Leona', 'Vex', 'Viego')",0,1,1
"('Ashe', 'Azir', 'Maokai', 'Pantheon', 'Skarner')",0,1,1
"('Galio', 'Jhin', 'Kindred', 'Pantheon', 'Senna')",1,0,1
"('Galio', 'Malphite', 'Pantheon', 'Skarner', 'Zeri')",1,0,1
"('Ahri', 'Dr. Mundo', 'Jinx', 'Nautilus', 'Pantheon')",1,0,1
"('Cassiopeia', 'Pantheon', 'Pyke', 'Tryndamere', 'Zed')",1,0,1
"('Graves', 'Hwei', 'Illaoi', 'LeBlanc', 'Varus')",0,1,1
"('Aurelion Sol', 'Graves', 'Rell', 'Riven', 'Varus')",0,1,1
"('Cassiopeia', 'Jhin', 'Neeko', 'Taliyah', 'Tristana')",0,1,1
"('Cassiopeia', 'LeBlanc', 'Lucian', 'Nami', 'Viego')",1,0,1
"('Bard', 'Mordekaiser', 'Syndra', 'Varus', 'Viego')",0,1,1
"('Azir', 'Corki', 'Pyke', 'Renekton', 'Xin Zhao')",1,0,1
"('Alistar', 'Corki', 'Jayce', 'Sylas', 'Yone')",1,0,1
"('Corki', 'Hwei', 'Lee Sin', 'Seraphine', 'Warwick')",0,1,1
"('Braum', 'Hwei', 'Lee Sin', 'Ryze', 'Twitch')",1,0,1
"('Cassiopeia', 'Rumble', 'Tristana', 'Varus', 'Xin Zhao')",1,0,1
"('Dr. Mundo', 'Ezreal', 'LeBlanc', 'Neeko', 'Skarner')",1,0,1
"('Corki', 'Nautilus', 'Renekton', 'Senna', 'Taliyah')",0,1,1
"('Akali', 'Gragas', 'Jhin', 'Thresh', 'Viego')",1,0,1
"('Aatrox', 'Corki', 'Morgana', 'Nidalee', 'Tristana')",0,1,1
"('Camille', 'Jax', ""Kai'Sa"", 'Lillia', 'Zed')",0,1,1
"('Aphelios', 'Hwei', 'Jax', 'Lee Sin', 'Nautilus')",0,1,1
"('Camille', 'Kalista', 'LeBlanc', 'Renekton', 'Viego')",0,1,1
"('Heimerdinger', 'Jax', 'Seraphine', 'Talon', 'Tristana')",1,0,1
"('Ivern', ""Kai'Sa"", 'Lee Sin', 'Pyke', 'Tristana')",0,1,1
"('Alistar', 'Graves', 'Rumble', 'Tristana', 'Varus')",0,1,1
"('Corki', 'Jax', 'Rakan', 'Taliyah', ""Vel'Koz"")",1,0,1
"('Hwei', 'Jinx', ""K'Sante"", 'Rell', 'Viego')",0,1,1
"('Caitlyn', 'Gragas', 'Hwei', 'Kindred', 'Thresh')",0,1,1
"('Gragas', 'Kayn', 'Poppy', 'Yasuo', 'Zeri')",0,1,1
"('Alistar', 'Jinx', 'Kindred', 'Rumble', 'Taliyah')",1,0,1
"('LeBlanc', 'Lulu', 'Nidalee', 'Riven', 'Zeri')",0,1,1
"('Jinx', 'Nautilus', 'Taliyah', 'Viego', 'Warwick')",1,0,1
"('Ashe', 'Azir', 'Karma', 'Nunu & Willump', 'Warwick')",1,0,1
"('Cassiopeia', 'Graves', 'Malphite', 'Nautilus', 'Zeri')",0,1,1
"('Ashe', 'Orianna', 'Rakan', 'Rengar', 'Xin Zhao')",1,0,1
"('Blitzcrank', 'Dr. Mundo', ""Kai'Sa"", 'Taliyah', 'Yasuo')",1,0,1
"('Gragas', 'Hwei', 'Jayce', 'Udyr', 'Varus')",1,0,1
"('Azir', 'Gnar', 'Jinx', 'Kindred', 'Thresh')",0,1,1
"('Akali', 'Bard', 'Caitlyn', 'Vladimir', 'Xin Zhao')",1,0,1
"('Graves', ""Kai'Sa"", 'Neeko', 'Rell', 'Rumble')",1,0,1
"('Alistar', 'Diana', ""Kai'Sa"", 'Lee Sin', 'Yasuo')",0,1,1
"('Hwei', 'Jayce', 'Varus', 'Xin Zhao', 'Zyra')",1,0,1
"('Ahri', 'Jhin', 'Leona', 'Skarner', 'Volibear')",0,1,1
"(""Bel'Veth"", 'Miss Fortune', 'Seraphine', 'Taliyah', 'Twisted Fate')",1,0,1
"(""Kai'Sa"", 'Nautilus', 'Pantheon', 'Rengar', 'Taliyah')",1,0,1
"('Ahri', ""Kai'Sa"", 'Kennen', 'Rell', 'Viego')",0,1,1
"('Akali', 'Jax', 'Jinx', 'Malphite', 'Milio')",0,1,1
"('Caitlyn', 'Hwei', 'Jax', 'Kindred', 'Zyra')",1,0,1
"('Jhin', 'Malzahar', 'Nunu & Willump', 'Rell', 'Vayne')",1,0,1
"(""K'Sante"", ""Kog'Maw"", 'Milio', 'Olaf', 'Taliyah')",1,0,1
"('Ashe', 'Darius', 'Nautilus', 'Nidalee', 'Tristana')",0,1,1
"('Alistar', 'Brand', 'Corki', 'Jayce', 'Kled')",0,1,1
"('Braum', 'Corki', 'Dr. Mundo', 'Taliyah', 'Varus')",0,1,1
"('Blitzcrank', 'LeBlanc', 'Malphite', 'Varus', 'Viego')",0,1,1
"('Cassiopeia', 'Riven', 'Sylas', 'Varus', 'Xin Zhao')",0,1,1
"('Ashe', 'Gragas', 'Lux', 'Riven', 'Talon')",1,0,1
"('Hwei', 'Lee Sin', 'Rakan', 'Riven', 'Zeri')",1,0,1
"('Jinx', 'Nautilus', 'Nidalee', 'Tristana', 'Twisted Fate')",0,1,1
"('Corki', 'Lillia', 'Rell', 'Renekton', 'Sylas')",1,0,1
"('Corki', 'Gwen', 'Nautilus', 'Tristana', 'Xin Zhao')",1,0,1
"('Alistar', ""Kai'Sa"", 'Lee Sin', 'Neeko', 'Rumble')",0,1,1
"('Bard', 'Corki', 'Malphite', 'Taliyah', 'Vi')",0,1,1
"('Corki', 'Nidalee', 'Rumble', 'Yasuo', 'Zyra')",0,1,1
"('Corki', 'Kled', 'Rengar', 'Skarner', 'Syndra')",0,1,1
"('Hwei', 'Jhin', 'Pyke', 'Riven', 'Viego')",0,1,1
"('Akshan', 'Caitlyn', 'Rengar', 'Sylas', 'Thresh')",0,1,1
"(""Kai'Sa"", 'Poppy', 'Qiyana', 'Skarner', 'Taliyah')",1,0,1
"('Braum', 'Caitlyn', ""K'Sante"", 'Lillia', 'Viego')",1,0,1
"('Illaoi', ""Kai'Sa"", 'Nautilus', 'Pantheon', 'Taliyah')",1,0,1
"('Lee Sin', 'Rakan', 'Rumble', 'Syndra', 'Zeri')",1,0,1
"('Ezreal', 'Gwen', 'Lee Sin', 'Leona', 'Taliyah')",0,1,1
"('Aatrox', 'Ashe', 'Gragas', 'Nautilus', 'Yasuo')",0,1,1
"('Cassiopeia', 'Hecarim', 'Lux', 'Zed', 'Zeri')",0,1,1
"('Alistar', 'Ashe', 'Hecarim', 'Kled', 'Twisted Fate')",1,0,1
"('Akali', 'Blitzcrank', 'Hecarim', 'Renekton', 'Tristana')",1,0,1
"('Hecarim', 'Hwei', ""Kai'Sa"", 'Nautilus', 'Viego')",1,0,1
"('Ashe', 'Braum', 'Gragas', 'Hecarim', 'Katarina')",1,0,1
"('Jinx', 'Lee Sin', 'Ornn', 'Taric', 'Zoe')",0,1,1
"('Aatrox', 'Ahri', ""Kai'Sa"", 'Sett', 'Zac')",1,0,1
"('Corki', 'Fiddlesticks', 'Gnar', ""Kai'Sa"", 'Nautilus')",0,1,1
"('Galio', 'Hecarim', 'Rakan', 'Vayne', 'Zeri')",0,1,1
"('Ahri', 'Graves', 'Rakan', 'Sejuani', 'Yasuo')",0,1,1
"('Aphelios', ""K'Sante"", 'Katarina', 'Kindred', 'Nautilus')",0,1,1
"('Nilah', 'Rell', 'Skarner', 'Syndra', 'Xin Zhao')",0,1,1
"('Kayn', 'LeBlanc', 'Lucian', 'Shen', 'Sona')",1,0,1
"('Hwei', 'Jinx', 'Viego', 'Wukong', 'Zoe')",0,1,1
"('Cassiopeia', 'Hwei', ""Kai'Sa"", 'Kindred', 'Nautilus')",1,0,1
"('Aphelios', ""K'Sante"", 'Nautilus', 'Nunu & Willump', 'Tristana')",0,1,1
"('Draven', 'Hecarim', 'Katarina', 'Pyke', 'Riven')",1,0,1
"('Ahri', 'Akshan', 'Darius', 'Hecarim', 'Rell')",0,1,1
"('Gnar', ""Kai'Sa"", ""Kha'Zix"", 'Rakan', 'Xerath')",0,1,1
"('Lucian', 'Nami', 'Nidalee', 'Vayne', 'Vex')",1,0,1
"('Akshan', 'Lucian', 'Nidalee', 'Pantheon', 'Sion')",0,1,1
"('Jhin', 'Maokai', 'Nidalee', 'Sett', 'Tristana')",1,0,1
"(""K'Sante"", 'Rell', 'Sylas', 'Tristana', 'Xayah')",1,0,1
"('Ahri', 'Aphelios', 'Lee Sin', 'Nautilus', 'Twisted Fate')",0,1,1
"('Alistar', 'Ashe', 'Neeko', 'Sejuani', 'Viego')",0,1,1
"('Aatrox', 'Corki', 'Taliyah', 'Varus', 'Zyra')",1,0,1
"('Alistar', 'Cassiopeia', 'Nasus', 'Samira', 'Viego')",0,1,1
"('Aphelios', 'Camille', 'Corki', 'Vayne', 'Zac')",0,1,1
"('Alistar', 'Fiora', 'Hecarim', ""Kai'Sa"", 'Xerath')",1,0,1
"('Gwen', 'Hwei', 'Jinx', ""Rek'Sai"", 'Thresh')",0,1,1
"('Ashe', 'Braum', 'Diana', 'Jayce', 'Nidalee')",0,1,1
"('Hwei', 'Ornn', 'Senna', 'Skarner', 'Viego')",1,0,1
"('Aatrox', 'Hwei', 'Jinx', 'Thresh', 'Viego')",1,0,1
"('Aatrox', 'Fiddlesticks', 'Jinx', 'Rakan', 'Tristana')",1,0,1
"('Hwei', ""Kha'Zix"", ""Kog'Maw"", 'Renata Glasc', 'Varus')",0,1,1
"('Azir', 'Braum', ""K'Sante"", 'Lee Sin', 'Varus')",0,1,1
"(""Kai'Sa"", ""Kha'Zix"", 'Orianna', 'Rakan', 'Riven')",1,0,1
"('Hwei', 'Rakan', 'Riven', 'Viego', 'Xayah')",1,0,1
"('Jinx', 'Kayn', 'Leona', 'Rumble', 'Taliyah')",0,1,1
"('Jhin', 'Nautilus', 'Riven', 'Taliyah', 'Twisted Fate')",0,1,1
"('Camille', 'Draven', 'Nunu & Willump', 'Skarner', 'Tristana')",1,0,1
"('Camille', 'Draven', 'Galio', 'Orianna', 'Xin Zhao')",1,0,1
"('Darius', 'Kayn', 'Taliyah', 'Taric', 'Tristana')",1,0,1
"('Akali', 'Gwen', ""Kai'Sa"", 'Lee Sin', 'Neeko')",0,1,1
"('Ahri', ""K'Sante"", ""Kai'Sa"", 'Rakan', 'Viego')",1,0,1
"('Jayce', 'Jinx', 'Orianna', 'Taliyah', 'Thresh')",0,1,1
"(""Kai'Sa"", 'Lillia', 'Nasus', 'Pyke', 'Tristana')",1,0,1
"('Aphelios', 'Cassiopeia', 'Karthus', 'Rell', 'Tristana')",0,1,1
"('Bard', 'Caitlyn', 'Riven', 'Taliyah', 'Tristana')",0,1,1
"('Camille', 'Cassiopeia', ""Kai'Sa"", 'Rengar', 'Yasuo')",0,1,1
"('Aphelios', 'Hecarim', 'Hwei', ""K'Sante"", 'Rell')",1,0,1
"('Rakan', 'Sejuani', 'Twitch', 'Warwick', 'Yasuo')",1,0,1
"('Akali', 'Ashe', 'Gragas', 'Hecarim', 'Rakan')",0,1,1
"('Gragas', 'Hecarim', 'Jinx', 'Lulu', 'Taliyah')",1,0,1
"('Galio', 'Hecarim', 'Jhin', 'Neeko', 'Olaf')",1,0,1
"('Aatrox', 'Aphelios', 'Aurelion Sol', 'Hecarim', 'Rell')",0,1,1
"('Hecarim', 'Hwei', 'Nautilus', 'Varus', 'Vayne')",1,0,1
"('Azir', 'Nautilus', 'Skarner', 'Varus', 'Yone')",0,1,1
"('Gragas', 'Hwei', 'Jinx', 'Kindred', 'Taric')",0,1,1
"('Aphelios', 'Hwei', 'Lee Sin', 'Thresh', 'Tryndamere')",1,0,1
"('Gragas', 'Hwei', 'Jhin', 'Kindred', 'Pyke')",0,1,1
"('Lillia', 'Lucian', 'Rumble', 'Sona', 'Yasuo')",1,0,1
"('Caitlyn', 'Camille', 'Nami', 'Sejuani', 'Yasuo')",1,0,1
"('Ashe', ""Bel'Veth"", 'Kennen', 'Taliyah', 'Varus')",1,0,1
"('Fiddlesticks', 'Jayce', 'Jinx', 'Thresh', 'Tristana')",0,1,1
"('Ashe', 'Cassiopeia', 'Smolder', 'Varus', 'Zac')",0,1,1
"('Azir', 'Galio', 'Lee Sin', 'Lucian', 'Nami')",1,0,1
"('Caitlyn', 'Heimerdinger', 'Poppy', 'Shen', 'Taliyah')",1,0,1
"('Azir', 'Lee Sin', 'Rumble', 'Skarner', 'Varus')",0,1,1
"('Graves', 'Jhin', 'Nautilus', 'Udyr', 'Yone')",0,1,1
"('Braum', 'Cassiopeia', 'Jax', ""Kog'Maw"", 'Rumble')",0,1,1
"('Ashe', 'Jax', 'Pantheon', 'Seraphine', 'Taliyah')",0,1,1
"(""Kog'Maw"", 'Lillia', 'Nautilus', 'Tristana', 'Varus')",0,1,1
"('Caitlyn', 'Pyke', 'Shaco', 'Twisted Fate', 'Vayne')",1,0,1
"('Aatrox', 'Hwei', 'Kindred', 'Swain', 'Varus')",0,1,1
"('Jinx', 'Lillia', 'Nautilus', 'Tristana', 'Twisted Fate')",1,0,1
"('Jinx', ""K'Sante"", 'Rumble', 'Thresh', 'Tristana')",0,1,1
"('Akshan', 'Hecarim', 'Kennen', 'Nautilus', ""Vel'Koz"")",1,0,1
"('Diana', 'Hecarim', ""Kai'Sa"", 'Lee Sin', 'Rakan')",0,1,1
"('Kalista', 'Karthus', 'Nasus', 'Thresh', 'Zed')",1,0,1
"('Aatrox', 'Draven', 'Galio', 'Lillia', 'Nautilus')",1,0,1
"('Lulu', 'Nidalee', 'Sejuani', 'Tristana', 'Twitch')",1,0,1
"('Corki', 'Nunu & Willump', 'Rell', 'Volibear', 'Zeri')",1,0,1
"('Akshan', 'Jhin', 'Lee Sin', 'Rell', 'Twisted Fate')",0,1,1
"(""Kha'Zix"", 'Nautilus', 'Samira', 'Skarner', 'Twisted Fate')",0,1,1
"('Braum', 'Ezreal', 'Gnar', 'Lillia', 'Yasuo')",1,0,1
"('Fizz', 'Graves', 'Olaf', 'Sona', 'Varus')",1,0,1
"('Aphelios', 'Graves', 'Heimerdinger', 'Seraphine', 'Tristana')",0,1,1
"('Jhin', 'Lillia', 'Rell', 'Sett', 'Tristana')",0,1,1
"('Blitzcrank', 'Corki', 'Jax', ""Kai'Sa"", 'Karthus')",0,1,1
"('Jinx', 'LeBlanc', 'Lillia', 'Nautilus', 'Renekton')",0,1,1
"('Ashe', 'Lillia', 'Rakan', 'Zac', 'Zed')",0,1,1
"('Ashe', 'Graves', 'Jax', 'Rakan', 'Xerath')",0,1,1
"('Brand', 'Jhin', 'Quinn', 'Skarner', 'Twisted Fate')",0,1,1
"('Aatrox', 'Corki', 'Graves', 'Rell', 'Syndra')",0,1,1
"('Graves', ""Kai'Sa"", 'Nautilus', 'Renekton', 'Taliyah')",0,1,1
"('Aatrox', 'Anivia', 'Lucian', 'Nami', 'Viego')",0,1,1
"('Ashe', 'Jax', 'Pantheon', 'Sejuani', 'Taliyah')",0,1,1
"('Gwen', 'Hwei', 'Nautilus', 'Ornn', 'Twitch')",0,1,1
"('Ashe', 'Fiora', 'Hecarim', 'Orianna', 'Taric')",1,0,1
"(""K'Sante"", 'Rell', 'Taliyah', 'Varus', 'Yasuo')",0,1,1
"('Hecarim', 'Jinx', 'Katarina', 'Renekton', 'Thresh')",1,0,1
"('Draven', 'Hecarim', 'Nautilus', 'Rumble', 'Twisted Fate')",0,1,1
"('Corki', 'Fiddlesticks', 'Graves', 'Skarner', 'Thresh')",1,0,1
"('Alistar', 'Anivia', 'Jinx', ""Kha'Zix"", ""Rek'Sai"")",1,0,1
"('Garen', 'Jhin', ""K'Sante"", 'Nidalee', 'Rakan')",1,0,1
"('Akali', 'Graves', 'Jinx', 'Olaf', 'Thresh')",1,0,1
"('Lucian', 'Malzahar', 'Nidalee', 'Senna', 'Skarner')",1,0,1
"('Draven', 'Graves', 'Lissandra', 'Poppy', 'Pyke')",1,0,1
"('Jax', 'Jhin', 'Karma', 'Nunu & Willump', 'Tristana')",1,0,1
"('Blitzcrank', 'Cassiopeia', 'Kalista', 'Ryze', 'Vi')",1,0,1
"('Akali', 'Lillia', 'Pyke', 'Tristana', 'Varus')",1,0,1
"('Hwei', 'Lulu', 'Ornn', 'Twitch', 'Xin Zhao')",0,1,1
"('Akali', 'Ashe', 'Karthus', 'Rell', 'Shen')",1,0,1
"('Ashe', 'Draven', 'Nidalee', 'Renekton', 'Twisted Fate')",0,1,1
"('Akshan', 'Ashe', 'Jax', 'Nidalee', 'Twitch')",0,1,1
"('Corki', 'Nautilus', 'Renekton', 'Taliyah', 'Twitch')",0,1,1
"('Diana', 'Gnar', 'Rakan', 'Viego', 'Zeri')",1,0,1
"('Braum', 'Corki', 'Gragas', 'Graves', 'Taliyah')",1,0,1
"('Ashe', 'Maokai', 'Thresh', 'Twisted Fate', 'Yasuo')",0,1,1
"('Camille', 'Jhin', ""K'Sante"", 'Taliyah', 'Talon')",0,1,1
"('Jhin', 'Leona', 'Nidalee', 'Poppy', 'Tristana')",0,1,1
"('Cassiopeia', 'Corki', 'Diana', 'Jax', 'Rakan')",1,0,1
"('Ashe', 'Diana', 'Heimerdinger', 'Nidalee', 'Renekton')",1,0,1
"('Diana', 'Ezreal', 'Fiora', 'Rakan', 'Rengar')",1,0,1
"('Camille', 'Draven', 'Gragas', 'Hwei', 'Yuumi')",1,0,1
"('Braum', 'Corki', 'Diana', 'Lee Sin', 'Udyr')",1,0,1
"('Diana', 'Jinx', 'Nidalee', 'Skarner', 'Thresh')",1,0,1
"('Diana', 'Fiora', 'Rumble', 'Varus', 'Vi')",0,1,1
"('Blitzcrank', 'Diana', 'Fiddlesticks', ""Kai'Sa"", 'Urgot')",1,0,1
"('Diana', 'Jinx', 'Sett', 'Thresh', 'Viego')",1,0,1
"('Diana', 'Ezreal', 'Jax', 'Leona', 'Viego')",0,1,1
"('Galio', ""Kai'Sa"", 'Nautilus', 'Nocturne', ""Rek'Sai"")",1,0,1
"(""Bel'Veth"", 'Blitzcrank', 'Orianna', 'Twisted Fate', 'Twitch')",0,1,1
"('Diana', 'Jayce', ""Kai'Sa"", 'Olaf', 'Pyke')",1,0,1
"('Fiora', ""Kai'Sa"", 'Nidalee', 'Rakan', 'Viego')",0,1,1
"('Diana', 'Leona', 'Skarner', 'Tristana', 'Varus')",0,1,1
"('Alistar', 'Ashe', 'Gragas', 'Nidalee', 'Tristana')",1,0,1
"('Kalista', 'Leona', 'Lillia', 'Warwick', 'Yone')",0,1,1
"('Ashe', 'Jayce', 'Lillia', 'Nautilus', 'Warwick')",1,0,1
"('Heimerdinger', 'Irelia', 'Jhin', 'Sylas', 'Warwick')",1,0,1
"(""Kai'Sa"", 'LeBlanc', 'Poppy', 'Viego', 'Warwick')",0,1,1
"('Diana', 'Nasus', 'Nautilus', 'Samira', 'Talon')",1,0,1
"('Camille', 'Jinx', 'Katarina', 'Seraphine', 'Talon')",1,0,1
"('Jax', ""Kai'Sa"", 'Rell', 'Taliyah', 'Talon')",0,1,1
"('Corki', 'Jax', 'Lucian', 'Nami', 'Talon')",0,1,1
"('Brand', 'Draven', 'Gragas', 'Poppy', 'Talon')",1,0,1
"('Garen', 'Lucian', 'Nami', 'Talon', 'Zoe')",1,0,1
"('Ahri', ""K'Sante"", 'Talon', 'Thresh', 'Tristana')",1,0,1
"('Jinx', 'Nidalee', 'Orianna', 'Thresh', 'Warwick')",0,1,1
"('Aatrox', 'Ekko', 'Lulu', 'Udyr', 'Zeri')",1,0,1
"('Lucian', 'Maokai', 'Nautilus', 'Tristana', 'Warwick')",0,1,1
"('Akshan', 'Corki', 'Nautilus', 'Poppy', 'Taliyah')",0,1,1
"('Corki', 'Hwei', 'Poppy', 'Renekton', 'Xin Zhao')",0,1,1
"('Ahri', 'Kindred', 'Lucian', 'Nami', 'Warwick')",0,1,1
"('Blitzcrank', 'Hecarim', 'Malphite', 'Poppy', 'Samira')",1,0,1
"(""K'Sante"", 'Sona', 'Taliyah', 'Warwick', 'Zeri')",0,1,1
"('Ashe', 'Gnar', 'Poppy', 'Taliyah', 'Thresh')",0,1,1
"('Jayce', 'Jinx', 'Seraphine', 'Taliyah', 'Twisted Fate')",1,0,1
"('Akshan', 'Alistar', 'Skarner', 'Taliyah', 'Varus')",1,0,1
"('Hwei', 'Jhin', 'Lillia', 'Nautilus', 'Olaf')",1,0,1
"('Aphelios', 'Camille', ""Kha'Zix"", 'Rell', 'Twisted Fate')",0,1,1
"('Hwei', 'Jayce', ""Kai'Sa"", 'Rakan', 'Vi')",1,0,1
"('Ashe', 'Fiora', 'Nunu & Willump', 'Seraphine', 'Tristana')",1,0,1
"('Jayce', 'Jinx', 'LeBlanc', 'Lee Sin', 'Lulu')",0,1,1
"('Camille', 'Diana', 'Jinx', 'Karthus', 'Rell')",0,1,1
"('Alistar', 'Annie', 'Taliyah', 'Varus', 'Yasuo')",0,1,1
"('Cassiopeia', 'Graves', ""K'Sante"", 'Kalista', 'Nautilus')",1,0,1
"('Draven', 'Ekko', 'Nautilus', 'Teemo', 'Yone')",0,1,1
"(""Kha'Zix"", 'Lucian', 'Nami', 'Tryndamere', 'Yasuo')",1,0,1
"(""Kai'Sa"", 'Rakan', 'Tryndamere', 'Viego', 'Viktor')",0,1,1
"('Brand', 'Jayce', 'Kalista', 'Kayle', 'Skarner')",1,0,1
"('Jinx', 'Neeko', 'Renekton', 'Thresh', 'Viego')",1,0,1
"('Ashe', 'Nidalee', 'Orianna', 'Qiyana', 'Warwick')",0,1,1
"('Akali', ""Kai'Sa"", 'Rell', 'Rumble', 'Viego')",1,0,1
"(""Kai'Sa"", 'Lee Sin', 'Rell', 'Skarner', 'Sylas')",1,0,1
"('Akali', 'Corki', 'Nunu & Willump', 'Rakan', 'Twisted Fate')",1,0,1
"('Fiora', 'Jayce', 'Miss Fortune', 'Nidalee', 'Rell')",1,0,1
"('Hwei', 'Jayce', ""Kai'Sa"", 'Nautilus', 'Viego')",0,1,1
"('Caitlyn', 'Graves', 'Jayce', 'Karma', 'Zoe')",0,1,1
"('Blitzcrank', 'Jax', 'Rengar', 'Taliyah', 'Varus')",1,0,1
"('Ashe', 'Caitlyn', 'Riven', 'Taliyah', 'Tristana')",0,1,1
"('Akshan', 'Jhin', 'Kindred', 'Seraphine', 'Vladimir')",1,0,1
"('Gragas', ""Kai'Sa"", 'Lillia', 'Pantheon', 'Rell')",1,0,1
"('Akali', 'Camille', 'Kindred', 'Varus', 'Zyra')",0,1,1
"('Ashe', 'Rengar', 'Rumble', 'Sylas', 'Tristana')",0,1,1
"('Gangplank', 'Jinx', 'Lillia', 'Tristana', 'Zoe')",0,1,1
"('Diana', 'Gnar', ""Kai'Sa"", 'Kennen', 'Viego')",1,0,1
"('Darius', ""Kai'Sa"", 'Kindred', 'Seraphine', 'Syndra')",1,0,1
"('Camille', 'Hecarim', 'Hwei', 'Milio', 'Varus')",0,1,1
"('Akshan', ""K'Sante"", 'Nautilus', 'Samira', 'Taliyah')",0,1,1
"('Ezreal', 'Jax', 'Pyke', 'Rengar', 'Twisted Fate')",1,0,1
"('Jayce', 'Nautilus', 'Samira', 'Sylas', 'Taliyah')",0,1,1
"('Akshan', 'Heimerdinger', 'Jinx', 'Pyke', 'Viego')",0,1,1
"('Akshan', 'Jhin', 'Lee Sin', 'Pyke', 'Rumble')",1,0,1
"('Ashe', 'Corki', 'Kindred', 'Kled', 'LeBlanc')",0,1,1
"('Akali', 'Ashe', 'Jayce', 'Pyke', ""Rek'Sai"")",0,1,1
"('Elise', 'Nasus', 'Pantheon', 'Senna', 'Varus')",1,0,1
"('Corki', 'Kennen', 'Rell', 'Talon', 'Varus')",0,1,1
"('Ashe', 'Maokai', 'Orianna', 'Rumble', 'Talon')",1,0,1
"('Braum', 'Jinx', 'Lillia', 'Poppy', 'Yasuo')",0,1,1
"('Akshan', 'Maokai', 'Nidalee', 'Senna', 'Vayne')",0,1,1
"('Corki', 'Fizz', 'Jax', 'Nautilus', 'Rumble')",0,1,1
"('Irelia', 'Karthus', 'Nautilus', 'Viego', 'Zeri')",1,0,1
"('Blitzcrank', 'Corki', 'Renekton', 'Viego', 'Zoe')",1,0,1
"('Jinx', 'Lillia', 'Nautilus', 'Renekton', 'Yone')",1,0,1
"('Jinx', 'Nidalee', 'Rell', 'Twisted Fate', 'Yorick')",1,0,1
"('Anivia', 'Dr. Mundo', 'Nautilus', 'Varus', 'Viego')",0,1,1
"('Jinx', 'LeBlanc', 'Pyke', 'Rengar', 'Tryndamere')",1,0,1
"('Corki', 'Jinx', 'Leona', 'Lillia', 'Volibear')",1,0,1
"('Darius', 'Graves', 'Jinx', 'Taric', 'Zoe')",1,0,1
"('Irelia', 'Lillia', 'Nautilus', 'Samira', 'Twisted Fate')",1,0,1
"('Corki', 'Jhin', 'Nautilus', 'Olaf', 'Sylas')",0,1,1
"('Akali', ""Kai'Sa"", 'Lee Sin', 'Leona', 'Rumble')",1,0,1
"('Jax', ""Kai'Sa"", 'Katarina', 'Maokai', 'Rumble')",0,1,1
"('Aatrox', 'Gwen', 'Katarina', 'Lulu', 'Zeri')",1,0,1
"('Ashe', 'Camille', 'Galio', 'Katarina', 'Shaco')",1,0,1
"('Katarina', 'Lee Sin', 'Pyke', 'Twisted Fate', 'Twitch')",0,1,1
"('Corki', 'Garen', 'Katarina', 'Nautilus', 'Nidalee')",0,1,1
"('Aphelios', 'Hwei', 'Jax', 'Pantheon', 'Seraphine')",0,1,1
"('Akali', 'Camille', 'Leona', ""Rek'Sai"", 'Zeri')",1,0,1
"('Ahri', 'Camille', 'Nautilus', 'Varus', 'Wukong')",1,0,1
"('Galio', 'Jinx', 'Kennen', 'Skarner', 'Thresh')",0,1,1
"('Aphelios', 'Gnar', 'Lee Sin', 'Rell', 'Taliyah')",0,1,1
"('Kindred', 'Malzahar', 'Pyke', 'Renekton', 'Varus')",1,0,1
"('Aphelios', 'Lillia', 'Neeko', 'Pantheon', 'Rakan')",0,1,1
"('Akshan', 'Jinx', 'Nautilus', 'Nidalee', 'Pantheon')",1,0,1
"('Gragas', 'Jinx', 'Kennen', 'Kindred', 'Thresh')",1,0,1
"('Galio', 'Kindred', 'Sett', 'Shaco', 'Varus')",0,1,1
"('Ashe', 'Braum', 'Mordekaiser', ""Rek'Sai"", 'Twisted Fate')",1,0,1
"('Miss Fortune', 'Renekton', 'Taliyah', 'Thresh', 'Tristana')",0,1,1
"('Ezreal', 'Fiora', 'Karma', 'Malzahar', 'Skarner')",1,0,1
"('Corki', 'Draven', 'Gwen', 'Nautilus', 'Skarner')",1,0,1
"('Galio', 'Jayce', ""Kai'Sa"", 'Malzahar', 'Skarner')",0,1,1
"('Lillia', 'Nautilus', 'Tristana', 'Varus', 'Wukong')",0,1,1
"('Bard', ""Kai'Sa"", 'Malphite', 'Qiyana', 'Skarner')",1,0,1
"('Aurelion Sol', 'Caitlyn', 'Jax', 'Pyke', 'Skarner')",1,0,1
"('Camille', 'Corki', 'Hwei', 'Nautilus', 'Skarner')",1,0,1
"('Ashe', 'Gragas', 'LeBlanc', 'Nautilus', 'Skarner')",0,1,1
"('Blitzcrank', 'Katarina', 'Lucian', ""Rek'Sai"", 'Rumble')",0,1,1
"('Jayce', 'Jinx', 'Katarina', 'Kled', 'Rammus')",0,1,1
"('Hwei', 'Olaf', ""Rek'Sai"", 'Rumble', 'Zeri')",1,0,1
"('Hwei', 'Jhin', 'Nautilus', 'Renekton', 'Viego')",1,0,1
"('Akshan', 'Ashe', 'Diana', 'Seraphine', 'Skarner')",1,0,1
"('Camille', 'Fiddlesticks', ""Kai'Sa"", 'Rell', 'Twisted Fate')",1,0,1
"('Lissandra', 'Ornn', 'Sona', 'Taliyah', 'Zeri')",0,1,1
"('Jinx', 'Nidalee', 'Poppy', 'Syndra', 'Wukong')",0,1,1
"(""Kog'Maw"", 'Lulu', 'Rumble', 'Talon', 'Viego')",1,0,1
"('Alistar', 'Camille', 'Graves', ""Kai'Sa"", 'Karma')",1,0,1
"('Ashe', 'Jax', 'Karma', 'Nidalee', 'Tristana')",1,0,1
"('Caitlyn', 'Hwei', 'Jarvan IV', 'Rumble', 'Viego')",0,1,1
"('Kennen', 'Kindred', 'Rell', 'Twisted Fate', 'Varus')",0,1,1
"('Jax', 'Jinx', 'Rell', 'Taliyah', 'Yasuo')",0,1,1
"('Aurelion Sol', 'Camille', 'Ezreal', 'Lee Sin', 'Rakan')",1,0,1
"('Caitlyn', 'Kennen', 'Lux', 'Nidalee', 'Sejuani')",1,0,1
"('Ashe', 'Blitzcrank', 'Hwei', 'Viego', 'Warwick')",1,0,1
"('Cassiopeia', 'Jinx', 'Nidalee', 'Thresh', 'Volibear')",1,0,1
"('Ashe', 'Braum', ""Kha'Zix"", 'Skarner', 'Zoe')",1,0,1
"('Kennen', 'Leona', 'Varus', 'Vex', 'Viego')",1,0,1
"('Aphelios', 'Nautilus', 'Rumble', 'Talon', 'Tristana')",1,0,1
"('Camille', 'Galio', 'Jinx', 'Olaf', 'Thresh')",1,0,1
"('Ashe', 'Katarina', 'Lillia', 'Poppy', 'Seraphine')",0,1,1
"('Graves', 'Jinx', 'Renekton', 'Seraphine', 'Sylas')",1,0,1
"('Leona', 'Nidalee', 'Qiyana', 'Varus', 'Ziggs')",1,0,1
"('Aurelion Sol', 'Hecarim', ""Kai'Sa"", 'Nautilus', 'Skarner')",1,0,1
"('Ahri', 'Hwei', 'Jayce', 'Taliyah', 'Zeri')",1,0,1
"(""Kai'Sa"", 'Nautilus', 'Rumble', 'Shaco', 'Zed')",1,0,1
"('Brand', 'Braum', 'Ezreal', 'Pantheon', 'Skarner')",1,0,1
"('Ahri', 'Fiora', 'Graves', 'Jinx', 'Nautilus')",0,1,1
"('Gnar', 'Hwei', ""Kai'Sa"", 'Pyke', 'Viego')",1,0,1
"('Ashe', 'Hwei', 'Leona', 'Skarner', 'Viego')",0,1,1
"('Ahri', 'Corki', 'Graves', 'Gwen', 'Nautilus')",1,0,1
"('Alistar', 'Gnar', 'Kled', 'Lillia', 'Samira')",1,0,1
"('Ashe', 'Irelia', 'Nunu & Willump', 'Seraphine', 'Viktor')",1,0,1
"('Nautilus', 'Rumble', 'Samira', 'Twisted Fate', 'Xin Zhao')",1,0,1
"('Camille', 'Fiddlesticks', 'Jhin', 'Neeko', 'Twisted Fate')",1,0,1
"('Fizz', 'Jinx', 'Nautilus', ""Rek'Sai"", 'Skarner')",1,0,1
"('Alistar', 'Azir', 'Ezreal', 'Graves', 'Jax')",1,0,1
"('Corki', 'Jax', 'Orianna', 'Rell', 'Vayne')",0,1,1
"('Alistar', 'Ashe', 'Camille', 'Jayce', 'Lillia')",1,0,1
"('Camille', 'Jayce', 'Lucian', 'Nidalee', 'Rell')",1,0,1
"('Camille', 'Corki', 'Jayce', ""K'Sante"", 'Taliyah')",0,1,1
"('Akali', 'Ashe', 'Gragas', 'Rumble', 'Wukong')",0,1,1
"('Akshan', 'Ashe', 'Nidalee', 'Seraphine', 'Twisted Fate')",1,0,1
"('Ashe', 'Braum', 'Jax', 'Katarina', 'Viego')",0,1,1
"('Akshan', 'Cassiopeia', 'Corki', 'Pyke', 'Viego')",0,1,1
"('Jinx', 'Nidalee', 'Nunu & Willump', 'Poppy', 'Thresh')",0,1,1
"('Camille', 'Corki', 'Draven', 'Jayce', 'Karthus')",1,0,1
"('Alistar', 'Fiora', 'Lee Sin', 'Sylas', 'Twitch')",0,1,1
"('Azir', 'Camille', 'Kindred', 'Morgana', 'Viego')",0,1,1
"('Aatrox', 'Jayce', 'Kalista', 'Nautilus', 'Taliyah')",0,1,1
"('Lucian', 'Nami', 'Pantheon', 'Taliyah', 'Vladimir')",0,1,1
"('Jayce', 'Jinx', 'Sylas', 'Thresh', 'Xin Zhao')",1,0,1
"('Alistar', 'Gwen', 'Jax', 'Jhin', 'Orianna')",1,0,1
"('Ashe', 'Jayce', 'Neeko', 'Vi', 'Vladimir')",0,1,1
"('Aatrox', 'Braum', 'Caitlyn', 'Lee Sin', 'Taliyah')",0,1,1
"('Corki', 'Fiora', 'Kindred', 'Seraphine', 'Zoe')",0,1,1
"('Jax', 'Jhin', 'Rakan', 'Viego', 'Yasuo')",1,0,1
"('Fiddlesticks', 'Lulu', 'Sett', 'Vladimir', 'Zeri')",1,0,1
"('Aphelios', 'Galio', 'Nautilus', 'Rumble', 'Viego')",1,0,1
"('Brand', 'Hwei', 'Quinn', 'Skarner', 'Varus')",1,0,1
"('Akali', 'Ashe', 'Elise', 'Hwei', 'Kled')",0,1,1
"('Akshan', 'Camille', 'Jayce', 'Kalista', 'Nidalee')",0,1,1
"('Blitzcrank', 'Camille', 'Galio', 'Graves', 'Kalista')",1,0,1
"('Blitzcrank', ""Kai'Sa"", 'Lee Sin', 'Rumble', 'Volibear')",0,1,1
"('Aatrox', 'Camille', 'Katarina', 'Nidalee', 'Varus')",1,0,1
"('Hwei', 'Karma', 'Nocturne', 'Sivir', 'Skarner')",0,1,1
"('Aphelios', 'Nidalee', 'Skarner', 'Yasuo', 'Zyra')",1,0,1
"('Alistar', 'Ekko', 'Katarina', 'Urgot', 'Xayah')",0,1,1
"('Alistar', 'Camille', 'Taliyah', 'Varus', 'Yone')",0,1,1
"('Aphelios', 'Gwen', 'Nautilus', 'Taliyah', 'Talon')",1,0,1
"('Blitzcrank', 'Corki', 'Diana', 'Nasus', 'Viego')",1,0,1
"('Graves', 'Jinx', 'Leona', 'Neeko', 'Twisted Fate')",0,1,1
"('Corki', ""Kai'Sa"", 'Karthus', 'Nautilus', 'Warwick')",1,0,1
"('Jax', 'Jhin', 'Lee Sin', 'Leona', 'Zoe')",0,1,1
"('Karthus', 'Nilah', 'Rakan', 'Tryndamere', 'Yone')",1,0,1
"('Akali', 'Jinx', 'Lee Sin', 'Thresh', 'Twisted Fate')",1,0,1
"('Ekko', 'Pyke', 'Skarner', 'Tristana', 'Varus')",1,0,1
"('Alistar', 'Jhin', 'Kennen', 'Lillia', 'Yone')",1,0,1
"('Ashe', 'Kalista', 'Mordekaiser', 'Taliyah', 'Tristana')",1,0,1
"('Alistar', ""Kai'Sa"", 'Renekton', 'Vex', 'Viego')",0,1,1
"('Camille', 'Ryze', 'Thresh', 'Varus', 'Viego')",0,1,1
"('Cassiopeia', 'Galio', 'Jinx', 'Thresh', 'Viego')",1,0,1
"('Kalista', 'Kennen', 'Sona', 'Tristana', 'Volibear')",0,1,1
"('Ahri', 'Kled', 'Nautilus', 'Samira', 'Viego')",0,1,1
"('Alistar', 'Diana', ""K'Sante"", ""Vel'Koz"", 'Viego')",0,1,1
"('Aurelion Sol', 'Lillia', 'Lucian', 'Pyke', 'Skarner')",0,1,1
"(""Kha'Zix"", 'Leona', 'Pantheon', 'Swain', 'Taliyah')",0,1,1
"('Jinx', 'Nidalee', 'Rakan', 'Renekton', 'Tristana')",0,1,1
"('Blitzcrank', 'Galio', 'Gragas', 'Sivir', 'Yasuo')",0,1,1
"('Jhin', 'Rumble', 'Skarner', 'Sylas', 'Udyr')",1,0,1
"('Ahri', 'Draven', 'Skarner', 'Thresh', 'Viego')",1,0,1
"('Corki', 'Jayce', 'Nautilus', 'Samira', 'Taliyah')",1,0,1
"('Fiddlesticks', 'Ornn', 'Thresh', 'Tristana', 'Varus')",0,1,1
"('Galio', ""Kai'Sa"", 'Lee Sin', 'Leona', 'Viktor')",0,1,1
"('Corki', 'Kled', 'Renekton', 'Rumble', 'Talon')",1,0,1
"('Jinx', 'Milio', 'Rumble', 'Zac', 'Zed')",1,0,1
"('Hecarim', 'Jinx', 'Kennen', 'Rell', 'Yasuo')",1,0,1
"('Elise', 'Jinx', 'LeBlanc', 'Nasus', 'Viego')",0,1,1
"('Hecarim', 'Riven', 'Samira', 'Taliyah', 'Thresh')",1,0,1
"('Caitlyn', 'Kindred', 'LeBlanc', 'Neeko', 'Riven')",1,0,1
"('Jax', 'Nautilus', 'Olaf', 'Taliyah', 'Varus')",0,1,1
"('Hwei', 'Lee Sin', 'Rumble', 'Smolder', 'Zilean')",0,1,1
"('Draven', 'Irelia', ""K'Sante"", 'Milio', 'Nidalee')",0,1,1
"('Ahri', ""K'Sante"", 'Karma', 'Nidalee', 'Varus')",0,1,1
"('Aatrox', 'Lillia', 'Pyke', 'Samira', 'Viego')",0,1,1
"('Pyke', 'Rumble', 'Sylas', 'Viego', 'Zeri')",0,1,1
"('Karthus', 'Pyke', 'Tristana', 'Twisted Fate', 'Varus')",1,0,1
"('Jax', 'Thresh', 'Varus', 'Viego', 'Viktor')",1,0,1
"('Alistar', 'Irelia', ""Kai'Sa"", 'Lillia', 'Yone')",0,1,1
"('Ashe', 'Rumble', 'Taliyah', 'Taric', 'Yasuo')",0,1,1
"('Camille', 'Diana', 'Lillia', 'Rell', 'Sivir')",0,1,1
"('Galio', 'Kindred', 'Senna', 'Seraphine', 'Volibear')",1,0,1
"('Ivern', 'Jhin', 'Seraphine', 'Tristana', 'Yorick')",1,0,1
"('Camille', 'Corki', 'Jhin', ""Rek'Sai"", 'Zyra')",0,1,1
"('Azir', 'Caitlyn', 'Neeko', 'Taliyah', 'Twisted Fate')",0,1,1
"('Azir', 'Darius', 'Lillia', 'Rakan', 'Zeri')",0,1,1
"('Ashe', 'Heimerdinger', 'Hwei', 'Kindred', 'Shen')",0,1,1
"('Akshan', 'Draven', 'Gragas', 'Nautilus', 'Nidalee')",1,0,1
"('Jax', 'Kennen', 'Lucian', 'Orianna', 'Rell')",0,1,1
"('Nidalee', 'Pantheon', 'Pyke', 'Rumble', 'Tristana')",0,1,1
"('Akshan', 'Bard', 'Nidalee', 'Rumble', 'Smolder')",1,0,1
"('Ashe', 'Braum', 'Rumble', 'Viego', 'Zoe')",0,1,1
"('Aphelios', 'Blitzcrank', 'Camille', 'Hwei', 'Zac')",0,1,1
"('Camille', 'Ekko', 'Jhin', 'Kennen', 'Viego')",0,1,1
"('Hwei', 'Jhin', 'Lee Sin', 'Rumble', 'Sion')",0,1,1
"('Corki', 'Lillia', 'Orianna', 'Renekton', 'Senna')",1,0,1
"('Jayce', 'Jhin', 'Nautilus', 'Rumble', 'Skarner')",1,0,1
"('Jayce', 'Lee Sin', 'Rumble', 'Taliyah', 'Varus')",0,1,1
"('Graves', 'Heimerdinger', 'LeBlanc', 'Leona', 'Viego')",0,1,1
"('Katarina', 'Lee Sin', 'Rumble', 'Varus', 'Viego')",0,1,1
"('Hwei', 'Poppy', 'Skarner', 'Udyr', 'Zeri')",1,0,1
"('Ashe', 'LeBlanc', 'Lee Sin', 'Lulu', 'Skarner')",1,0,1
"('Ashe', 'Galio', 'Graves', 'Irelia', 'Rell')",1,0,1
"('Jax', 'Nautilus', 'Samira', ""Vel'Koz"", 'Xin Zhao')",1,0,1
"('Ashe', ""K'Sante"", 'Lissandra', 'Rumble', 'Viego')",0,1,1
"('Corki', 'Jax', 'Rumble', 'Twisted Fate', 'Vi')",1,0,1
"('Blitzcrank', 'Hecarim', ""Kai'Sa"", 'Renekton', 'Taliyah')",1,0,1
"('Aatrox', 'Akali', 'Corki', 'Lee Sin', 'Nautilus')",0,1,1
"('Akali', 'Irelia', 'Ivern', 'Nilah', 'Rakan')",1,0,1
"('Akali', 'Ashe', 'Skarner', 'Taric', 'Xin Zhao')",0,1,1
"('Aatrox', 'Aphelios', 'Fiddlesticks', 'Graves', 'Rell')",0,1,1
"('Akali', 'Lee Sin', 'Rakan', 'Renekton', 'Zeri')",0,1,1
"('Braum', 'Ezreal', 'Jax', 'Kassadin', 'Viego')",1,0,1
"('Akali', 'Gragas', 'Nilah', 'Taric', 'Viego')",1,0,1
"('Illaoi', 'Nunu & Willump', 'Rell', 'Samira', 'Sylas')",1,0,1
"('Akali', 'Miss Fortune', 'Thresh', 'Udyr', 'Yorick')",1,0,1
"('Jinx', 'Nasus', 'Thresh', 'Twisted Fate', 'Wukong')",0,1,1
"('Aphelios', 'Jayce', 'Lee Sin', 'Lissandra', 'Nautilus')",1,0,1
"('Briar', 'Leona', 'Neeko', 'Skarner', 'Varus')",1,0,1
"('Corki', 'Jax', 'Rakan', 'Rumble', 'Twisted Fate')",1,0,1
"('Jhin', 'Neeko', 'Skarner', 'Viego', 'Xerath')",1,0,1
"('Aurelion Sol', 'Cassiopeia', 'Corki', 'Rell', 'Rengar')",1,0,1
"('Azir', 'Jarvan IV', 'Kennen', 'Rell', 'Zeri')",1,0,1
"('Camille', 'Ezreal', 'Karma', 'Viego', 'Zoe')",1,0,1
"('Ahri', 'Corki', 'Lee Sin', 'Rell', 'Rumble')",0,1,1
"('Galio', 'Nautilus', 'Nidalee', 'Renekton', 'Varus')",0,1,1
"('Orianna', 'Rell', 'Twisted Fate', 'Viego', 'Zeri')",1,0,1
"('Ashe', 'Graves', 'Jayce', 'LeBlanc', 'Rell')",0,1,1
"('Ezreal', 'Nidalee', 'Renekton', 'Seraphine', 'Vayne')",1,0,1
"('Jax', 'Lillia', 'Lucian', 'Neeko', 'Tryndamere')",0,1,1
"('Akali', 'Corki', 'Gnar', ""Rek'Sai"", 'Seraphine')",1,0,1
"('Braum', 'Jinx', 'Kennen', 'Lee Sin', 'Zoe')",1,0,1
"('Camille', 'Galio', 'Jinx', 'Leona', 'Xin Zhao')",1,0,1
"('Akali', 'Graves', 'Jax', 'Senna', 'Vayne')",0,1,1
"('Ashe', 'Brand', 'Braum', 'Gragas', 'Yone')",0,1,1
"('Ashe', 'Camille', 'Graves', 'Ryze', 'Varus')",1,0,1
"('Hecarim', 'Heimerdinger', ""Kai'Sa"", 'Pyke', 'Warwick')",1,0,1
"('Leona', 'Lillia', 'Poppy', 'Tristana', 'Varus')",1,0,1
"('Bard', 'Jhin', 'Rumble', 'Taliyah', 'Viego')",0,1,1
"('Camille', ""Kai'Sa"", 'Rumble', 'Taliyah', 'Yone')",0,1,1
"('Ashe', ""Kai'Sa"", 'LeBlanc', 'Nocturne', 'Xin Zhao')",0,1,1
"('Camille', 'Lillia', 'Lux', 'Nilah', 'Tristana')",0,1,1
"('Gwen', 'Jhin', 'Lee Sin', 'Leona', 'Tristana')",0,1,1
"('Jhin', 'Lillia', 'Renekton', 'Skarner', 'Talon')",1,0,1
"('Aurelion Sol', 'Fiora', ""Kai'Sa"", 'Lee Sin', 'Leona')",0,1,1
"('Bard', 'Caitlyn', 'Jax', 'Lillia', 'Tristana')",0,1,1
"('Jinx', 'Nautilus', 'Taliyah', 'Tristana', 'Urgot')",1,0,1
"('Fiddlesticks', 'Jax', ""Kai'Sa"", 'Nautilus', 'Talon')",0,1,1
"(""Kai'Sa"", 'LeBlanc', 'Maokai', 'Mordekaiser', 'Viego')",1,0,1
"('Aurelion Sol', 'Camille', 'Ezreal', 'Nidalee', 'Sett')",0,1,1
"('Jayce', 'Kled', 'Lillia', 'Seraphine', 'Varus')",0,1,1
"('Jax', 'Jinx', 'LeBlanc', 'Nautilus', 'Skarner')",0,1,1
"('Blitzcrank', 'Jayce', 'Taliyah', 'Urgot', 'Varus')",0,1,1
"('Braum', 'Jayce', 'Shaco', 'Taliyah', 'Tristana')",0,1,1
"('Akali', 'Janna', 'Jinx', 'Vi', 'Viego')",1,0,1
"('Jayce', 'Lulu', 'Taliyah', 'Twitch', 'Zac')",0,1,1
"('Ahri', 'Gragas', 'Jax', 'Nautilus', 'Senna')",1,0,1
"('Alistar', 'Graves', ""Kai'Sa"", 'Ornn', 'Taliyah')",1,0,1
"(""K'Sante"", 'Skarner', 'Syndra', 'Tristana', 'Viego')",1,0,1
"('Aphelios', 'Brand', 'Irelia', ""Rek'Sai"", 'Twisted Fate')",0,1,1
"('Akali', 'Gragas', 'Lee Sin', 'Nautilus', 'Varus')",1,0,1
"('Gnar', 'Gragas', ""Kai'Sa"", 'Nautilus', 'Tristana')",0,1,1
"('Aphelios', 'Jayce', 'Nautilus', 'Sett', 'Taliyah')",0,1,1
"('Braum', 'Jayce', 'Nidalee', 'Renekton', 'Varus')",0,1,1
"('Alistar', 'Draven', 'Nidalee', 'Pantheon', 'Renekton')",1,0,1
"('Fiddlesticks', 'Jayce', 'Jinx', 'Rakan', 'Skarner')",0,1,1
"('Akali', 'Bard', 'Caitlyn', 'Jax', 'Talon')",1,0,1
"('Ashe', 'Graves', 'Rakan', 'Renekton', 'Syndra')",0,1,1
"('LeBlanc', 'Pantheon', 'Rakan', 'Twitch', 'Vayne')",0,1,1
"('Camille', 'Corki', 'Hwei', 'Pyke', 'Skarner')",1,0,1
"('Galio', 'Gnar', 'Jinx', 'Thresh', 'Viego')",1,0,1
"('Brand', 'Kennen', 'Smolder', 'Vi', 'Zyra')",0,1,1
"('Ahri', 'Camille', 'Lucian', 'Skarner', 'Xin Zhao')",1,0,1
"('Graves', 'LeBlanc', 'Rakan', 'Twisted Fate', 'Zeri')",0,1,1
"('Blitzcrank', 'Camille', 'Hwei', 'Jinx', 'Lee Sin')",1,0,1
"('Aatrox', 'Elise', 'Hwei', 'Jhin', 'Zed')",1,0,1
"('Bard', 'Caitlyn', 'Diana', 'Graves', 'Rumble')",1,0,1
"('Jayce', 'Lux', 'Miss Fortune', 'Skarner', 'Taliyah')",1,0,1
"('Caitlyn', 'Fizz', 'Lillia', 'Skarner', 'Thresh')",0,1,1
"('Nautilus', 'Rumble', 'Tristana', 'Twisted Fate', 'Vex')",1,0,1
"('Graves', 'Hwei', ""K'Sante"", 'Rakan', 'Zeri')",0,1,1
"('Akali', ""Kai'Sa"", 'Nautilus', ""Rek'Sai"", 'Vayne')",0,1,1
"('Alistar', 'Ashe', 'Kennen', 'Tristana', 'Viego')",1,0,1
"('Aurelion Sol', 'Graves', 'Jhin', 'Swain', 'Vayne')",1,0,1
"('Aphelios', 'Fiddlesticks', 'LeBlanc', 'Skarner', 'Thresh')",1,0,1
"('Aurelion Sol', 'Corki', 'Nautilus', ""Rek'Sai"", 'Tristana')",0,1,1
"('Camille', 'Ekko', 'Graves', 'Sivir', 'Zilean')",1,0,1
"('Jhin', 'Nidalee', 'Rell', 'Tristana', 'Twisted Fate')",1,0,1
"('Ashe', 'Hwei', 'Lee Sin', 'Leona', 'Rumble')",1,0,1
"('Akshan', 'Ashe', ""Kai'Sa"", 'Nidalee', 'Skarner')",0,1,1
"('Alistar', 'Jax', 'Nunu & Willump', 'Twisted Fate', 'Zeri')",1,0,1
"('Aphelios', 'Galio', 'Jayce', 'Nautilus', 'Viego')",0,1,1
"('Aphelios', 'Graves', 'Hwei', ""Kai'Sa"", 'Poppy')",0,1,1
"('Hwei', 'Lee Sin', 'Rell', 'Viego', 'Zeri')",0,1,1
"('Ezreal', 'Karthus', 'Poppy', 'Pyke', 'Tristana')",1,0,1
"('Nautilus', 'Olaf', 'Skarner', 'Tristana', 'Twisted Fate')",1,0,1
"('Aatrox', 'Ashe', ""Kai'Sa"", 'Taliyah', 'Zac')",0,1,1
"('Janna', 'Orianna', 'Skarner', 'Varus', 'Vi')",1,0,1
"('Aphelios', 'Kayn', 'Nautilus', 'Rumble', 'Viktor')",0,1,1
"('Bard', 'Kled', 'Viego', 'Ziggs', 'Zoe')",0,1,1
"('Amumu', 'Corki', 'Fiddlesticks', 'Renekton', 'Zeri')",0,1,1
"('Akali', 'Bard', 'Rengar', 'Twisted Fate', 'Zeri')",0,1,1
"('Cassiopeia', 'Miss Fortune', 'Nautilus', 'Twisted Fate', 'Viego')",0,1,1
"(""Kai'Sa"", 'Kindred', 'Nautilus', 'Shen', 'Taliyah')",1,0,1
"('Blitzcrank', 'Fizz', 'Irelia', 'Jhin', 'Kindred')",1,0,1
"(""K'Sante"", ""Kai'Sa"", 'Karthus', 'Pyke', 'Tristana')",0,1,1
"('Jinx', ""K'Sante"", 'Lucian', 'Nidalee', 'Rell')",1,0,1
"('Caitlyn', 'Darius', ""Rek'Sai"", 'Taliyah', 'Zyra')",0,1,1
"('Ezreal', 'Gwen', 'Lissandra', 'Renekton', 'Seraphine')",1,0,1
"('Aatrox', ""Bel'Veth"", 'Camille', 'Lucian', 'Xerath')",0,1,1
"(""Kai'Sa"", 'Pantheon', ""Rek'Sai"", 'Rell', 'Rumble')",1,0,1
"('Ashe', 'Hwei', 'Jayce', 'Lee Sin', 'Pyke')",0,1,1
"('Nautilus', 'Quinn', 'Taliyah', 'Varus', 'Yone')",1,0,1
"('Ahri', 'Nautilus', 'Sett', 'Taliyah', 'Varus')",1,0,1
"('Irelia', 'Jinx', 'Lillia', 'Thresh', 'Viktor')",0,1,1
"(""K'Sante"", 'Lucian', 'Nami', 'Nidalee', 'Viego')",1,0,1
"('Akshan', 'Malzahar', 'Nidalee', 'Rakan', 'Varus')",1,0,1
"('Aphelios', 'Brand', ""K'Sante"", 'Thresh', 'Tristana')",0,1,1
"('Lucian', 'Nautilus', 'Skarner', 'Taliyah', 'Varus')",1,0,1
"('Corki', 'Karthus', 'Nautilus', 'Tryndamere', 'Varus')",1,0,1
"('Camille', 'Graves', 'Syndra', 'Urgot', 'Varus')",1,0,1
"('Camille', 'Nidalee', 'Thresh', 'Twisted Fate', 'Varus')",1,0,1
"('Illaoi', 'Nidalee', 'Rakan', 'Tristana', 'Zeri')",0,1,1
"('Galio', ""K'Sante"", 'Nautilus', 'Taliyah', 'Varus')",0,1,1
"('Jinx', ""Kha'Zix"", 'Nautilus', 'Skarner', 'Taliyah')",0,1,1
"('Ahri', ""Kai'Sa"", 'Kled', 'Poppy', ""Rek'Sai"")",1,0,1
"('Ahri', 'Jax', 'Nasus', 'Skarner', 'Twitch')",0,1,1
"('Aphelios', 'Katarina', 'Sejuani', 'Seraphine', 'Zed')",0,1,1
"('Gragas', 'Heimerdinger', 'Jhin', 'Seraphine', 'Yasuo')",1,0,1
"('Cassiopeia', 'Gragas', 'Lucian', 'Nami', 'Viego')",0,1,1
"('Corki', 'Jinx', 'Lillia', 'Rell', 'Renekton')",0,1,1
"('Ahri', 'Illaoi', 'Jinx', 'Kayn', 'Thresh')",0,1,1
"('Corki', 'Jayce', 'Kled', 'Nautilus', 'Taliyah')",0,1,1
"('Ashe', 'Lee Sin', 'Pyke', 'Skarner', 'Syndra')",1,0,1
"(""Kog'Maw"", 'LeBlanc', 'Lee Sin', 'Nautilus', ""Vel'Koz"")",0,1,1
"('Camille', 'Jayce', 'Malphite', 'Skarner', 'Taliyah')",0,1,1
"('Ashe', 'Braum', 'Fiddlesticks', 'Illaoi', 'Jayce')",1,0,1
"('Ashe', 'Kalista', 'Sion', 'Taliyah', 'Viego')",0,1,1
"('LeBlanc', 'Skarner', 'Taric', 'Varus', 'Vi')",0,1,1
"('Aphelios', 'Corki', 'Gnar', 'Lillia', 'Nautilus')",1,0,1
"('Aphelios', 'Leona', 'Renekton', 'Taliyah', 'Tristana')",1,0,1
"('Ashe', 'Hecarim', 'Kalista', 'LeBlanc', 'Skarner')",1,0,1
"('Galio', 'Jinx', 'Rell', 'Rumble', 'Tristana')",1,0,1
"('Brand', ""Kai'Sa"", 'Maokai', 'Renekton', 'Twisted Fate')",0,1,1
"('Ashe', 'LeBlanc', 'Lee Sin', 'Miss Fortune', 'Shen')",1,0,1
"('Aatrox', 'Ashe', 'Lillia', 'Seraphine', 'Tristana')",0,1,1
"('Karma', ""Kha'Zix"", 'LeBlanc', 'Urgot', 'Varus')",0,1,1
"('Jayce', 'Jhin', 'Nautilus', 'Nidalee', 'Nocturne')",1,0,1
"('Brand', ""Kai'Sa"", 'Rakan', 'Skarner', 'Tristana')",1,0,1
"('Aurelion Sol', 'Jinx', 'Nautilus', 'Riven', 'Warwick')",1,0,1
"('Ashe', 'Camille', 'Taliyah', 'Varus', 'Warwick')",0,1,1
"('Gragas', ""Kai'Sa"", 'Lucian', 'Rengar', 'Skarner')",0,1,1
"('Aatrox', 'Nocturne', 'Pyke', ""Vel'Koz"", 'Viktor')",0,1,1
"('Camille', ""Kai'Sa"", 'Lee Sin', 'Nautilus', 'Neeko')",1,0,1
"('Illaoi', 'Lillia', 'Rakan', 'Smolder', 'Twisted Fate')",1,0,1
"('Aurelion Sol', 'Dr. Mundo', 'Nidalee', 'Senna', 'Varus')",1,0,1
"(""Bel'Veth"", 'Corki', 'Jayce', 'Nautilus', 'Neeko')",1,0,1
"('Aatrox', 'Kalista', 'Nautilus', 'Nidalee', 'Tristana')",1,0,1
"('Kalista', 'Pyke', 'Rumble', 'Tristana', 'Xin Zhao')",1,0,1
"('Cassiopeia', 'Pyke', 'Tristana', 'Vi', 'Vladimir')",1,0,1
"('Blitzcrank', 'Hwei', 'Jhin', 'Rumble', 'Yone')",0,1,1
"('Ekko', 'Hwei', 'Qiyana', 'Tristana', 'Varus')",0,1,1
"('Alistar', 'Galio', 'Hwei', 'Jinx', 'Kayn')",0,1,1
"('Corki', 'Kennen', 'Neeko', 'Tristana', 'Viego')",0,1,1
"('Jinx', ""K'Sante"", 'Karthus', 'Nautilus', 'Tristana')",1,0,1
"('Camille', 'Hwei', 'Jax', 'Jinx', 'Viego')",0,1,1
"('Alistar', 'Fiora', ""Kai'Sa"", 'Lillia', 'Syndra')",1,0,1
"('Bard', 'Fiddlesticks', 'Sivir', 'Skarner', 'Tristana')",0,1,1
"('Blitzcrank', 'Fiora', ""Kai'Sa"", 'Tristana', 'Volibear')",1,0,1
"('Alistar', 'Draven', 'Hwei', 'Renekton', 'Viego')",1,0,1
"('Bard', 'Caitlyn', 'Graves', 'Kennen', 'Tristana')",1,0,1
"('Camille', 'Kennen', ""Rek'Sai"", 'Varus', 'Yasuo')",1,0,1
"('Azir', 'Graves', 'Thresh', 'Udyr', 'Varus')",0,1,1
"('Aphelios', 'Hwei', 'Kindred', 'Riven', 'Seraphine')",0,1,1
"('Kayn', 'Kled', 'Rakan', 'Varus', 'Vex')",1,0,1
"('Rakan', 'Rumble', 'Tristana', 'Varus', 'Vi')",0,1,1
"('Hwei', 'Lucian', 'Renekton', 'Seraphine', 'Zac')",1,0,1
"('Aatrox', 'Camille', 'Jax', 'Lillia', 'Varus')",1,0,1
"('Ashe', 'Aurelion Sol', 'Kennen', 'Kindred', 'Senna')",0,1,1
"('Aphelios', 'Graves', 'Katarina', 'Maokai', 'Rakan')",0,1,1
"('Camille', 'Jinx', 'Kennen', 'Viego', 'Zac')",0,1,1
"('Irelia', 'Lee Sin', 'Nilah', 'Senna', 'Viktor')",0,1,1
"('Jax', 'Nunu & Willump', 'Taliyah', 'Thresh', 'Varus')",1,0,1
"('Ashe', 'Lee Sin', 'Seraphine', 'Singed', 'Tryndamere')",1,0,1
"('Aphelios', 'Galio', 'Kindred', 'Lulu', 'Twisted Fate')",1,0,1
"('Hecarim', 'Jax', 'Karma', 'Twisted Fate', 'Varus')",0,1,1
"('Corki', 'Nidalee', 'Rell', 'Warwick', 'Zeri')",1,0,1
"('Diana', 'Jayce', 'Senna', 'Seraphine', 'Yone')",1,0,1
"('Hecarim', 'Neeko', 'Rell', 'Shen', 'Vayne')",1,0,1
"('Ashe', 'Camille', 'Graves', 'LeBlanc', 'Skarner')",0,1,1
"('Akali', 'Gangplank', 'Jhin', 'Nocturne', 'Seraphine')",1,0,1
"('Ashe', 'Camille', 'Galio', 'LeBlanc', 'Shaco')",1,0,1
"('Ivern', 'Kalista', 'Rell', 'Sylas', 'Tristana')",0,1,1
"('Cassiopeia', 'Lucian', 'Milio', 'Shen', 'Viego')",1,0,1
"('Alistar', 'Kindred', 'Lissandra', 'Nilah', 'Zac')",1,0,1
"('Blitzcrank', 'Corki', 'Gragas', 'Zac', 'Zeri')",1,0,1
"('Aurelion Sol', 'Draven', ""Kha'Zix"", 'Taric', 'Zac')",0,1,1
"('Samira', 'Skarner', 'Taliyah', 'Twisted Fate', 'Zac')",1,0,1
"('Corki', 'Janna', 'Twisted Fate', 'Viego', 'Zac')",1,0,1
"('Annie', 'Draven', 'Graves', 'Nautilus', 'Zac')",0,1,1
"('Aphelios', 'Nidalee', 'Thresh', 'Viego', 'Zac')",0,1,1
"('Ashe', 'Kindred', 'Lissandra', 'Thresh', 'Zac')",0,1,1
"('Ashe', 'Corki', 'Ekko', 'Neeko', 'Zac')",1,0,1
"('Corki', 'Nautilus', 'Samira', 'Taliyah', 'Zac')",1,0,1
"('Camille', 'Jhin', 'Taliyah', 'Yone', 'Zac')",0,1,1
"('Ezreal', 'Leona', 'Lillia', 'Viego', 'Zac')",1,0,1
"('Braum', ""Kai'Sa"", 'Lee Sin', 'Tristana', 'Zac')",0,1,1
"('Alistar', 'Elise', 'Twisted Fate', 'Xayah', 'Zac')",1,0,1
"('Lucian', 'Nautilus', 'Senna', 'Viego', 'Zac')",0,1,1
"(""K'Sante"", 'Rell', 'Samira', 'Viego', 'Zac')",0,1,1
"('Draven', 'Hwei', 'Lee Sin', 'Nautilus', 'Rumble')",1,0,1
"('Hwei', 'Lee Sin', 'Renata Glasc', 'Varus', 'Zac')",0,1,1
"('Corki', 'Malzahar', 'Mordekaiser', 'Viego', 'Zac')",1,0,1
"('Aatrox', 'Aphelios', 'Lucian', 'Rumble', 'Thresh')",1,0,1
"('Blitzcrank', 'Gragas', 'Kalista', 'Nunu & Willump', 'Tristana')",1,0,1
"('Jayce', 'Lee Sin', 'Lucian', 'Nami', 'Sylas')",0,1,1
"('Aphelios', 'Briar', 'Hwei', 'Skarner', 'Thresh')",0,1,1
"('Braum', 'Jayce', 'Katarina', 'Lee Sin', 'Lucian')",1,0,1
"('Galio', 'Gragas', 'Lucian', 'Nami', ""Rek'Sai"")",0,1,1
"('Fiora', 'Hwei', 'Jinx', ""Rek'Sai"", 'Tahm Kench')",1,0,1
"('Jinx', 'Nautilus', 'Rumble', 'Tristana', 'Xin Zhao')",0,1,1
"('Camille', 'Galio', 'Jhin', 'Senna', 'Skarner')",1,0,1
"('Nidalee', 'Rumble', 'Senna', 'Varus', 'Yasuo')",1,0,1
"('Heimerdinger', 'Kindred', 'Malzahar', 'Rumble', 'Varus')",0,1,1
"('Elise', 'Hwei', 'Jax', 'Rell', 'Varus')",1,0,1
"('Blitzcrank', 'Camille', 'Jinx', 'Lillia', 'Olaf')",0,1,1
"('Blitzcrank', 'Dr. Mundo', 'Jhin', 'Kindred', 'Orianna')",0,1,1
"('Camille', 'Jinx', 'Nidalee', 'Talon', 'Thresh')",1,0,1
"('Jhin', 'Rell', 'Sylas', 'Viego', 'Volibear')",1,0,1
"('Akshan', 'Alistar', 'Twisted Fate', 'Varus', 'Viego')",1,0,1
"('Ashe', 'Mordekaiser', 'Orianna', 'Rakan', 'Viego')",0,1,1
"('Caitlyn', 'Nasus', 'Nautilus', 'Nidalee', 'Skarner')",1,0,1
"('Kayn', 'LeBlanc', 'Rakan', 'Rumble', 'Varus')",1,0,1
"('Graves', 'Jax', 'Jinx', 'Kennen', 'Pyke')",0,1,1
"('Akali', 'Caitlyn', 'Jax', 'Nautilus', 'Viego')",1,0,1
"('Fiddlesticks', 'Kennen', 'Rakan', 'Samira', 'Viego')",1,0,1
"('Alistar', 'Galio', 'Jayce', 'Jhin', 'Viego')",1,0,1
"('Akali', 'Braum', 'Kled', 'Lucian', 'Viego')",0,1,1
"('Fiddlesticks', ""Kai'Sa"", 'Nautilus', 'Tryndamere', 'Viego')",0,1,1
"('Gwen', ""Kai'Sa"", ""Kha'Zix"", 'Lux', 'Rell')",1,0,1
"('Ashe', 'Braum', 'Gangplank', 'Orianna', 'Viego')",1,0,1
"('Aatrox', 'Gragas', 'Nautilus', 'Samira', 'Tristana')",0,1,1
"('Jhin', 'Rakan', 'Twisted Fate', 'Vi', 'Zoe')",1,0,1
"('Alistar', 'Illaoi', 'Kennen', 'Miss Fortune', 'Viego')",1,0,1
"('Draven', 'LeBlanc', 'Rumble', 'Senna', 'Viego')",1,0,1
"('Corki', 'Gragas', ""K'Sante"", 'Nautilus', 'Viego')",0,1,1
"('Blitzcrank', ""Kai'Sa"", ""Kha'Zix"", 'Lissandra', 'Twisted Fate')",0,1,1
"('Aatrox', 'Jhin', 'Neeko', 'Yone', 'Zyra')",1,0,1
"('Leona', 'Qiyana', 'Samira', 'Skarner', 'Zyra')",0,1,1
"('Bard', 'Corki', 'Skarner', 'Yone', 'Zyra')",0,1,1
"('Aphelios', 'Jax', 'Rumble', 'Thresh', 'Zyra')",0,1,1
"('Camille', 'Corki', 'Rumble', 'Skarner', 'Talon')",1,0,1
"('Gnar', 'Kalista', 'Seraphine', 'Twisted Fate', 'Viego')",1,0,1
"('Ashe', 'Camille', 'Hwei', 'Kalista', 'Viego')",1,0,1
"('Corki', 'Mordekaiser', 'Nautilus', 'Twisted Fate', 'Viego')",0,1,1
"('Aphelios', 'Camille', 'Fiora', 'Galio', 'Taliyah')",0,1,1
"('Jax', 'LeBlanc', 'Nautilus', ""Rek'Sai"", 'Zeri')",1,0,1
"('Caitlyn', 'Hwei', 'Lee Sin', 'Rengar', 'Twisted Fate')",1,0,1
"('Akali', 'Draven', 'Karthus', 'Skarner', 'Soraka')",0,1,1
"('Aphelios', 'Camille', 'Fiddlesticks', 'Nautilus', 'Viego')",1,0,1
"('Seraphine', 'Taric', 'Vayne', 'Viego', 'Zoe')",1,0,1
"('Akali', 'Gwen', 'Jinx', 'Lee Sin', 'Thresh')",1,0,1
"('Camille', 'Graves', 'Jax', ""Kai'Sa"", 'Kassadin')",0,1,1
"('Aphelios', 'Lee Sin', 'Nautilus', 'Pantheon', 'Syndra')",0,1,1
"('Blitzcrank', 'Jhin', 'Kayn', 'Tristana', 'Volibear')",0,1,1
"('Akshan', 'Bard', 'Brand', 'Skarner', 'Varus')",1,0,1
"(""Kha'Zix"", 'Olaf', 'Soraka', 'Twisted Fate', 'Varus')",0,1,1
"('Ashe', 'Fiora', 'Nidalee', 'Thresh', 'Tristana')",1,0,1
"('Alistar', 'Rumble', 'Twisted Fate', 'Varus', 'Viego')",0,1,1
"('Camille', 'Jayce', ""Kai'Sa"", 'Lillia', 'Mordekaiser')",0,1,1
"('Camille', 'Hwei', 'Jinx', 'Nautilus', 'Viego')",0,1,1
"('Fiora', 'Gwen', ""Kai'Sa"", 'Quinn', 'Sett')",1,0,1
"('Gwen', ""K'Sante"", 'Taric', 'Tristana', 'Ziggs')",1,0,1
"('Camille', 'Jinx', 'Nautilus', 'Orianna', 'Zyra')",1,0,1
"('Corki', 'Gragas', 'Nautilus', 'Renekton', 'Rumble')",1,0,1
"('Alistar', 'Brand', 'Nilah', 'Tristana', 'Urgot')",0,1,1
"('Darius', 'Gragas', 'Seraphine', 'Varus', 'Yasuo')",1,0,1
"('Draven', 'Gwen', 'Poppy', 'Renata Glasc', 'Yone')",1,0,1
"('Nautilus', 'Nidalee', 'Smolder', 'Tristana', 'Zyra')",0,1,1
"('Jayce', 'Orianna', 'Rakan', 'Smolder', 'Viego')",1,0,1
"('Jax', 'Nautilus', 'Smolder', 'Taliyah', 'Tristana')",1,0,1
"('Ahri', 'Gnar', ""Kog'Maw"", 'Milio', 'Viego')",1,0,1
"('Karthus', 'Poppy', 'Skarner', 'Smolder', 'Tristana')",1,0,1
"('Camille', 'Corki', 'Kennen', ""Rek'Sai"", 'Seraphine')",1,0,1
"('Kalista', 'Pyke', 'Taliyah', 'Volibear', 'Yone')",0,1,1
"('Draven', 'Kindred', 'Pyke', 'Taliyah', 'Twisted Fate')",1,0,1
"('Draven', 'Hwei', ""K'Sante"", 'Thresh', 'Viego')",1,0,1
"('Corki', 'Illaoi', 'Nidalee', 'Pyke', 'Smolder')",1,0,1
"('Akshan', 'Braum', 'Gragas', 'Smolder', 'Udyr')",1,0,1
"(""Kha'Zix"", 'Nautilus', 'Orianna', 'Skarner', 'Smolder')",1,0,1
"('Camille', 'Master Yi', 'Rell', 'Smolder', 'Taliyah')",0,1,1
"('Brand', 'Lee Sin', 'Rakan', 'Rumble', 'Smolder')",1,0,1
"(""Kai'Sa"", 'Nautilus', 'Nunu & Willump', 'Varus', 'Yone')",0,1,1
"(""Rek'Sai"", 'Renekton', 'Senna', 'Seraphine', 'Taliyah')",1,0,1
"('Gnar', 'Jinx', 'Senna', 'Yone', 'Zyra')",0,1,1
"('Corki', 'Kennen', 'Poppy', 'Viego', 'Yone')",0,1,1
"('Hwei', 'Irelia', 'Jayce', 'Jhin', 'Zyra')",1,0,1
"('Galio', 'Jinx', ""K'Sante"", 'Renekton', 'Zyra')",1,0,1
"('Rell', 'Ryze', 'Varus', 'Yone', 'Zyra')",1,0,1
"('Rell', 'Rumble', 'Twisted Fate', 'Varus', 'Zyra')",1,0,1
"('Aatrox', 'Jhin', 'Nidalee', 'Rakan', 'Zed')",0,1,1
"('Gnar', 'Jayce', 'Seraphine', 'Zeri', 'Zyra')",1,0,1
"('Draven', 'Pyke', 'Viego', 'Yone', 'Zyra')",1,0,1
"('Amumu', 'Kalista', 'Pyke', 'Yasuo', 'Yone')",0,1,1
"('Ashe', 'Cassiopeia', 'Lillia', 'Pyke', 'Yone')",1,0,1
"('Draven', 'Gragas', 'Kled', 'Pyke', 'Yasuo')",0,1,1
"('Blitzcrank', 'Corki', 'Kayn', 'Yasuo', 'Yone')",1,0,1
"('Diana', 'Pyke', 'Quinn', 'Yone', 'Ziggs')",1,0,1
"('Camille', ""Kog'Maw"", 'Nasus', 'Taliyah', 'Yone')",0,1,1
"('Braum', ""Kai'Sa"", 'Karthus', 'Warwick', 'Yone')",1,0,1
"('Aurelion Sol', 'Bard', 'Ezreal', ""Rek'Sai"", 'Yone')",1,0,1
"('Draven', 'Illaoi', 'Nidalee', 'Rell', 'Yone')",1,0,1
"('Hecarim', 'Renekton', 'Soraka', 'Sylas', 'Varus')",1,0,1
"('Gwen', ""Kha'Zix"", 'Poppy', 'Varus', 'Zoe')",0,1,1
"('Corki', 'Hwei', 'Jax', 'Nasus', 'Xin Zhao')",1,0,1
"('Aatrox', 'Gragas', 'Jayce', 'Maokai', 'Varus')",0,1,1
"('Ashe', 'Irelia', 'Renata Glasc', 'Taliyah', 'Warwick')",0,1,1
"('Galio', ""K'Sante"", 'Twisted Fate', 'Varus', 'Viego')",0,1,1
"('Corki', 'Hwei', 'Poppy', 'Rell', 'Volibear')",1,0,1
"('Irelia', 'Jinx', 'Pantheon', 'Rell', 'Taliyah')",0,1,1
"('Elise', 'Gwen', 'Lucian', 'Pantheon', 'Rell')",1,0,1
"('Lee Sin', 'Rell', 'Taliyah', 'Urgot', 'Varus')",0,1,1
"('Hecarim', 'Kennen', 'Rell', 'Twitch', 'Vex')",1,0,1
"('Corki', 'Elise', 'Nautilus', 'Olaf', 'Tristana')",1,0,1
"('Bard', 'Dr. Mundo', 'Lee Sin', 'Smolder', 'Zac')",1,0,1
"('Heimerdinger', 'Jax', ""Kha'Zix"", 'Rell', 'Zeri')",1,0,1
"('Ahri', 'Alistar', 'Kled', 'Lillia', 'Varus')",1,0,1
"('Akshan', ""K'Sante"", 'Lillia', 'Nautilus', 'Zeri')",1,0,1
"('Kassadin', 'Lucian', 'Rell', 'Viego', 'Yasuo')",1,0,1
"('Ahri', 'Kindred', 'Malphite', 'Rell', 'Xayah')",1,0,1
"('Aatrox', 'Corki', 'Lillia', 'Thresh', 'Varus')",1,0,1
"('Azir', 'Jinx', 'Master Yi', 'Rell', 'Zac')",1,0,1
"('Gragas', 'Kalista', 'Lillia', 'Nautilus', 'Tristana')",0,1,1
"('Ashe', 'Blitzcrank', 'Camille', 'Gwen', 'Irelia')",1,0,1
"('Irelia', 'Jhin', 'Leona', 'Taliyah', 'Zac')",0,1,1
"('Aurelion Sol', 'Braum', 'Irelia', ""Kai'Sa"", 'Lee Sin')",0,1,1
"('Aatrox', 'Nidalee', 'Rakan', 'Twitch', 'Yone')",1,0,1
"('Fiddlesticks', 'Graves', 'Poppy', 'Taric', 'Twitch')",1,0,1
"('Jax', ""K'Sante"", 'Lucian', 'Nami', 'Taliyah')",0,1,1
"('Camille', 'Corki', 'Hwei', 'Jax', 'Neeko')",1,0,1
"('Lulu', 'Qiyana', 'Sett', 'Skarner', 'Zeri')",1,0,1
"(""K'Sante"", 'LeBlanc', 'Rengar', 'Seraphine', 'Varus')",0,1,1
"('Ashe', 'Braum', 'Galio', 'Hwei', 'Viego')",0,1,1
"('Camille', 'Jhin', 'Kled', 'Pantheon', 'Taliyah')",1,0,1
"('Blitzcrank', 'Ekko', 'Jinx', ""Kha'Zix"", 'Vayne')",1,0,1
"('Graves', 'Irelia', ""Kai'Sa"", 'Kennen', 'Nautilus')",1,0,1
"('Camille', 'Heimerdinger', ""K'Sante"", 'Kindred', 'Seraphine')",1,0,1
"('Hwei', 'Lillia', 'Malphite', 'Pantheon', 'Varus')",0,1,1
"('Ahri', 'Nidalee', 'Rell', 'Skarner', 'Xayah')",0,1,1
"('Blitzcrank', 'Gwen', 'Jinx', 'Poppy', 'Zoe')",0,1,1
"('Aatrox', 'Draven', 'Hwei', 'Rell', 'Viego')",0,1,1
"(""Kai'Sa"", 'LeBlanc', 'Thresh', 'Viego', 'Yone')",1,0,1
"('Irelia', 'Maokai', 'Nilah', 'Pyke', 'Taliyah')",0,1,1
"('Camille', 'Nidalee', 'Rell', 'Varus', 'Yone')",0,1,1
"('Alistar', 'Ashe', 'Jayce', 'Karthus', 'Tristana')",1,0,1
"('Kled', 'Renata Glasc', 'Taliyah', 'Tristana', 'Varus')",1,0,1
"('Alistar', 'Corki', ""K'Sante"", 'Taliyah', 'Viego')",1,0,1
"('Alistar', ""K'Sante"", 'Taliyah', 'Varus', 'Yone')",1,0,1
"('Gragas', ""Kai'Sa"", 'Pyke', ""Rek'Sai"", 'Ryze')",0,1,1
"('Jayce', 'Karma', 'Twisted Fate', 'Varus', 'Viego')",1,0,1
"('Ezreal', 'Gragas', ""Kha'Zix"", 'Mordekaiser', 'Rakan')",0,1,1
"('Irelia', 'Lucian', 'Nami', 'Orianna', 'Xin Zhao')",1,0,1
"('Akali', 'Aphelios', 'Lee Sin', 'Poppy', 'Taliyah')",1,0,1
"('Corki', 'Poppy', 'Thresh', 'Xin Zhao', 'Zilean')",0,1,1
"('Gwen', 'Nautilus', 'Samira', 'Talon', 'Vex')",1,0,1
"('Amumu', ""Rek'Sai"", 'Twisted Fate', 'Zeri', 'Zoe')",1,0,1
"('Jax', 'Lillia', 'Pyke', 'Varus', 'Zed')",0,1,1
"('Graves', 'Rell', 'Renekton', 'Taliyah', 'Varus')",0,1,1
"('Akshan', 'Elise', 'Lee Sin', 'Taliyah', 'Varus')",0,1,1
"('Blitzcrank', 'Cassiopeia', 'Irelia', 'Kalista', 'Lee Sin')",1,0,1
"('Nautilus', 'Ornn', 'Varus', 'Vi', 'Zoe')",0,1,1
"('Corki', 'Jayce', 'Lee Sin', 'Nautilus', 'Taliyah')",0,1,1
"('Akshan', 'Alistar', 'Lillia', 'Ornn', 'Varus')",0,1,1
"('Corki', 'Lillia', 'Rell', 'Skarner', 'Yone')",1,0,1
"('Corki', 'Hwei', 'Kindred', 'Nautilus', 'Skarner')",1,0,1
"('Alistar', 'Corki', 'Qiyana', 'Skarner', 'Taliyah')",0,1,1
"('Ashe', 'Camille', 'Corki', 'Lee Sin', 'Nautilus')",1,0,1
"('Corki', 'Jayce', 'Nautilus', 'Nidalee', 'Orianna')",0,1,1
"('Corki', 'Galio', 'Rell', 'Renekton', 'Taliyah')",0,1,1
"('Gragas', 'Jinx', 'Nautilus', 'Rumble', 'Yasuo')",1,0,1
"('Corki', 'Hwei', 'Karma', 'Kindred', 'Mordekaiser')",1,0,1
"('Azir', 'Lucian', 'Pyke', 'Skarner', 'Viego')",1,0,1
"('Cassiopeia', 'Draven', ""K'Sante"", 'Karthus', 'Nunu & Willump')",0,1,1
"('Lucian', 'Naafiri', 'Nami', ""Rek'Sai"", 'Rumble')",0,1,1
"('Jayce', 'Jinx', ""K'Sante"", 'Lillia', 'Lulu')",0,1,1
"('Corki', 'Hwei', 'Nidalee', 'Rell', 'Sett')",1,0,1
"('Aatrox', 'Blitzcrank', 'Brand', 'Jinx', 'Zed')",0,1,1
"('Aphelios', 'Braum', 'Orianna', 'Rumble', 'Xin Zhao')",1,0,1
"('Kalista', 'Master Yi', 'Rumble', 'Seraphine', 'Xerath')",1,0,1
"('Aurelion Sol', 'Fiora', 'Gragas', 'Graves', 'Twitch')",1,0,1
"('Irelia', 'Jinx', ""K'Sante"", 'Seraphine', 'Taliyah')",1,0,1
"('Corki', 'Jhin', 'Kayle', 'Nunu & Willump', 'Rell')",1,0,1
"('Ashe', 'Brand', 'Jhin', 'Maokai', 'Skarner')",0,1,1
"('Graves', 'Quinn', 'Rakan', 'Twisted Fate', 'Zeri')",0,1,1
"('Ashe', 'Corki', 'Nidalee', 'Thresh', 'Vayne')",1,0,1
"('Aurelion Sol', 'Lulu', 'Viego', 'Zac', 'Zeri')",1,0,1
"('Annie', 'Jinx', 'Lee Sin', 'Rakan', 'Renekton')",1,0,1
"('Azir', 'Gangplank', ""Kai'Sa"", 'Lee Sin', 'Pyke')",0,1,1
"('Ashe', 'Camille', 'Graves', 'Neeko', 'Zoe')",1,0,1
"('Lee Sin', 'Malphite', 'Nautilus', 'Taliyah', 'Zeri')",1,0,1
"('Fiora', ""Kai'Sa"", 'Orianna', ""Rek'Sai"", 'Rell')",1,0,1
"('Cassiopeia', 'Jhin', 'Qiyana', 'Rell', 'Rengar')",1,0,1
"('Akshan', 'Heimerdinger', 'Karthus', 'Shen', 'Varus')",0,1,1
"('Fiddlesticks', 'Morgana', 'Poppy', 'Varus', 'Viego')",0,1,1
"('Irelia', 'Jhin', 'Rengar', 'Taliyah', 'Thresh')",1,0,1
"('Graves', 'Katarina', 'Nautilus', 'Tryndamere', 'Varus')",0,1,1
"('Jayce', 'Jhin', 'Katarina', 'Master Yi', 'Rakan')",1,0,1
"('Hwei', 'Jinx', 'Rakan', 'Shaco', 'Skarner')",0,1,1
"('Alistar', 'Jhin', 'Kayn', 'Pantheon', 'Rumble')",1,0,1
"('Elise', 'Jhin', 'Leona', 'Qiyana', 'Vayne')",1,0,1
"('Jayce', 'Riven', 'Seraphine', 'Talon', 'Ziggs')",0,1,1
"('Bard', 'Jhin', ""K'Sante"", 'Nidalee', 'Tahm Kench')",0,1,1
"('Jinx', 'Nunu & Willump', 'Pyke', 'Sejuani', 'Tristana')",1,0,1
"('Akali', 'Corki', 'Jhin', 'Kindred', 'Poppy')",1,0,1
"('Aphelios', 'Gwen', ""K'Sante"", 'Lulu', 'Lux')",1,0,1
"('Elise', 'Jayce', 'Nautilus', 'Talon', 'Varus')",0,1,1
"('Kalista', 'Nautilus', 'Taliyah', 'Viego', 'Xin Zhao')",0,1,1
"('Caitlyn', 'Lee Sin', 'Lux', 'Poppy', 'Taliyah')",1,0,1
"('Jinx', 'Lee Sin', 'Malzahar', 'Neeko', 'Udyr')",1,0,1
"('Nidalee', 'Ornn', 'Rakan', 'Tristana', 'Zeri')",0,1,1
"('Camille', 'Galio', ""Kai'Sa"", 'Nidalee', 'Skarner')",1,0,1
"('Alistar', 'Corki', 'Gangplank', 'Nidalee', 'Talon')",1,0,1
"('Jhin', 'Nidalee', 'Quinn', 'Rell', 'Tristana')",1,0,1
"('Jinx', 'Lee Sin', 'Renekton', 'Thresh', 'Xerath')",1,0,1
"('Corki', 'Jinx', 'Kennen', 'Lulu', 'Poppy')",0,1,1
"('Rell', 'Tristana', 'Vi', 'Warwick', 'Zoe')",1,0,1
"('Jax', ""Kai'Sa"", 'Nautilus', 'Taliyah', 'Vi')",1,0,1
"('Aatrox', 'Jayce', 'Jinx', 'Nautilus', 'Taliyah')",1,0,1
"('Corki', 'Lee Sin', 'Nautilus', 'Tristana', 'Vladimir')",0,1,1
"('Heimerdinger', 'Jax', 'Kled', 'Nidalee', 'Senna')",0,1,1
"('Anivia', 'Aphelios', 'Renekton', 'Viego', 'Zilean')",1,0,1
"('Kalista', 'Nautilus', 'Skarner', 'Syndra', 'Xin Zhao')",1,0,1
"('Blitzcrank', 'Corki', 'Irelia', 'Nidalee', 'Viego')",0,1,1
"('Ashe', 'Cassiopeia', 'Jayce', 'Lillia', 'Sett')",0,1,1
"('Annie', 'Jinx', 'Nautilus', 'Renekton', 'Sylas')",0,1,1
"('Brand', 'Jinx', 'Nautilus', 'Rumble', 'Tristana')",0,1,1
"('Aatrox', 'Hwei', 'Jinx', 'Skarner', 'Yone')",0,1,1
"('Ahri', 'Alistar', 'Jax', 'Jinx', 'Viego')",1,0,1
"('Hwei', 'Jax', 'Jinx', 'Nautilus', 'Viego')",1,0,1
"('Alistar', 'Dr. Mundo', 'Hwei', 'Kindred', 'Zeri')",0,1,1
"('Blitzcrank', 'Corki', 'Lillia', 'Pantheon', 'Riven')",1,0,1
"('Akali', 'Corki', 'Rakan', 'Tryndamere', 'Vi')",0,1,1
"('Camille', 'Draven', 'Karthus', 'Rakan', 'Tristana')",1,0,1
"('Aatrox', 'Nautilus', 'Singed', 'Varus', 'Viego')",1,0,1
"('Corki', 'Ekko', ""K'Sante"", 'Viego', 'Zyra')",0,1,1
"('Heimerdinger', 'Kalista', 'Lillia', 'Renata Glasc', 'Zed')",0,1,1
"('Karma', ""Rek'Sai"", 'Rumble', 'Varus', 'Yone')",0,1,1
"('Ashe', 'Aurelion Sol', 'Braum', 'Malphite', 'Viego')",1,0,1
"('Ashe', 'Irelia', 'Lillia', 'Rakan', 'Tryndamere')",0,1,1
"('Braum', 'Jinx', 'Kindred', 'Tryndamere', 'Xerath')",1,0,1
"('Jhin', 'Katarina', 'Kindred', 'Rell', 'Viego')",0,1,1
"('Ahri', 'Alistar', 'Kalista', 'Skarner', 'Viego')",1,0,1
"('Ezreal', 'Kindred', 'Lux', 'Skarner', 'Vayne')",0,1,1
"('Corki', 'Kennen', 'Nautilus', ""Rek'Sai"", 'Twisted Fate')",1,0,1
"('Dr. Mundo', ""Kai'Sa"", 'LeBlanc', 'Rell', 'Viego')",1,0,1
"('Braum', 'Corki', 'Rumble', 'Twisted Fate', 'Viego')",0,1,1
"('Alistar', 'Jinx', 'Lee Sin', 'Sylas', 'Twisted Fate')",0,1,1
"('Ashe', ""K'Sante"", 'Sylas', 'Varus', 'Viego')",0,1,1
"('Brand', 'Jinx', 'Rakan', 'Viego', 'Zac')",1,0,1
"('Jinx', ""Kha'Zix"", 'Malphite', 'Rell', 'Veigar')",0,1,1
"('Ahri', 'Camille', 'Jhin', 'Rakan', 'Viego')",1,0,1
"('Camille', 'Jax', 'Jayce', 'Rumble', 'Varus')",1,0,1
"('Rakan', 'Rumble', 'Skarner', 'Varus', 'Yone')",1,0,1
"('Fiddlesticks', 'Nautilus', 'Skarner', 'Talon', 'Varus')",1,0,1
"('Kindred', 'Maokai', 'Samira', 'Skarner', 'Taliyah')",0,1,1
"('Ashe', 'Jax', 'Lee Sin', 'Pyke', 'Zoe')",0,1,1
"('Akali', 'Ezreal', 'Hwei', 'Karma', 'Viego')",1,0,1
"('Aphelios', 'Blitzcrank', 'Kindred', 'Olaf', 'Taliyah')",0,1,1
"('Draven', 'Lissandra', 'Maokai', 'Tahm Kench', 'Viego')",0,1,1
"('Akshan', 'Ashe', 'Braum', 'Nidalee', 'Skarner')",1,0,1
"('Jayce', 'Jinx', 'Kennen', 'Kindred', 'Seraphine')",1,0,1
"(""K'Sante"", 'Katarina', 'Samira', 'Thresh', 'Vi')",1,0,1
"('Darius', 'Orianna', ""Rek'Sai"", 'Yuumi', 'Zeri')",1,0,1
"('Graves', 'Jhin', 'Katarina', 'Senna', 'Vayne')",0,1,1
"('Gragas', 'Jinx', 'Nidalee', 'Thresh', 'Yone')",1,0,1
"('Darius', 'Lucian', 'Lulu', 'Skarner', 'Veigar')",1,0,1
"('Orianna', 'Rell', 'Renekton', 'Vi', 'Zeri')",0,1,1
"('Gwen', 'Nautilus', 'Nilah', 'Vex', 'Viego')",1,0,1
"('Ezreal', 'Nidalee', 'Pantheon', 'Rell', 'Zed')",1,0,1
"('Gragas', 'Leona', 'Taliyah', 'Varus', 'Zed')",1,0,1
"('Gnar', 'Nautilus', 'Taliyah', 'Varus', 'Zed')",1,0,1
"('Nautilus', 'Nidalee', 'Skarner', 'Varus', 'Zed')",0,1,1
"('Dr. Mundo', 'Draven', 'Leona', 'Nidalee', 'Zed')",0,1,1
"('Corki', 'Lux', 'Poppy', 'Sylas', 'Zed')",0,1,1
"('Corki', 'Dr. Mundo', 'Lillia', 'Zac', 'Zed')",0,1,1
"('Braum', ""Kai'Sa"", 'Ryze', 'Taliyah', 'Zed')",1,0,1
"('Corki', 'Hwei', 'Mordekaiser', 'Pyke', 'Zed')",0,1,1
"('Aphelios', ""K'Sante"", 'Lillia', 'Rakan', 'Zed')",1,0,1
"('Braum', 'Dr. Mundo', 'Lucian', 'Nidalee', 'Zed')",1,0,1
"('Ashe', 'Darius', 'Seraphine', 'Viego', 'Zed')",1,0,1
"('Darius', 'Nidalee', 'Rell', 'Varus', 'Zed')",0,1,1
"('Aurelion Sol', 'Nocturne', 'Rell', 'Twisted Fate', 'Zed')",0,1,1
"('Camille', 'Lillia', 'Nilah', 'Twisted Fate', 'Zed')",0,1,1
"('Akshan', 'Kennen', 'Nidalee', 'Senna', 'Tahm Kench')",0,1,1
"('Jax', 'Kalista', 'Nidalee', 'Thresh', 'Tristana')",1,0,1
"('Ekko', 'Jayce', ""Kai'Sa"", 'Pyke', 'Zed')",0,1,1
"('Camille', 'Graves', 'Illaoi', 'Twisted Fate', 'Xayah')",1,0,1
"('Ashe', 'Hecarim', 'Kalista', 'LeBlanc', 'Nasus')",0,1,1
"('Camille', 'Nilah', ""Rek'Sai"", 'Twisted Fate', 'Yuumi')",0,1,1
"('Alistar', 'Cassiopeia', 'Jax', 'Orianna', 'Viego')",0,1,1
"('Corki', 'Jinx', ""K'Sante"", 'Renata Glasc', 'Rumble')",0,1,1
"('Camille', 'Draven', 'Graves', 'Nautilus', 'Orianna')",0,1,1
"('Ashe', 'Gragas', 'Malphite', 'Seraphine', 'Tristana')",0,1,1
"('Jinx', 'Malphite', 'Pantheon', 'Rumble', 'Tristana')",1,0,1
"('Camille', 'Graves', 'Skarner', 'Twisted Fate', ""Vel'Koz"")",0,1,1
"('Lucian', 'Malphite', 'Nami', 'Taliyah', 'Tristana')",0,1,1
"('Corki', 'Fiddlesticks', 'Lulu', 'Rumble', 'Tristana')",1,0,1
"('Alistar', ""Bel'Veth"", 'Jax', 'Twisted Fate', 'Varus')",1,0,1
"(""K'Sante"", 'Lillia', 'Orianna', 'Rakan', 'Xayah')",0,1,1
"('Jhin', 'Kindred', 'Qiyana', 'Rell', 'Twisted Fate')",1,0,1
"('Jax', 'Nidalee', 'Pyke', 'Twisted Fate', 'Twitch')",0,1,1
"('Jax', ""Kai'Sa"", 'Kled', 'Nautilus', 'Orianna')",0,1,1
"('Ashe', 'Braum', 'Camille', 'Nidalee', 'Twisted Fate')",1,0,1
"('Blitzcrank', 'Hwei', ""Kai'Sa"", 'Lee Sin', 'Vayne')",0,1,1
"('Corki', 'Jayce', 'Nami', 'Orianna', 'Pantheon')",1,0,1
"('Ahri', 'Braum', 'Darius', 'Kindred', 'Varus')",0,1,1
"('Akali', 'Lillia', 'Nautilus', 'Skarner', 'Zeri')",0,1,1
"('Jax', 'Nunu & Willump', 'Rakan', 'Tristana', 'Yasuo')",0,1,1
"('Blitzcrank', 'Hwei', 'Jinx', 'Kindred', 'Skarner')",1,0,1
"('Jinx', ""K'Sante"", 'Lulu', 'Taliyah', 'Vi')",1,0,1
"('Akali', 'Camille', 'Lee Sin', 'Rell', 'Samira')",0,1,1
"('Aphelios', 'Kennen', 'Nidalee', 'Thresh', 'Tristana')",0,1,1
"('Ezreal', 'Kennen', 'Poppy', 'Taliyah', 'Vi')",1,0,1
"('Aatrox', 'Ashe', 'Hwei', 'Rumble', 'Vi')",0,1,1
"('Alistar', 'Jinx', ""K'Sante"", 'Lulu', 'Sylas')",1,0,1
"('Brand', 'Corki', 'Poppy', 'Rammus', 'Skarner')",0,1,1
"('Jinx', ""K'Sante"", 'LeBlanc', 'Sylas', 'Thresh')",1,0,1
"('Hwei', ""Kai'Sa"", 'Pyke', 'Twisted Fate', 'Vi')",1,0,1
"('Aatrox', ""Kai'Sa"", 'Poppy', 'Rakan', 'Vladimir')",0,1,1
"('Aphelios', 'Nidalee', 'Rumble', 'Thresh', 'Tristana')",1,0,1
"('Camille', 'Kalista', 'Kayle', 'Lee Sin', 'Taliyah')",0,1,1
"('Alistar', 'Hwei', 'Jarvan IV', ""K'Sante"", 'Zeri')",0,1,1
"('Lucian', 'Rell', 'Rumble', 'Taliyah', 'Zed')",0,1,1
"('Jhin', 'LeBlanc', 'Lee Sin', 'Lux', 'Rumble')",1,0,1
"('Kalista', 'Skarner', 'Sylas', 'Taric', 'Vi')",1,0,1
"('Bard', 'Caitlyn', 'Irelia', 'Jax', 'Nidalee')",1,0,1
"('Jinx', 'Taliyah', 'Thresh', 'Vayne', 'Viego')",0,1,1
"('Jax', ""Kog'Maw"", 'LeBlanc', 'Lee Sin', 'Thresh')",1,0,1
"('Akshan', 'Kalista', 'Lillia', 'Renata Glasc', 'Wukong')",1,0,1
"('Ivern', 'Jinx', 'Neeko', 'Renekton', 'Thresh')",1,0,1
"('Corki', 'Galio', 'Teemo', 'Thresh', 'Viego')",1,0,1
"('Cassiopeia', 'Lillia', 'Lucian', 'Nami', 'Tryndamere')",1,0,1
"('Aatrox', 'Caitlyn', 'Graves', 'Orianna', 'Thresh')",1,0,1
"('Caitlyn', 'Cassiopeia', 'Leona', 'Syndra', 'Viego')",1,0,1
"('Aphelios', 'Blitzcrank', 'Hwei', 'Kennen', 'Shaco')",1,0,1
"(""Kai'Sa"", 'Nasus', 'Nautilus', 'Twisted Fate', 'Viego')",0,1,1
"('Corki', 'Heimerdinger', 'Nautilus', 'Taliyah', 'Twisted Fate')",0,1,1
"('Jayce', 'Nidalee', 'Rakan', 'Renekton', 'Xayah')",1,0,1
"('Aurelion Sol', 'Jax', 'Lee Sin', 'Rakan', 'Varus')",1,0,1
"('Draven', 'Hwei', ""K'Sante"", 'Kindred', 'Renata Glasc')",1,0,1
"('Cassiopeia', ""Kai'Sa"", 'Nautilus', 'Yasuo', 'Zac')",0,1,1
"('Jayce', ""Kai'Sa"", 'Lee Sin', 'Rakan', ""Vel'Koz"")",1,0,1
"('Jayce', 'Neeko', 'Rakan', 'Rengar', 'Varus')",1,0,1
"('Anivia', 'Blitzcrank', 'Caitlyn', 'Fizz', 'Talon')",1,0,1
"('Jayce', 'Jhin', 'Nautilus', 'Nidalee', 'Vex')",0,1,1
"('Fiora', ""Kai'Sa"", 'Maokai', ""Rek'Sai"", 'Taliyah')",1,0,1
"('Alistar', 'Anivia', 'Darius', 'Jinx', 'Lee Sin')",0,1,1
"('Darius', 'Rell', 'Syndra', 'Taliyah', 'Tristana')",1,0,1
"('Annie', 'Ashe', 'Braum', 'Darius', 'Viego')",0,1,1
"('Gragas', 'Jhin', 'Renekton', 'Swain', 'Yasuo')",0,1,1
"('Ezreal', 'Hwei', 'Poppy', 'Renekton', 'Taliyah')",0,1,1
"('Jax', 'Jhin', 'Kindred', 'Syndra', 'Xerath')",1,0,1
"('Aatrox', 'Corki', 'Nautilus', 'Nidalee', 'Samira')",0,1,1
"('Draven', 'Karthus', 'Nautilus', 'Rumble', 'Tristana')",1,0,1
"('Ashe', 'Darius', 'Heimerdinger', 'Rammus', 'Yasuo')",1,0,1
"('Ahri', 'Ashe', 'Darius', 'Lee Sin', 'Rumble')",0,1,1
"('Brand', 'Camille', 'Irelia', 'Renata Glasc', 'Xayah')",1,0,1
"('Akshan', 'Gangplank', 'Lillia', 'Pantheon', 'Tristana')",0,1,1
"('Azir', 'Caitlyn', 'Gragas', 'Lee Sin', 'Senna')",1,0,1
"('Aphelios', 'Bard', 'Skarner', 'Talon', 'Volibear')",1,0,1
"('Caitlyn', 'Galio', 'Karma', ""Kha'Zix"", 'Zac')",1,0,1
"('Cassiopeia', 'Gwen', 'Rell', 'Samira', 'Viego')",1,0,1
"('Akshan', 'Braum', 'Jinx', ""K'Sante"", 'Karthus')",0,1,1
"('Akali', 'Draven', 'Pyke', 'Rengar', 'Teemo')",0,1,1
"('Aatrox', 'Aphelios', 'Blitzcrank', 'Syndra', 'Viego')",0,1,1
"('Corki', 'Nilah', 'Rell', 'Skarner', 'Taliyah')",1,0,1
"('Bard', 'Corki', 'Olaf', 'Taliyah', 'Tristana')",0,1,1
"('Amumu', 'Nautilus', 'Pantheon', 'Samira', 'Tristana')",0,1,1
"('Aurelion Sol', ""Kai'Sa"", 'Lee Sin', 'Rell', 'Volibear')",1,0,1
"('Akali', 'Akshan', 'Jinx', 'Rakan', 'Viego')",0,1,1
"('Aphelios', 'Jax', 'LeBlanc', 'Lee Sin', 'Pyke')",0,1,1
"('Aurelion Sol', ""Kai'Sa"", 'Nautilus', 'Talon', 'Viego')",0,1,1
"('Akshan', 'Corki', 'Gragas', 'Miss Fortune', 'Sett')",1,0,1
"('Jayce', 'Jhin', 'Rakan', 'Skarner', 'Sylas')",1,0,1
"('Corki', 'Leona', 'Lillia', 'Rumble', 'Tristana')",1,0,1
"('Camille', 'Graves', 'Hwei', 'Kalista', 'Rumble')",1,0,1
"('Akshan', 'Hwei', 'Jhin', 'Warwick', 'Xin Zhao')",0,1,1
"('Jinx', 'Kennen', 'Lee Sin', 'Seraphine', 'Taliyah')",0,1,1
"('Camille', 'LeBlanc', 'Lee Sin', 'Senna', 'Seraphine')",0,1,1
"('Braum', 'Corki', 'Hecarim', 'Jax', 'Taliyah')",1,0,1
"('Corki', 'Galio', 'Hecarim', 'Jax', 'Rumble')",0,1,1
"('Akshan', 'Blitzcrank', 'Graves', ""Kai'Sa"", 'Rumble')",0,1,1
"('Blitzcrank', 'Corki', 'Karthus', 'Miss Fortune', 'Skarner')",1,0,1
"('Akali', 'Aphelios', 'Pyke', ""Rek'Sai"", 'Zac')",0,1,1
"('Blitzcrank', 'Gragas', 'Graves', 'Jayce', 'Jinx')",1,0,1
"('Brand', 'Corki', ""K'Sante"", 'Nautilus', 'Varus')",1,0,1
"('Elise', 'Hwei', 'Renata Glasc', 'Skarner', 'Varus')",1,0,1
"('Kalista', 'Lillia', 'Ornn', 'Qiyana', 'Renata Glasc')",1,0,1
"('Aphelios', 'Azir', 'Rell', 'Shaco', 'Skarner')",1,0,1
"('LeBlanc', 'Nasus', 'Smolder', 'Sona', 'Vi')",0,1,1
"('Camille', 'Galio', 'Graves', 'Tryndamere', 'Varus')",0,1,1
"('Nidalee', 'Rell', 'Samira', 'Skarner', 'Zed')",1,0,1
"('Aurelion Sol', 'Cassiopeia', 'Nautilus', 'Varus', 'Viego')",1,0,1
"('Jax', 'Nocturne', 'Pyke', 'Tristana', ""Vel'Koz"")",1,0,1
"('Camille', 'Hwei', 'Jinx', 'Nautilus', 'Nocturne')",0,1,1
"('Ashe', 'Galio', 'Lee Sin', 'Riven', 'Varus')",1,0,1
"('Braum', ""Kai'Sa"", ""Kha'Zix"", 'Rumble', 'Viego')",0,1,1
"('Karthus', 'Nasus', 'Nautilus', 'Twisted Fate', 'Zeri')",1,0,1
"('Hwei', 'Nautilus', 'Sett', 'Tryndamere', 'Varus')",1,0,1
"('Karthus', 'Nasus', 'Seraphine', 'Tristana', 'Zeri')",0,1,1
"('Jax', ""K'Sante"", ""Kai'Sa"", 'Lillia', 'Pyke')",0,1,1
"('Camille', 'Fiddlesticks', 'Fiora', 'Hwei', 'Zeri')",1,0,1
"('Ashe', ""K'Sante"", 'Lillia', 'Lulu', 'Olaf')",1,0,1
"('Fiora', 'Graves', 'Hwei', 'Jhin', 'Malphite')",0,1,1
"('Braum', 'Graves', 'Nunu & Willump', 'Singed', 'Zeri')",1,0,1
"('Anivia', 'Hwei', 'Jhin', ""Kha'Zix"", 'Renekton')",1,0,1
"('Braum', 'Jinx', 'Olaf', 'Tryndamere', 'Twisted Fate')",0,1,1
"('Jayce', 'Jinx', 'Rell', 'Riven', 'Viego')",0,1,1
"('Quinn', 'Renata Glasc', 'Rumble', 'Tristana', 'Varus')",1,0,1
"('Kennen', 'Ornn', 'Senna', 'Taliyah', 'Viego')",0,1,1
"('Akshan', 'Nidalee', 'Ornn', 'Senna', 'Tryndamere')",1,0,1
"('Camille', 'Poppy', 'Renata Glasc', 'Taliyah', 'Varus')",1,0,1
"('Bard', 'Fiddlesticks', 'Jayce', 'Smolder', 'Taliyah')",0,1,1
"('Jinx', 'Skarner', 'Thresh', 'Viego', 'Zac')",0,1,1
"(""Bel'Veth"", 'Gragas', 'Heimerdinger', 'Kalista', 'Kindred')",0,1,1
"('Diana', 'Gwen', 'Jinx', 'Qiyana', 'Rell')",1,0,1
"('Ashe', 'Diana', 'Jinx', 'Shen', 'Yasuo')",1,0,1
"('Brand', 'Graves', 'Pantheon', 'Rumble', 'Zeri')",0,1,1
"('Katarina', 'Lillia', 'Lucian', 'Nami', 'Skarner')",1,0,1
"('Jinx', 'Renekton', 'Taliyah', 'Thresh', 'Tristana')",1,0,1
"('Azir', 'Jhin', 'Kennen', 'Lee Sin', 'Rakan')",0,1,1
"('Camille', 'Diana', 'Hwei', ""Kai'Sa"", 'Xin Zhao')",1,0,1
"(""Kai'Sa"", 'LeBlanc', 'Nautilus', 'Olaf', 'Soraka')",1,0,1
"('Miss Fortune', ""Rek'Sai"", 'Seraphine', 'Tryndamere', 'Twisted Fate')",1,0,1
"('Anivia', 'Aphelios', 'Olaf', 'Thresh', 'Vayne')",0,1,1
"('Gnar', 'Heimerdinger', 'Jayce', 'Jhin', 'Skarner')",1,0,1
"('Alistar', 'Jinx', 'Karthus', 'Tristana', 'Yone')",0,1,1
"('Jinx', 'Kennen', 'Kindred', 'Lux', 'Senna')",1,0,1
"('Jinx', 'Leona', 'Malphite', 'Pantheon', 'Taliyah')",0,1,1
"('Jhin', 'Mordekaiser', 'Nidalee', 'Seraphine', 'Tristana')",0,1,1
"('Aphelios', 'Dr. Mundo', 'Graves', 'Hwei', 'Nautilus')",1,0,1
"('Aphelios', 'Nautilus', 'Nidalee', 'Viego', 'Yone')",0,1,1
"('Corki', 'Graves', 'Rell', 'Sion', 'Taliyah')",1,0,1
"('Corki', 'Kennen', 'Kindred', 'Nautilus', 'Viego')",0,1,1
"('Corki', 'Hwei', 'Nautilus', 'Renekton', 'Viego')",1,0,1
"('Graves', 'Hwei', 'Leona', 'Rumble', 'Xayah')",0,1,1
"('Blitzcrank', 'Jax', ""Kai'Sa"", 'Renekton', 'Taliyah')",1,0,1
"('Jhin', 'Kled', 'Lee Sin', 'Shaco', 'Taliyah')",1,0,1
"('Camille', 'Hwei', ""Kai'Sa"", 'Nautilus', 'Nidalee')",0,1,1
"('Bard', 'Graves', 'Jhin', ""K'Sante"", 'Taliyah')",0,1,1
"('Corki', 'Galio', 'Nautilus', 'Vayne', 'Viego')",0,1,1
"('Aurelion Sol', 'Draven', 'Graves', 'Lux', 'Sion')",1,0,1
"('Aatrox', 'Corki', 'Neeko', 'Taliyah', 'Tristana')",1,0,1
"('Jinx', 'Lee Sin', 'Lulu', 'Syndra', 'Teemo')",1,0,1
"('Anivia', 'Dr. Mundo', 'Graves', 'Jinx', 'Rumble')",1,0,1
"('Hwei', 'Jayce', 'Jhin', 'Karma', 'Poppy')",0,1,1
"('Draven', 'Jax', 'Rell', 'Vex', 'Viego')",0,1,1
"('Aatrox', 'Graves', 'Jarvan IV', 'Miss Fortune', 'Viktor')",0,1,1
"('Camille', ""Kai'Sa"", 'Ornn', 'Taliyah', 'Tristana')",1,0,1
"('Darius', 'Galio', 'Jinx', 'Seraphine', 'Viego')",0,1,1
"('Corki', 'Darius', 'Katarina', 'Kindred', 'Rell')",0,1,1
"('Brand', 'Darius', 'Heimerdinger', 'Jhin', 'Katarina')",1,0,1
"('Darius', 'Hecarim', 'Irelia', ""Kai'Sa"", 'Poppy')",0,1,1
"('Aurelion Sol', 'Brand', 'Darius', 'Varus', 'Viego')",1,0,1
"('Ashe', 'Darius', 'Lee Sin', 'Maokai', 'Zed')",1,0,1
"(""Bel'Veth"", 'Blitzcrank', 'Darius', ""Kai'Sa"", 'Yasuo')",1,0,1
"('Bard', 'Darius', 'Nidalee', 'Tristana', 'Zeri')",0,1,1
"('Alistar', 'Darius', ""Kha'Zix"", 'Zac', 'Zeri')",0,1,1
"('Camille', 'Jayce', 'Kennen', 'Samira', 'Taliyah')",0,1,1
"('Alistar', ""Bel'Veth"", 'Darius', ""Kai'Sa"", 'Yone')",1,0,1
"('Ashe', ""Bel'Veth"", 'Braum', 'Darius', 'LeBlanc')",1,0,1
"('Nidalee', 'Rell', 'Renekton', 'Samira', 'Yasuo')",1,0,1
"('Ashe', 'Gwen', 'Jayce', 'Kalista', 'Sylas')",0,1,1
"('Aatrox', 'Nidalee', 'Rell', 'Tristana', 'Zeri')",1,0,1
"('Rakan', 'Urgot', ""Vel'Koz"", 'Viego', 'Zeri')",1,0,1
"('Ahri', 'Kalista', 'Skarner', 'Soraka', 'Viego')",0,1,1
"('Aatrox', 'Kalista', 'Master Yi', 'Nautilus', 'Nidalee')",0,1,1
"('Graves', 'Nautilus', 'Nilah', 'Taliyah', 'Twisted Fate')",1,0,1
"('Aphelios', 'Renekton', 'Taliyah', 'Thresh', 'Tristana')",0,1,1
"('Jayce', 'Jinx', 'Rumble', 'Thresh', 'Zac')",1,0,1
"('Aurelion Sol', 'Garen', 'Lee Sin', 'Seraphine', 'Twitch')",0,1,1
"('Alistar', 'Brand', 'Corki', 'Jinx', 'Volibear')",0,1,1
"('Ashe', 'Gwen', 'Qiyana', 'Senna', 'Vladimir')",1,0,1
"('Ezreal', 'Jinx', 'Nautilus', 'Viego', 'Vladimir')",1,0,1
"('Darius', 'Galio', 'Jinx', 'Kindred', 'Lulu')",1,0,1
"('Camille', 'Jinx', 'Pantheon', 'Yasuo', 'Zed')",1,0,1
"('Aurelion Sol', 'Camille', 'Lucian', 'Nami', 'Talon')",0,1,1
"('Diana', 'Graves', 'Jax', 'Jinx', 'Thresh')",1,0,1
"('Irelia', 'Jayce', 'Lucian', 'Nami', 'Taliyah')",0,1,1
"('Gangplank', 'Heimerdinger', 'Jinx', 'Nidalee', 'Sion')",1,0,1
"('Anivia', 'Irelia', 'Lucian', 'Master Yi', 'Nami')",1,0,1
"('Lucian', 'Malzahar', 'Nami', ""Rek'Sai"", 'Vi')",0,1,1
"('Aphelios', 'Darius', 'LeBlanc', 'Nautilus', 'Nidalee')",0,1,1
"('Galio', 'Hecarim', 'Jinx', 'Milio', 'Skarner')",1,0,1
"('Jayce', 'Lucian', 'Nami', 'Rengar', 'Vladimir')",0,1,1
"('Jinx', 'Lee Sin', 'Lillia', 'Rell', 'Tristana')",0,1,1
"('Ahri', 'Ashe', 'Gragas', 'Gwen', 'Pyke')",0,1,1
"('Corki', 'Gragas', 'Lucian', 'Nami', 'Yone')",0,1,1
"('Ashe', 'Fiddlesticks', 'Jayce', ""K'Sante"", 'Taliyah')",0,1,1
"('Diana', 'Seraphine', 'Viego', 'Yone', 'Ziggs')",1,0,1
"('Graves', 'Hwei', 'Malzahar', 'Rakan', 'Tryndamere')",1,0,1
"('Akali', 'Ashe', 'Graves', 'Jhin', 'Skarner')",1,0,1
"('Camille', 'Irelia', 'Jinx', 'Taliyah', 'Thresh')",1,0,1
"('Azir', 'Blitzcrank', ""Kai'Sa"", 'Nidalee', 'Renekton')",1,0,1
"('Graves', 'Heimerdinger', 'Neeko', 'Rakan', 'Skarner')",1,0,1
"('Aurelion Sol', 'Corki', 'Lee Sin', 'Milio', 'Skarner')",1,0,1
"('Corki', ""K'Sante"", 'Leona', 'Taliyah', 'Yone')",0,1,1
"('Alistar', 'Draven', 'LeBlanc', 'Ryze', 'Vi')",0,1,1
"('Akali', 'Jinx', 'Nautilus', 'Riven', 'Viego')",1,0,1
"('Blitzcrank', 'Fiora', 'Graves', ""Kai'Sa"", 'Kennen')",0,1,1
"('Blitzcrank', ""K'Sante"", 'Kindred', 'Orianna', 'Varus')",0,1,1
"('Jinx', 'Nidalee', 'Skarner', 'Thresh', 'Yasuo')",1,0,1
"('Galio', 'Hecarim', 'Jax', 'Jinx', 'Zilean')",1,0,1
"(""Bel'Veth"", 'Hwei', 'Jayce', 'Lucian', 'Pyke')",1,0,1
"('Jax', 'Lucian', 'Nami', 'Taliyah', 'Yone')",0,1,1
"('Annie', 'Jinx', 'Nautilus', 'Riven', 'Taliyah')",1,0,1
"('Nidalee', 'Thresh', 'Tristana', 'Varus', 'Viego')",0,1,1
"('Aatrox', 'Draven', 'Graves', 'Syndra', 'Thresh')",1,0,1
"('Draven', 'Hwei', 'Nautilus', 'Xin Zhao', 'Zac')",0,1,1
"('LeBlanc', 'Lillia', 'Rakan', 'Renekton', 'Varus')",0,1,1
"('Ashe', ""Bel'Veth"", 'Sylas', 'Udyr', 'Varus')",1,0,1
"('Alistar', 'Graves', 'Kalista', 'Twisted Fate', 'Varus')",0,1,1
"('Akali', 'Aurelion Sol', 'Skarner', 'Thresh', 'Varus')",0,1,1
"('Corki', 'Nidalee', 'Rell', 'Skarner', 'Twisted Fate')",1,0,1
"('Ashe', 'Graves', 'Hwei', 'Jayce', 'Thresh')",1,0,1
"('Akali', 'Fiora', 'LeBlanc', 'Lee Sin', 'Varus')",1,0,1
"('Azir', 'Lee Sin', 'Nautilus', 'Samira', 'Skarner')",0,1,1
"('Azir', 'Jax', 'Nautilus', 'Wukong', 'Zeri')",0,1,1
"('Gwen', 'Hwei', 'Jinx', 'Pyke', ""Rek'Sai"")",0,1,1
"('Aatrox', 'Blitzcrank', 'Fiddlesticks', ""Kai'Sa"", 'Tristana')",1,0,1
"('Gnar', 'Hecarim', 'Pyke', 'Seraphine', 'Vex')",1,0,1
"('Gragas', 'Jinx', 'Kindred', 'Tryndamere', 'Vex')",1,0,1
"('Annie', ""K'Sante"", 'Lucian', 'Nautilus', 'Viego')",1,0,1
"('Blitzcrank', 'Jax', 'Kindred', 'Orianna', 'Zeri')",1,0,1
"('Brand', 'Heimerdinger', 'Jax', 'Miss Fortune', 'Viego')",1,0,1
"('Brand', ""K'Sante"", 'Kalista', 'Taric', 'Vi')",0,1,1
"('Alistar', 'Kalista', 'Lillia', 'Skarner', 'Tristana')",0,1,1
"('Ashe', 'Aurelion Sol', 'Kindred', 'Neeko', 'Skarner')",1,0,1
"('Aurelion Sol', 'Corki', 'Jax', 'Rell', 'Viego')",0,1,1
"('Alistar', 'Jinx', 'Renekton', 'Rengar', 'Viktor')",1,0,1
"('Alistar', 'Ashe', 'Renekton', 'Rumble', 'Viego')",1,0,1
"('Kalista', 'Maokai', 'Pantheon', 'Tryndamere', 'Yone')",0,1,1
"(""Kha'Zix"", 'Lucian', 'Nami', 'Ornn', 'Viktor')",1,0,1
"('Akali', 'Lee Sin', 'Nautilus', 'Skarner', 'Varus')",0,1,1
"('Ahri', ""K'Sante"", 'Kalista', ""Kha'Zix"", 'Nautilus')",1,0,1
"('Ahri', 'Draven', 'Rell', 'Viego', 'Warwick')",1,0,1
"('Elise', 'Jayce', ""Kai'Sa"", 'Kled', 'Morgana')",1,0,1
"('Draven', 'Pyke', 'Skarner', 'Viego', 'Viktor')",1,0,1
"('Heimerdinger', 'Karthus', 'Lucian', 'Nautilus', 'Varus')",0,1,1
"('Draven', 'Graves', 'Hwei', 'Nautilus', 'Xin Zhao')",1,0,1
"('Cassiopeia', 'Mordekaiser', 'Orianna', 'Pyke', 'Viego')",1,0,1
"('Camille', 'Draven', 'Skarner', 'Twisted Fate', 'Viego')",0,1,1
"('Gragas', 'Jax', 'Skarner', 'Viktor', 'Zeri')",1,0,1
"('Corki', 'Irelia', 'Jayce', 'Lillia', 'Nautilus')",1,0,1
"('Corki', 'Gwen', 'Irelia', 'Kindred', 'Nautilus')",0,1,1
"('Akali', 'Karthus', 'Seraphine', 'Tristana', 'Varus')",0,1,1
"('Hwei', 'Kalista', 'Pyke', 'Skarner', 'Viego')",1,0,1
"('Kindred', 'LeBlanc', 'Rumble', 'Seraphine', 'Zeri')",1,0,1
"('Hwei', 'Jax', 'Kindred', 'Rell', 'Varus')",0,1,1
"('Galio', 'Jinx', 'Lillia', 'Orianna', 'Tryndamere')",1,0,1
"('Akali', 'Aphelios', 'Braum', 'Rumble', 'Viego')",1,0,1
"('Hwei', 'Janna', 'Rengar', 'Riven', 'Varus')",1,0,1
"('Kennen', 'Neeko', 'Taliyah', 'Tristana', 'Varus')",0,1,1
"('Hwei', 'Lee Sin', 'Taric', 'Tristana', 'Xerath')",1,0,1
"('Lulu', 'Nasus', 'Shaco', 'Zeri', 'Zoe')",0,1,1
"('Caitlyn', 'Camille', 'Jayce', 'Lillia', 'Maokai')",1,0,1
"('Jax', ""Kai'Sa"", 'Lee Sin', 'Thresh', 'Zoe')",1,0,1
"('Aatrox', 'Hwei', ""Kai'Sa"", 'Nautilus', 'Skarner')",1,0,1
"('Akali', 'Heimerdinger', ""Kai'Sa"", 'Lee Sin', 'Nautilus')",0,1,1
"('Aurelion Sol', 'Draven', ""Kha'Zix"", 'Rell', 'Skarner')",1,0,1
"('Caitlyn', 'Graves', 'Mordekaiser', 'Zilean', 'Zoe')",1,0,1
"('Hwei', 'Jax', 'Jhin', 'Pyke', 'Viego')",1,0,1
"('Hwei', 'Kalista', 'Lee Sin', 'Ornn', 'Rell')",0,1,1
"('Ornn', 'Rakan', 'Smolder', 'Viego', 'Zoe')",1,0,1
"('Hwei', 'Maokai', 'Tristana', 'Varus', 'Zoe')",1,0,1
"('Aphelios', 'Jax', 'Lee Sin', 'Thresh', 'Zoe')",1,0,1
"('Bard', ""Kai'Sa"", 'Karthus', 'Riven', 'Tristana')",1,0,1
"('Aurelion Sol', 'Graves', 'Jinx', 'Kalista', 'Seraphine')",0,1,1
"('Aurelion Sol', 'Ezreal', 'Nautilus', 'Skarner', 'Talon')",0,1,1
"('Ahri', ""K'Sante"", 'Kindred', 'Pyke', 'Smolder')",1,0,1
"('Jinx', 'Nautilus', 'Sett', 'Shaco', 'Twisted Fate')",0,1,1
"('Akali', 'Jax', 'Kindred', 'Nautilus', 'Senna')",0,1,1
"('Cassiopeia', 'Galio', 'Graves', ""Kai'Sa"", 'Pyke')",0,1,1
"('Anivia', 'Graves', 'Hwei', 'Jinx', 'Nautilus')",1,0,1
"('Blitzcrank', 'Cassiopeia', ""Kai'Sa"", 'Tryndamere', 'Viego')",0,1,1
"('Galio', 'Leona', 'Twisted Fate', 'Viego', 'Zeri')",0,1,1
"('Ashe', 'Braum', 'Cassiopeia', 'Graves', ""K'Sante"")",1,0,1
"('Ahri', 'Corki', 'Talon', 'Thresh', 'Twisted Fate')",1,0,1
"('Annie', 'Gragas', 'Kindred', 'Thresh', 'Varus')",0,1,1
"('Aurelion Sol', 'Braum', 'Camille', 'Ezreal', 'Talon')",1,0,1
"(""Kai'Sa"", 'Rell', 'Twisted Fate', 'Viego', 'Zoe')",1,0,1
"('Akshan', 'Fiddlesticks', 'Leona', 'Sett', 'Sivir')",1,0,1
"('Ezreal', 'Karma', 'Lee Sin', 'Skarner', 'Twisted Fate')",0,1,1
"('Akshan', 'Braum', 'Corki', 'Hwei', ""Rek'Sai"")",0,1,1
"('Gnar', ""Kai'Sa"", 'Nautilus', 'Taliyah', 'Tristana')",0,1,1
"('Aurelion Sol', 'Rakan', 'Tryndamere', 'Varus', 'Vi')",1,0,1
"('Caitlyn', 'Nautilus', 'Pantheon', 'Zac', 'Zoe')",0,1,1
"('Blitzcrank', 'Cassiopeia', 'Jinx', 'Taliyah', 'Yasuo')",1,0,1
"('Cassiopeia', 'Jinx', 'Leona', 'Taliyah', 'Viego')",1,0,1
"(""Kog'Maw"", 'Lulu', 'Orianna', 'Pantheon', 'Vi')",0,1,1
"('Brand', 'Kled', 'Nautilus', 'Varus', 'Yone')",1,0,1
"('Ashe', 'Blitzcrank', 'Gwen', 'Nidalee', 'Yone')",0,1,1
"('Azir', 'Cassiopeia', 'Jayce', 'Nautilus', 'Skarner')",1,0,1
"('Ashe', 'Camille', 'Heimerdinger', 'Lee Sin', 'Twisted Fate')",1,0,1
"('Corki', 'Jayce', 'Lee Sin', 'Nautilus', 'Samira')",0,1,1
"('Irelia', 'Jinx', 'Kennen', 'Lee Sin', 'Skarner')",0,1,1
"('Akshan', 'Caitlyn', 'Maokai', 'Rumble', 'Taliyah')",0,1,1
"('Ashe', 'Corki', 'Jax', 'Rakan', 'Taliyah')",0,1,1
"('Aatrox', 'Renekton', 'Senna', 'Taliyah', 'Vladimir')",1,0,1
"('Alistar', 'Hwei', ""Kai'Sa"", 'Nidalee', 'Vayne')",0,1,1
"('Azir', 'Bard', 'Caitlyn', 'Nidalee', 'Vayne')",1,0,1
"('Gragas', 'Hwei', 'Jhin', 'Kindred', 'Rumble')",0,1,1
"('Aatrox', 'Alistar', 'Anivia', 'Lee Sin', 'Varus')",1,0,1
"('Gnar', ""Kai'Sa"", 'Nidalee', 'Pyke', 'Tristana')",0,1,1
"('Caitlyn', 'Jax', 'Lux', 'Quinn', 'Ryze')",0,1,1
"('Ahri', 'Camille', 'Jinx', 'Thresh', 'Viego')",1,0,1
"('Ashe', 'LeBlanc', 'Rakan', 'Shaco', 'Vayne')",1,0,1
"('Jinx', 'LeBlanc', 'Nautilus', 'Vayne', 'Viego')",1,0,1
"('Ashe', 'Jax', ""K'Sante"", 'Katarina', 'Thresh')",0,1,1
"('Alistar', 'Diana', 'Graves', 'Olaf', 'Varus')",0,1,1
"('Akshan', 'Graves', 'Malphite', 'Miss Fortune', 'Skarner')",1,0,1
"('Jhin', 'LeBlanc', 'Malphite', 'Pantheon', 'Rumble')",0,1,1
"('Corki', 'Elise', ""K'Sante"", 'Pyke', 'Qiyana')",1,0,1
"('Ahri', 'Ashe', 'Quinn', 'Seraphine', 'Vi')",0,1,1
"(""Kai'Sa"", 'Lee Sin', 'Malzahar', 'Maokai', 'Nautilus')",0,1,1
"('Corki', 'Fiora', 'Hwei', 'Rengar', 'Rumble')",1,0,1
"('Akshan', 'Dr. Mundo', 'Nautilus', 'Nidalee', 'Senna')",1,0,1
"('Graves', ""K'Sante"", 'Senna', 'Seraphine', 'Sylas')",0,1,1
"('Akshan', 'Lillia', 'Lucian', 'Nami', 'Skarner')",0,1,1
"('Alistar', 'Gwen', 'Tristana', 'Tryndamere', 'Varus')",0,1,1
"('Gwen', 'Lillia', 'Maokai', 'Smolder', 'Tristana')",0,1,1
"('Ashe', 'Corki', 'Diana', 'Jax', 'Lee Sin')",1,0,1
"('Fiora', 'Lillia', 'Rumble', 'Varus', 'Viego')",0,1,1
"('Jayce', ""Kai'Sa"", 'Lillia', 'Senna', 'Twisted Fate')",0,1,1
"(""Kai'Sa"", 'Kled', 'Pyke', 'Qiyana', 'Taliyah')",1,0,1
"('Blitzcrank', 'Gnar', 'Nidalee', 'Talon', 'Varus')",0,1,1
"('Graves', 'Hwei', 'Jax', ""Kai'Sa"", 'Pyke')",1,0,1
"('Aphelios', 'Graves', ""K'Sante"", 'Lissandra', 'Lulu')",1,0,1
"('Aurelion Sol', ""Bel'Veth"", 'Poppy', 'Sivir', 'Vayne')",1,0,1
"('Bard', 'Camille', 'Neeko', 'Varus', 'Viego')",0,1,1
"('Cassiopeia', 'Diana', 'Jhin', 'Nautilus', 'Yasuo')",1,0,1
"('Kennen', 'Lee Sin', 'Olaf', 'Ornn', 'Senna')",1,0,1
"('Ashe', 'Corki', 'Elise', 'Gragas', 'Leona')",0,1,1
"('Aatrox', 'Jinx', 'Taliyah', 'Thresh', 'Tristana')",1,0,1
"('Corki', 'Lillia', 'Nautilus', 'Vladimir', 'Xayah')",1,0,1
"('Draven', 'Hwei', ""Rek'Sai"", 'Rumble', 'Skarner')",1,0,1
"('Brand', 'Corki', 'Olaf', 'Orianna', 'Viego')",1,0,1
"('Ashe', 'Jax', 'Jayce', 'Nidalee', 'Taric')",1,0,1
"('Akali', 'Brand', 'Camille', 'Jhin', 'Rakan')",0,1,1
"('Gangplank', 'Hwei', ""Kai'Sa"", 'Lee Sin', 'Zac')",1,0,1
"(""Kai'Sa"", 'Nidalee', 'Pyke', 'Qiyana', 'Varus')",1,0,1
"('Darius', ""Kai'Sa"", 'Lee Sin', 'Nautilus', 'Sylas')",1,0,1
"('Akali', ""Kai'Sa"", ""Kha'Zix"", 'Nautilus', ""Rek'Sai"")",1,0,1
"('Jax', 'Jayce', 'Lillia', 'Nautilus', 'Twitch')",0,1,1
"('Anivia', 'Aphelios', 'Graves', 'Jayce', 'Lulu')",0,1,1
"('Alistar', 'Nidalee', 'Renekton', 'Samira', 'Yasuo')",0,1,1
"('Alistar', 'Camille', 'Corki', 'Taliyah', 'Tristana')",1,0,1
"('Blitzcrank', 'Ivern', 'Jinx', 'Katarina', 'Renekton')",0,1,1
"('Corki', 'Gwen', 'Renekton', 'Rumble', 'Viego')",1,0,1
"('Ahri', 'Jinx', 'Pyke', 'Quinn', 'Vi')",1,0,1
"('Amumu', ""Kai'Sa"", 'Kled', 'Taliyah', 'Yasuo')",1,0,1
"('Fiora', 'Lucian', 'Taliyah', 'Taric', 'Yasuo')",0,1,1
"('Corki', 'Lillia', 'Poppy', 'Singed', 'Yasuo')",0,1,1
"('Ekko', 'Jayce', 'Rakan', 'Yasuo', 'Zeri')",1,0,1
"('Diana', 'Jhin', 'Kled', 'Seraphine', 'Yasuo')",0,1,1
"('Dr. Mundo', ""Kog'Maw"", 'Nidalee', 'Tahm Kench', 'Yasuo')",1,0,1
"('Cassiopeia', 'Diana', 'Jhin', 'Pyke', 'Yasuo')",0,1,1
"('Ashe', 'Karthus', 'Rell', 'Skarner', 'Yasuo')",1,0,1
"('Blitzcrank', 'Diana', 'Renekton', 'Yasuo', 'Zeri')",0,1,1
"('Ashe', 'Hwei', 'Olaf', 'Rumble', 'Vi')",0,1,1
"('Jinx', 'Kled', 'Nautilus', 'Vex', 'Vi')",1,0,1
"('Graves', ""Kai'Sa"", 'Pyke', 'Viego', 'Zac')",1,0,1
"('Jax', 'Kalista', 'Nidalee', 'Pyke', 'Tristana')",1,0,1
"('Corki', 'Gragas', 'Irelia', 'Pyke', 'Tryndamere')",0,1,1
"('Hwei', 'Illaoi', 'Lee Sin', 'Pyke', ""Vel'Koz"")",1,0,1
"('Aatrox', ""Bel'Veth"", 'Heimerdinger', 'Pyke', 'Yasuo')",1,0,1
"('Aurelion Sol', 'Fiddlesticks', 'Nautilus', 'Renekton', 'Tristana')",1,0,1
"('Galio', 'Gragas', 'Hecarim', 'Pyke', 'Zeri')",1,0,1
"('Azir', 'Nunu & Willump', 'Renekton', 'Rumble', 'Varus')",0,1,1
"('Gragas', 'Jinx', 'Kindred', 'Nautilus', 'Skarner')",0,1,1
"('Darius', ""Kai'Sa"", 'Nidalee', 'Rumble', 'Zed')",0,1,1
"('Ahri', 'Aphelios', 'Gwen', 'Olaf', 'Rell')",0,1,1
"('Fiddlesticks', 'Gnar', 'Pantheon', 'Rell', 'Varus')",1,0,1
"('Alistar', 'Heimerdinger', 'Jax', 'Jinx', 'Udyr')",1,0,1
"('Blitzcrank', 'Camille', 'LeBlanc', 'Shaco', 'Varus')",1,0,1
"('Ashe', 'Lillia', 'Skarner', 'Tristana', 'Zoe')",1,0,1
"(""Kai'Sa"", ""Rek'Sai"", 'Riven', 'Thresh', 'Vex')",0,1,1
"('Brand', 'Rakan', 'Skarner', 'Smolder', 'Zed')",1,0,1
"('Galio', 'Graves', 'Jhin', 'Shaco', 'Skarner')",0,1,1
"('Ahri', 'Camille', ""Kai'Sa"", 'Skarner', 'Vi')",1,0,1
"('Ahri', 'Corki', 'Jax', 'Lee Sin', 'Skarner')",0,1,1
"('Akshan', 'Blitzcrank', 'Diana', 'Nasus', 'Zeri')",1,0,1
"('Hwei', 'Jax', 'Rakan', 'Viego', 'Zeri')",1,0,1
"('Graves', 'Illaoi', 'Neeko', 'Zeri', 'Zyra')",1,0,1
"('Illaoi', 'Lee Sin', 'Pyke', 'Vex', 'Zeri')",0,1,1
"('Akshan', 'Jarvan IV', 'Jinx', 'Rell', 'Sett')",0,1,1
"('Akshan', 'Alistar', 'Pantheon', 'Taliyah', 'Zeri')",1,0,1
"('Pyke', 'Vex', 'Xin Zhao', 'Zac', 'Zeri')",1,0,1
"('Gragas', 'Graves', 'Hwei', 'Pyke', 'Zeri')",0,1,1
"('Ahri', 'Kindred', 'Nautilus', 'Nilah', 'Zac')",0,1,1
"('Ekko', 'Leona', 'Renekton', 'Smolder', 'Zed')",0,1,1
"('Camille', 'Ekko', 'Gragas', ""K'Sante"", 'Twitch')",1,0,1
"('Cassiopeia', 'Draven', 'Gwen', 'Pantheon', 'Thresh')",1,0,1
"('Aatrox', ""Kai'Sa"", 'Nidalee', 'Rell', 'Tristana')",1,0,1
"('Aatrox', 'Caitlyn', 'Graves', 'Hwei', 'Rell')",0,1,1
"('Ashe', 'Camille', 'Galio', 'Rumble', 'Viego')",0,1,1
"('Jinx', 'Nautilus', 'Nidalee', 'Twisted Fate', 'Zoe')",0,1,1
"('Gangplank', 'Irelia', 'Nidalee', 'Rell', 'Zeri')",0,1,1
"('Aphelios', 'Gangplank', 'Lee Sin', 'Neeko', 'Thresh')",0,1,1
"('Bard', 'Graves', 'Irelia', ""K'Sante"", 'Taliyah')",0,1,1
"('Hwei', 'Leona', 'Renekton', 'Varus', 'Viego')",1,0,1
"('Ashe', 'Camille', 'Galio', ""Kha'Zix"", 'Lux')",1,0,1
"('Ashe', 'Katarina', 'Lillia', 'Neeko', 'Skarner')",1,0,1
"('Corki', 'Gwen', 'Irelia', 'Karthus', 'Nautilus')",1,0,1
"('Hwei', 'Nami', 'Nidalee', 'Renekton', 'Zed')",0,1,1
"('Caitlyn', 'Heimerdinger', 'Irelia', 'Karthus', 'Kennen')",0,1,1
"('Camille', 'Cassiopeia', 'Jinx', 'Nautilus', 'Nidalee')",0,1,1
"('Cassiopeia', 'Corki', 'Lee Sin', 'Renekton', 'Thresh')",0,1,1
"('Irelia', 'Ivern', ""Kai'Sa"", 'Nautilus', 'Volibear')",0,1,1
"('Maokai', 'Nunu & Willump', 'Qiyana', 'Rumble', 'Zeri')",1,0,1
"('Jax', 'Nidalee', 'Pantheon', 'Thresh', 'Zeri')",0,1,1
"('Dr. Mundo', 'Hwei', 'Lulu', 'Nunu & Willump', 'Zeri')",1,0,1
"('Corki', 'Irelia', 'Nautilus', 'Nidalee', 'Senna')",1,0,1
"('Ahri', 'Ashe', 'Lee Sin', 'Skarner', 'Zyra')",1,0,1
"('Aphelios', 'Azir', 'Braum', 'Renekton', 'Viego')",0,1,1
"('Draven', 'Lee Sin', 'Nautilus', 'Renekton', 'Taliyah')",0,1,1
"('Ashe', 'Braum', 'Graves', 'Hwei', 'Riven')",1,0,1
"('Corki', 'Fiora', 'Jhin', 'Nidalee', 'Zyra')",0,1,1
"('Jinx', 'Karthus', 'Nautilus', 'Skarner', 'Tristana')",1,0,1
"('Corki', 'LeBlanc', 'Lee Sin', 'Rell', 'Skarner')",1,0,1
"('Braum', 'Corki', 'Hwei', ""Rek'Sai"", 'Riven')",1,0,1
"('Akali', 'Jax', 'Jayce', 'Rakan', 'Tristana')",0,1,1
"('Dr. Mundo', 'LeBlanc', 'Tristana', 'Vi', 'Zyra')",1,0,1
"('Corki', 'Graves', 'Hwei', 'Kennen', 'Rell')",1,0,1
"('Akali', ""K'Sante"", ""Kai'Sa"", 'Pyke', 'Taliyah')",1,0,1
"('Ekko', 'Jax', 'Smolder', 'Tryndamere', 'Yuumi')",0,1,1
"('Jinx', 'Milio', 'Nunu & Willump', 'Tristana', 'Vladimir')",1,0,1
"('Caitlyn', 'Hwei', ""K'Sante"", ""Vel'Koz"", 'Xin Zhao')",0,1,1
"('Katarina', 'Nidalee', 'Pantheon', 'Sivir', 'Skarner')",0,1,1
"('Hwei', ""Kai'Sa"", 'Lucian', ""Rek'Sai"", 'Rell')",0,1,1
"('Ashe', 'Jayce', 'LeBlanc', 'Thresh', 'Udyr')",0,1,1
"('Lissandra', 'Rell', 'Skarner', 'Viego', 'Zeri')",0,1,1
"('Caitlyn', 'Fizz', ""Kha'Zix"", 'Rakan', 'Rumble')",0,1,1
"('Hwei', 'Irelia', ""Rek'Sai"", 'Thresh', 'Zeri')",0,1,1
"('Illaoi', 'Karthus', 'Pantheon', 'Rell', 'Zeri')",0,1,1
"('Azir', 'Gragas', 'Rumble', 'Viego', 'Zeri')",1,0,1
"('Anivia', 'Darius', 'Rakan', 'Rengar', 'Zeri')",1,0,1
"('Kennen', 'Nautilus', 'Nidalee', 'Tristana', 'Zeri')",1,0,1
"('Gwen', 'Hwei', 'Lulu', 'Xin Zhao', 'Zeri')",1,0,1
"('Ashe', 'Katarina', 'Lillia', 'Milio', 'Renekton')",1,0,1
"('Hwei', 'Jinx', 'Lee Sin', 'Poppy', 'Thresh')",0,1,1
"('Ivern', ""Kai'Sa"", 'Kled', 'Nautilus', 'Tristana')",1,0,1
"('Alistar', 'Elise', 'Jinx', 'Renekton', 'Yone')",0,1,1
"('Braum', 'Gnar', 'Lee Sin', 'Syndra', 'Varus')",0,1,1
"('Ashe', ""K'Sante"", 'LeBlanc', 'Lee Sin', 'Rakan')",0,1,1
"('Ezreal', 'Jayce', 'Rakan', 'Twisted Fate', 'Zeri')",1,0,1
"('Alistar', 'Caitlyn', 'Jax', 'Jayce', 'Karthus')",1,0,1
"('Jayce', ""Kai'Sa"", 'Rell', 'Taliyah', 'Viego')",0,1,1
"('Jhin', 'Lucian', 'Nidalee', 'Rakan', 'Tristana')",1,0,1
"('Camille', 'Cassiopeia', 'Graves', 'Jax', 'Jinx')",0,1,1
"('Hwei', ""K'Sante"", ""Kai'Sa"", 'Viego', 'Zyra')",1,0,1
"('Hwei', 'Janna', 'Jinx', ""K'Sante"", 'Kindred')",1,0,1
"('Nidalee', 'Rengar', 'Seraphine', 'Smolder', 'Twisted Fate')",1,0,1
"('Jax', 'Rell', 'Tristana', 'Viego', 'Viktor')",1,0,1
"(""Cho'Gath"", 'Malphite', 'Skarner', 'Sylas', 'Viego')",0,1,1
"('Ashe', 'Camille', 'Kalista', 'Lillia', 'Tristana')",0,1,1
"('Hwei', 'Jinx', 'Taric', 'Udyr', 'Viego')",1,0,1
"('Ivern', 'Kalista', 'Nautilus', 'Rumble', 'Yone')",1,0,1
"('Graves', 'Nautilus', 'Rengar', 'Sivir', 'Taliyah')",0,1,1
"('Cassiopeia', 'Graves', 'Jhin', 'Maokai', 'Rengar')",0,1,1
"('Diana', 'Miss Fortune', 'Rengar', 'Thresh', 'Yone')",0,1,1
"('Akali', 'Hwei', 'Jhin', 'Lee Sin', 'Rakan')",1,0,1
"('Braum', 'Fiddlesticks', 'Galio', 'Rengar', 'Tristana')",1,0,1
"('Corki', 'Nidalee', 'Rengar', 'Tristana', 'Trundle')",0,1,1
"('Jayce', 'Rell', 'Rengar', 'Samira', 'Taliyah')",1,0,1
"('Nidalee', 'Rengar', 'Sona', 'Yasuo', 'Zeri')",0,1,1
"('Draven', 'Gragas', 'Rengar', 'Skarner', 'Zoe')",0,1,1
"('Elise', ""Kai'Sa"", 'Rell', 'Rengar', 'Yone')",1,0,1
"('Jinx', ""K'Sante"", 'Qiyana', 'Taliyah', 'Zyra')",1,0,1
"('Camille', 'Corki', 'LeBlanc', 'Nautilus', 'Xin Zhao')",0,1,1
"('Jinx', 'Lee Sin', 'Nautilus', 'Twisted Fate', 'Viktor')",0,1,1
"('Elise', 'Tristana', 'Varus', 'Yasuo', 'Zilean')",1,0,1
"('Jhin', 'Leona', 'Skarner', 'Taliyah', 'Warwick')",1,0,1
"('Hwei', 'Lee Sin', 'Rakan', 'Renekton', 'Smolder')",0,1,1
"('Elise', 'Jax', 'Pyke', 'Tristana', 'Varus')",1,0,1
"('Dr. Mundo', ""Kai'Sa"", 'Skarner', 'Syndra', 'Viego')",1,0,1
"('Akali', 'Ashe', 'Graves', 'Malphite', 'Thresh')",0,1,1
"('Ekko', 'Jinx', 'Rengar', 'Thresh', 'Yone')",0,1,1
"('Irelia', ""K'Sante"", 'Rakan', 'Shyvana', 'Xayah')",1,0,1
"('Jhin', 'Skarner', 'Viego', 'Xerath', 'Yone')",0,1,1
"('Draven', 'Kalista', 'Lillia', 'Tristana', 'Volibear')",1,0,1
"('Hwei', 'Kennen', 'Lucian', 'Milio', ""Rek'Sai"")",0,1,1
"('Aphelios', 'Jax', 'Lillia', 'Lulu', 'Skarner')",0,1,1
"('Nidalee', 'Rell', 'Skarner', 'Tristana', 'Xayah')",1,0,1
"('Ashe', 'Braum', 'Rengar', 'Skarner', 'Zoe')",0,1,1
"('Darius', 'Ezreal', ""Rek'Sai"", 'Rell', 'Skarner')",0,1,1
"('Alistar', 'Aphelios', 'Pantheon', 'Rengar', 'Yone')",0,1,1
"('Ashe', 'Ezreal', 'Renekton', 'Talon', 'Zoe')",0,1,1
"('Hwei', 'Jhin', 'Kennen', ""Rek'Sai"", 'Rumble')",0,1,1
"('Camille', ""Kai'Sa"", 'Nautilus', 'Pantheon', 'Taliyah')",1,0,1
"('Akali', 'Aphelios', 'Irelia', 'Kindred', 'Rell')",1,0,1
"('Cassiopeia', 'Corki', ""K'Sante"", 'Kindred', 'Soraka')",1,0,1
"('Jayce', 'Jhin', 'Leona', 'Nidalee', 'Udyr')",0,1,1
"('Caitlyn', 'Jayce', 'Skarner', 'Volibear', 'Zoe')",1,0,1
"('Hwei', ""Kai'Sa"", 'Nautilus', ""Rek'Sai"", 'Udyr')",0,1,1
"('Ashe', 'Hwei', 'Lee Sin', 'Pyke', 'Skarner')",1,0,1
"('Caitlyn', 'Camille', 'Corki', 'Lee Sin', 'Pantheon')",0,1,1
"('Alistar', 'Corki', 'Dr. Mundo', 'Rumble', 'Tristana')",1,0,1
"('Jayce', 'Jhin', ""K'Sante"", 'Senna', 'Taliyah')",1,0,1
"('Akali', 'Kalista', 'Kindred', 'Ornn', 'Rakan')",0,1,1
"(""Kai'Sa"", 'Nautilus', 'Nidalee', 'Tristana', 'Warwick')",1,0,1
"('Corki', 'Olaf', 'Orianna', 'Rakan', 'Xin Zhao')",1,0,1
"('Draven', 'Kindred', 'Renekton', 'Skarner', 'Zoe')",0,1,1
"('Ashe', 'Hwei', 'Kayn', 'Poppy', 'Skarner')",1,0,1
"('Akali', 'Alistar', 'Nidalee', 'Poppy', 'Varus')",1,0,1
"('Ashe', 'Camille', 'Rumble', 'Syndra', 'Tryndamere')",1,0,1
"('Aurelion Sol', 'Graves', 'Jax', 'Rell', 'Varus')",0,1,1
"('Ahri', 'Bard', 'Cassiopeia', 'Ezreal', 'Viego')",0,1,1
"('Rell', 'Shen', 'Taliyah', 'Tryndamere', 'Zeri')",0,1,1
"('Jhin', 'Olaf', 'Qiyana', 'Seraphine', 'Taliyah')",1,0,1
"('Elise', 'Jayce', ""K'Sante"", 'Thresh', 'Zeri')",0,1,1
"('Irelia', 'Kalista', 'Kindred', 'Thresh', 'Twisted Fate')",1,0,1
"('Azir', 'Jarvan IV', ""Kai'Sa"", 'Nautilus', 'Singed')",1,0,1
"('Akali', 'Jhin', ""K'Sante"", 'Kindred', 'Rumble')",1,0,1
"('Kalista', 'Katarina', 'Kindred', 'Neeko', 'Skarner')",1,0,1
"('Akali', ""K'Sante"", 'Kindred', 'Rakan', 'Viego')",1,0,1
"('Jinx', 'Karthus', 'Kennen', 'Rell', 'Tristana')",0,1,1
"('Elise', 'Lucian', 'Milio', 'Ryze', 'Tristana')",0,1,1
"('Corki', 'Nautilus', 'Nidalee', 'Pantheon', 'Tryndamere')",0,1,1
"('Fiora', 'Nautilus', 'Rengar', 'Sylas', 'Tristana')",1,0,1
"('Illaoi', 'Orianna', 'Twitch', 'Vi', 'Yuumi')",1,0,1
"('Draven', 'Fiora', 'Nautilus', 'Nidalee', 'Tristana')",1,0,1
"('Aatrox', 'Alistar', ""Rek'Sai"", 'Tristana', 'Veigar')",0,1,1
"('Hwei', ""Kai'Sa"", 'Master Yi', 'Nautilus', 'Skarner')",1,0,1
"('Caitlyn', 'Galio', 'Gragas', 'Master Yi', 'Poppy')",1,0,1
"('Alistar', 'Draven', 'Hwei', 'Irelia', 'Jax')",1,0,1
"('Azir', 'Elise', 'Sivir', 'Twisted Fate', 'Vi')",1,0,1
"('Akali', 'Graves', 'Kalista', 'Neeko', 'Renekton')",1,0,1
"('Jax', 'Lee Sin', 'Nautilus', 'Orianna', 'Varus')",1,0,1
"('Braum', 'Ezreal', 'Fiddlesticks', 'Skarner', 'Tristana')",1,0,1
"('Corki', 'Jayce', 'Rell', 'Xin Zhao', 'Ziggs')",1,0,1
"('Jax', 'Katarina', 'Rakan', 'Viego', 'Xayah')",1,0,1
"('Ashe', 'Lulu', 'Nidalee', 'Renekton', 'Udyr')",0,1,1
"('Braum', 'Pantheon', 'Senna', 'Skarner', 'Taliyah')",1,0,1
"('Akshan', 'Caitlyn', 'Malzahar', 'Rumble', 'Xin Zhao')",0,1,1
"('Ezreal', 'Hwei', 'Poppy', 'Rumble', 'Shen')",0,1,1
"('Ashe', 'Aurelion Sol', 'Kled', 'Master Yi', 'Rell')",0,1,1
"('Akali', ""Bel'Veth"", 'Jax', 'Lucian', 'Nami')",0,1,1
"('Akshan', 'Kindred', 'Pyke', 'Renekton', ""Vel'Koz"")",1,0,1
"('Akali', 'Corki', 'Poppy', 'Rakan', 'Rumble')",1,0,1
"('Akshan', 'Camille', 'Draven', 'Nidalee', 'Rell')",1,0,1
"('Akshan', 'Ashe', 'Lillia', 'Sivir', 'Twisted Fate')",1,0,1
"('Akshan', 'Corki', 'Karthus', 'Sona', 'Warwick')",1,0,1
"('Akshan', ""K'Sante"", 'Nidalee', 'Pyke', 'Xayah')",1,0,1
"('Akshan', 'Brand', 'Dr. Mundo', 'Heimerdinger', 'Leona')",1,0,1
"('Kalista', 'Nidalee', 'Thresh', 'Twisted Fate', 'Viego')",0,1,1
"('Akshan', 'Brand', 'Jax', 'Sona', 'Varus')",1,0,1
"('Braum', 'Hwei', 'Jinx', 'Ornn', 'Viego')",1,0,1
"('Aatrox', 'Akshan', 'Ashe', 'Ekko', 'Seraphine')",0,1,1
"('Akshan', 'Irelia', 'Kalista', 'Lillia', 'Nautilus')",1,0,1
"('Aphelios', 'Braum', 'Gnar', 'Pantheon', 'Sylas')",0,1,1
"('Ashe', 'Braum', 'Lillia', 'Pantheon', 'Skarner')",1,0,1
"('Bard', 'Kennen', 'Nidalee', 'Pantheon', 'Sivir')",0,1,1
"('Nami', 'Pantheon', 'Taliyah', 'Vayne', 'Zeri')",1,0,1
"('Blitzcrank', ""Kai'Sa"", 'Kayn', 'Lee Sin', 'Zoe')",0,1,1
"('Camille', 'Jinx', 'Kindred', 'Lulu', 'Swain')",1,0,1
"('Nidalee', 'Pyke', 'Rumble', 'Smolder', 'Tristana')",0,1,1
"(""Cho'Gath"", 'Draven', 'Pantheon', 'Rumble', 'Viego')",0,1,1
"('Diana', 'Jinx', 'Shaco', 'Teemo', 'Thresh')",1,0,1
"('Gwen', 'Nidalee', 'Pantheon', 'Rakan', 'Smolder')",0,1,1
"('Blitzcrank', 'Jax', ""Kai'Sa"", 'Pantheon', 'Viego')",1,0,1
"('Lillia', 'Lulu', 'Pantheon', 'Sivir', 'Volibear')",1,0,1
"('Ashe', 'Brand', 'Corki', 'Fiora', 'Pantheon')",1,0,1
"('Nautilus', 'Ornn', 'Pantheon', 'Smolder', 'Taliyah')",1,0,1
"('Alistar', 'Camille', 'Lillia', 'Varus', 'Vex')",0,1,1
"('Gragas', 'Pantheon', 'Rakan', 'Renekton', 'Zeri')",1,0,1
"('Corki', 'Nautilus', 'Pantheon', 'Twitch', 'Xin Zhao')",0,1,1
"('Caitlyn', 'Camille', 'Diana', 'Lux', 'Pantheon')",1,0,1
"('Lee Sin', 'Lux', 'Pantheon', 'Riven', 'Varus')",1,0,1
"('Jinx', 'Lillia', 'Pantheon', 'Thresh', 'Tristana')",1,0,1
"('Akshan', ""Bel'Veth"", 'Gragas', 'Rakan', 'Samira')",1,0,1
"('Akshan', 'Ashe', 'Braum', 'Cassiopeia', 'Gragas')",1,0,1
"('Akshan', 'Cassiopeia', 'Lee Sin', 'Rell', 'Talon')",1,0,1
"('Aatrox', 'Akshan', ""Kai'Sa"", 'Lillia', 'Rell')",1,0,1
"('Anivia', 'Jinx', 'Milio', 'Nocturne', 'Rumble')",1,0,1
"('Aatrox', 'Hwei', 'Jhin', 'LeBlanc', 'Lee Sin')",0,1,1
"('Azir', 'Corki', 'Nautilus', 'Skarner', 'Zac')",1,0,1
"('Alistar', 'Corki', 'Skarner', 'Vex', 'Zac')",1,0,1
"('Alistar', 'Galio', ""Kog'Maw"", 'Lee Sin', 'Sylas')",0,1,1
"('Alistar', 'Caitlyn', ""K'Sante"", 'Pantheon', 'Taliyah')",0,1,1
"('Alistar', 'Cassiopeia', ""K'Sante"", 'Twisted Fate', 'Viego')",1,0,1
"('Aatrox', ""Kha'Zix"", 'Lucian', 'Nautilus', 'Vex')",0,1,1
"('Caitlyn', 'Corki', 'Morgana', 'Nocturne', 'Viego')",0,1,1
"('Akali', ""Bel'Veth"", ""Kai'Sa"", 'Nautilus', 'Tristana')",0,1,1
"('Ahri', 'Rell', 'Rumble', 'Viego', 'Zeri')",1,0,1
"(""Kha'Zix"", 'Rell', 'Sylas', 'Varus', 'Vayne')",0,1,1
"('Akshan', 'Lillia', 'Seraphine', 'Tahm Kench', 'Xerath')",0,1,1
"('Galio', 'Graves', ""Kai'Sa"", 'Rell', 'Warwick')",1,0,1
"('Camille', 'Lillia', 'Lulu', 'Twisted Fate', 'Zeri')",1,0,1
"('Aphelios', 'Kindred', 'Pantheon', 'Rakan', 'Twisted Fate')",0,1,1
"('Jinx', 'Lillia', 'Nocturne', 'Sylas', 'Thresh')",1,0,1
"('Blitzcrank', 'Jinx', 'Karthus', 'Nocturne', 'Viego')",1,0,1
"('Akshan', 'Kennen', 'Nilah', 'Pyke', 'Talon')",1,0,1
"('Graves', 'Lucian', 'Nidalee', 'Nocturne', 'Rakan')",0,1,1
"('Akshan', 'Aphelios', 'Brand', 'Cassiopeia', 'Hwei')",1,0,1
"('Akshan', 'Ivern', 'Jax', 'Thresh', 'Varus')",0,1,1
"('Aatrox', 'Akshan', 'Blitzcrank', 'Taliyah', 'Varus')",1,0,1
"('Ashe', 'Galio', 'Lee Sin', 'Nocturne', 'Pantheon')",0,1,1
"('Gwen', ""Kai'Sa"", 'Leona', 'Nocturne', 'Varus')",1,0,1
"('Graves', 'Nocturne', 'Senna', 'Syndra', 'Zac')",1,0,1
"('Jinx', 'Lee Sin', 'Nocturne', 'Rumble', 'Thresh')",1,0,1
"('Caitlyn', 'Nocturne', 'Nunu & Willump', 'Thresh', 'Tristana')",0,1,1
"('Jax', 'Jinx', 'Nautilus', 'Nocturne', 'Nunu & Willump')",1,0,1
"('Galio', ""Kai'Sa"", 'Nocturne', 'Rengar', 'Viego')",1,0,1
"('Jinx', 'Lillia', 'Nocturne', 'Pantheon', 'Thresh')",1,0,1
"('Akshan', 'Nidalee', 'Nocturne', 'Rakan', 'Varus')",1,0,1
"('Ashe', 'Hwei', 'Nocturne', 'Rumble', 'Yasuo')",1,0,1
"('Galio', 'Nautilus', 'Nocturne', 'Samira', 'Taliyah')",0,1,1
"('Braum', 'Lee Sin', 'Lucian', 'Neeko', 'Nocturne')",1,0,1
"('Alistar', 'Nocturne', 'Renekton', 'Shaco', 'Varus')",1,0,1
"('Aatrox', 'Draven', 'Hwei', 'Rakan', 'Viego')",0,1,1
"('Akali', 'Camille', 'Graves', ""K'Sante"", 'Zeri')",1,0,1
"('Blitzcrank', 'Hwei', 'Illaoi', 'Jhin', 'Nidalee')",0,1,1
"('Jinx', 'Rumble', 'Thresh', 'Viego', 'Yasuo')",1,0,1
"('Bard', 'Corki', 'LeBlanc', 'Skarner', 'Viego')",1,0,1
"('Blitzcrank', 'Corki', 'Nidalee', 'Singed', 'Urgot')",1,0,1
"('Hwei', 'Jhin', 'Nidalee', 'Quinn', 'Skarner')",1,0,1
"('Heimerdinger', ""K'Sante"", 'Master Yi', 'Orianna', 'Varus')",0,1,1
"('Akali', 'Braum', 'Jinx', 'Urgot', 'Viego')",1,0,1
"('Jax', ""Kai'Sa"", 'LeBlanc', 'Lillia', 'Rell')",1,0,1
"('Amumu', 'Ashe', 'Ekko', 'Jhin', 'Malphite')",1,0,1
"('Corki', 'Nidalee', 'Rell', 'Rumble', 'Yone')",1,0,1
"('Akshan', 'Alistar', 'Ashe', 'Nidalee', 'Skarner')",0,1,1
"('Fiddlesticks', 'LeBlanc', 'Lillia', 'Lucian', ""Rek'Sai"")",0,1,1
"(""K'Sante"", 'Kalista', 'Shaco', 'Varus', 'Zoe')",0,1,1
"('Aatrox', 'Camille', 'Lillia', 'Lucian', 'Yasuo')",1,0,1
"('Cassiopeia', 'Graves', 'Jhin', 'Rell', 'Skarner')",1,0,1
"('Camille', 'Graves', 'Taric', 'Varus', 'Xerath')",0,1,1
"('Lucian', 'Nautilus', 'Nidalee', 'Skarner', 'Viktor')",0,1,1
"('Aatrox', 'Corki', 'Lillia', 'Rell', 'Tristana')",1,0,1
"('LeBlanc', 'Nautilus', 'Rumble', 'Varus', 'Viego')",0,1,1
"('Alistar', 'Camille', ""Kai'Sa"", 'LeBlanc', 'Lee Sin')",0,1,1
"('Corki', 'Gragas', 'Thresh', 'Twisted Fate', 'Viego')",1,0,1
"('Ashe', 'Corki', 'Lillia', 'Nautilus', 'Renekton')",0,1,1
"('Aatrox', 'Blitzcrank', 'Lillia', 'Nilah', 'Tristana')",0,1,1
"('Draven', 'Nidalee', 'Poppy', 'Rumble', 'Tristana')",1,0,1
"('Bard', 'Jhin', 'Nidalee', 'Vayne', 'Yasuo')",0,1,1
"('Jhin', ""K'Sante"", 'Lee Sin', 'Poppy', 'Rell')",1,0,1
"('Graves', 'Katarina', 'Nilah', 'Pyke', 'Renekton')",0,1,1
"('Ashe', 'Diana', 'Jax', ""Rek'Sai"", 'Zeri')",1,0,1
"('Aatrox', 'Bard', 'Jayce', 'Rumble', 'Varus')",1,0,1
"('Aatrox', 'LeBlanc', 'Lee Sin', 'Smolder', 'Zoe')",1,0,1
"('Darius', 'Ekko', 'Rakan', 'Tristana', 'Zeri')",0,1,1
"('Corki', 'Hwei', 'Jayce', 'Neeko', 'Viego')",1,0,1
"('Ekko', ""Kai'Sa"", 'Poppy', 'Rell', 'Tristana')",1,0,1
"('Galio', 'Rakan', 'Rumble', 'Viego', 'Zeri')",0,1,1
"('Aurelion Sol', 'Corki', ""Rek'Sai"", 'Thresh', 'Zyra')",1,0,1
"('Brand', 'Fiora', ""Kai'Sa"", 'Rell', 'Tristana')",0,1,1
"('Alistar', 'Aurelion Sol', 'Corki', 'Lee Sin', 'Ryze')",1,0,1
"('Corki', ""K'Sante"", 'Lulu', 'Varus', 'Xin Zhao')",1,0,1
"('Azir', 'Corki', 'Darius', 'Galio', 'Jax')",0,1,1
"('Camille', 'Graves', 'Heimerdinger', 'Shaco', 'Yone')",1,0,1
"('Jinx', 'Kindred', 'Rell', 'Sylas', 'Thresh')",1,0,1
"('Hecarim', 'Jhin', 'Ornn', 'Pyke', ""Vel'Koz"")",1,0,1
"('Akali', 'Lillia', 'Rakan', 'Renekton', 'Twitch')",0,1,1
"('Ekko', 'Jinx', 'Pantheon', 'Thresh', 'Yasuo')",1,0,1
"('Akali', 'Fiora', 'Hecarim', 'Jhin', 'Rumble')",0,1,1
"('Aatrox', 'Ashe', 'Corki', 'Nautilus', 'Sylas')",0,1,1
"('Akali', 'Camille', ""Kai'Sa"", 'Maokai', 'Rengar')",0,1,1
"('Camille', 'Corki', 'Gragas', 'Hwei', 'Viego')",0,1,1
"('Corki', 'Nidalee', 'Rell', 'Renekton', 'Swain')",0,1,1
"('Jhin', 'Maokai', 'Rumble', 'Ryze', 'Yone')",0,1,1
"('LeBlanc', 'Lee Sin', 'Neeko', 'Samira', 'Warwick')",0,1,1
"('Camille', 'Cassiopeia', 'Corki', 'Jayce', 'Skarner')",1,0,1
"('Blitzcrank', 'Lee Sin', 'Twitch', 'Vayne', 'Viego')",0,1,1
"('Alistar', 'Gnar', 'Jhin', 'Nidalee', 'Tristana')",0,1,1
"('Aphelios', 'Milio', 'Nidalee', 'Rumble', 'Skarner')",1,0,1
"('Draven', 'Gragas', 'Renata Glasc', 'Sylas', 'Viego')",0,1,1
"('Braum', 'Corki', 'Kled', 'Lillia', 'Lucian')",1,0,1
"('Caitlyn', 'Camille', 'Lucian', 'Senna', 'Taliyah')",1,0,1
"('Caitlyn', 'Jax', 'Jayce', 'Lillia', 'Lux')",0,1,1
"('Jayce', 'Jinx', ""K'Sante"", 'Lillia', 'Tahm Kench')",0,1,1
"(""Kog'Maw"", 'Nautilus', 'Renekton', 'Taliyah', 'Yasuo')",1,0,1
"('Jinx', 'Rakan', 'Shyvana', ""Vel'Koz"", 'Xin Zhao')",0,1,1
"('Jhin', 'LeBlanc', 'Lee Sin', 'Rell', 'Skarner')",0,1,1
"('Aphelios', 'Janna', 'Maokai', 'Orianna', 'Xin Zhao')",1,0,1
"('Camille', 'Corki', 'Fiora', 'Lee Sin', 'Taliyah')",1,0,1
"('Camille', 'Corki', 'Jhin', 'Karthus', 'Pantheon')",1,0,1
"('Corki', 'Jarvan IV', ""K'Sante"", 'Pyke', ""Vel'Koz"")",0,1,1
"('Alistar', 'Aphelios', 'Brand', 'Heimerdinger', 'Jayce')",0,1,1
"('Alistar', 'Lillia', 'Riven', 'Yasuo', 'Zeri')",1,0,1
"('Aatrox', 'Heimerdinger', 'LeBlanc', 'Senna', 'Vi')",0,1,1
"('Ezreal', 'Jax', 'Sejuani', 'Shaco', 'Viego')",0,1,1
"('Akali', 'Corki', 'Poppy', 'Ryze', 'Senna')",1,0,1
"('Corki', 'LeBlanc', 'Nautilus', 'Olaf', 'Warwick')",0,1,1
"('Akali', 'Jinx', 'LeBlanc', 'Lee Sin', 'Thresh')",0,1,1
"('Akali', 'Fiora', 'Jhin', 'Neeko', 'Viego')",1,0,1
"(""K'Sante"", ""Kai'Sa"", 'Lee Sin', 'Poppy', 'Skarner')",1,0,1
"('Akali', 'Alistar', 'Jax', ""Kai'Sa"", 'Nocturne')",1,0,1
"('Aphelios', 'Nidalee', 'Ryze', 'Thresh', 'Yasuo')",0,1,1
"('Braum', 'Jinx', 'Kennen', 'Kindred', 'Orianna')",1,0,1
"('Camille', 'Jhin', 'LeBlanc', 'Rumble', 'Sejuani')",0,1,1
"('Jinx', 'Lillia', 'Renekton', 'Senna', 'Twisted Fate')",1,0,1
"('Akshan', 'Fiddlesticks', 'Jayce', 'Varus', 'Zyra')",1,0,1
"('Caitlyn', 'Janna', 'Taliyah', 'Twisted Fate', 'Warwick')",0,1,1
"('Darius', ""Kai'Sa"", 'Nunu & Willump', 'Pyke', 'Talon')",1,0,1
"('Fiddlesticks', 'Jhin', 'Leona', 'Teemo', 'Yasuo')",0,1,1
"('Camille', ""Kai'Sa"", 'Poppy', 'Rumble', 'Yone')",1,0,1
"('Azir', 'Kindred', 'Nautilus', 'Varus', 'Xin Zhao')",0,1,1
"('Jax', 'Jinx', 'Nautilus', 'Twisted Fate', 'Viego')",1,0,1
"('Camille', 'Hwei', 'Pyke', 'Varus', 'Zac')",1,0,1
"('Aatrox', 'Corki', 'Nunu & Willump', 'Rell', 'Syndra')",1,0,1
"('Draven', 'Nautilus', ""Rek'Sai"", 'Rumble', 'Tristana')",1,0,1
"(""Kai'Sa"", 'Poppy', 'Pyke', 'Ryze', 'Viego')",0,1,1
"(""Kha'Zix"", 'Pyke', 'Skarner', 'Varus', 'Xerath')",1,0,1
"('LeBlanc', 'Lee Sin', 'Nasus', 'Rakan', 'Tristana')",1,0,1
"('Camille', 'Katarina', 'Nidalee', 'Sett', 'Xerath')",1,0,1
"('Gwen', ""Kai'Sa"", 'Renekton', 'Seraphine', 'Yone')",0,1,1
"('Kalista', 'Kindred', 'Pantheon', 'Rell', 'Rumble')",1,0,1
"('Corki', 'Irelia', 'Karthus', 'Rell', 'Sett')",0,1,1
"('Aatrox', 'Jhin', 'Rengar', 'Seraphine', 'Zoe')",1,0,1
"('Aatrox', 'Corki', 'Elise', 'Jinx', 'Rell')",1,0,1
"('Jinx', 'Nautilus', 'Rumble', 'Tristana', 'Zac')",1,0,1
"('Jayce', 'Jhin', 'Lillia', 'Pyke', 'Rumble')",0,1,1
"('Corki', 'Karthus', 'Quinn', 'Rell', 'Talon')",1,0,1
"('Jinx', 'Lee Sin', 'Neeko', 'Thresh', 'Vladimir')",1,0,1
"('Gragas', ""K'Sante"", 'Katarina', 'Seraphine', 'Zeri')",0,1,1
"('Ahri', 'Ashe', 'Braum', 'Gnar', 'Graves')",1,0,1
"('Ahri', 'Ashe', ""Bel'Veth"", 'Gnar', 'Zyra')",1,0,1
"('Hwei', 'Nautilus', 'Nidalee', 'Skarner', 'Zeri')",1,0,1
"('Galio', 'Gangplank', ""Kai'Sa"", 'Nautilus', 'Viego')",0,1,1
"('Camille', 'Galio', 'Smolder', 'Viego', 'Zeri')",0,1,1
"('Ahri', 'Corki', 'Galio', 'Skarner', 'Vi')",0,1,1
"('Camille', 'Galio', 'Jinx', 'Lee Sin', ""Vel'Koz"")",1,0,1
"('Cassiopeia', 'Lucian', 'Nautilus', 'Taliyah', 'Zed')",1,0,1
"('Ahri', 'Jayce', ""Kai'Sa"", 'Rell', 'Zac')",1,0,1
"('Ashe', 'Braum', 'Gwen', 'Lillia', 'Yone')",0,1,1
"('Hwei', 'Master Yi', 'Pyke', 'Rumble', 'Varus')",0,1,1
"('Ahri', 'Ornn', 'Senna', 'Viego', 'Yone')",1,0,1
"('Corki', 'Jax', 'Lee Sin', 'Rell', 'Sylas')",0,1,1
"('Ezreal', 'Hwei', 'Pyke', 'Twisted Fate', 'Xin Zhao')",0,1,1
"('Akshan', 'Gragas', 'Jinx', 'Lillia', 'Nautilus')",1,0,1
"('Akali', 'Graves', 'Nautilus', 'Senna', 'Skarner')",1,0,1
"('Lucian', 'Nami', 'Nidalee', 'Teemo', 'Tristana')",0,1,1
"('Brand', 'Jinx', 'Rumble', 'Seraphine', 'Tristana')",1,0,1
"('Annie', 'Blitzcrank', 'Ryze', 'Viego', 'Zeri')",1,0,1
"('Camille', 'Jayce', 'Skarner', 'Twisted Fate', 'Varus')",0,1,1
"('Cassiopeia', 'Jhin', 'Master Yi', 'Nautilus', 'Talon')",1,0,1
"('Corki', 'Mordekaiser', 'Nautilus', 'Viego', 'Zoe')",1,0,1
"('Gnar', 'Lillia', 'Renata Glasc', 'Tristana', 'Varus')",1,0,1
"('Brand', 'Lucian', 'Nami', 'Qiyana', 'Skarner')",1,0,1
"(""Kai'Sa"", 'Nautilus', 'Pantheon', 'Taliyah', 'Tristana')",1,0,1
"('Akshan', 'Elise', 'Heimerdinger', 'Nautilus', 'Rengar')",0,1,1
"('Camille', ""Kai'Sa"", 'Rell', 'Taliyah', 'Zac')",1,0,1
"('Jayce', 'Lillia', 'Nautilus', 'Varus', 'Yone')",0,1,1
"('Ashe', 'Gnar', 'Nidalee', 'Seraphine', 'Tristana')",1,0,1
"('Brand', 'Camille', 'Draven', 'Skarner', 'Syndra')",1,0,1
"('Ashe', ""Bel'Veth"", 'Camille', 'LeBlanc', 'Riven')",1,0,1
"('Corki', ""K'Sante"", 'Seraphine', 'Twisted Fate', 'Viego')",0,1,1
"('Irelia', 'Jax', 'Nidalee', 'Rell', 'Smolder')",0,1,1
"('Ashe', ""Bel'Veth"", 'Hwei', 'Pantheon', 'Rell')",1,0,1
"('Ashe', 'Hwei', 'Kennen', 'Rengar', 'Seraphine')",0,1,1
"('Akali', 'Graves', 'Hwei', 'Jinx', 'Thresh')",0,1,1
"('Camille', 'Hwei', 'Nautilus', 'Samira', 'Xin Zhao')",0,1,1
"('Aphelios', 'Nidalee', 'Pantheon', 'Seraphine', 'Vayne')",1,0,1
"('Irelia', ""Kai'Sa"", ""Kha'Zix"", 'LeBlanc', 'Rell')",1,0,1
"('Aphelios', 'Jayce', 'Lillia', 'Seraphine', 'Twisted Fate')",0,1,1
"('Darius', ""Kai'Sa"", 'Master Yi', 'Rell', 'Twisted Fate')",0,1,1
"('Aphelios', 'Orianna', 'Rell', 'Tahm Kench', 'Taliyah')",1,0,1
"('Brand', 'Corki', 'Jax', 'Leona', 'Pantheon')",1,0,1
"('Draven', 'Jax', 'Lux', 'Nautilus', 'Nidalee')",1,0,1
"(""Kai'Sa"", 'Nautilus', 'Nunu & Willump', 'Talon', 'Vayne')",1,0,1
"('Ashe', 'Jax', 'Karthus', 'Rell', 'Tristana')",1,0,1
"('Orianna', 'Seraphine', 'Skarner', 'Viego', 'Zeri')",1,0,1
"('Blitzcrank', ""K'Sante"", ""Kai'Sa"", 'Lee Sin', 'Lissandra')",1,0,1
"('Malphite', 'Qiyana', 'Rengar', 'Seraphine', 'Zeri')",0,1,1
"('Hwei', 'Jinx', 'Kindred', 'Rumble', 'Thresh')",1,0,1
"('Akshan', 'Blitzcrank', 'Draven', 'Jax', 'Rumble')",1,0,1
"('Corki', 'Jayce', 'Neeko', 'Nidalee', 'Rakan')",1,0,1
"('Fiora', 'Jinx', 'Taliyah', 'Thresh', 'Yone')",0,1,1
"('Akshan', 'Corki', 'Gwen', 'Jax', 'Seraphine')",0,1,1
"('Rell', 'Rumble', 'Samira', 'Vex', 'Viego')",0,1,1
"('Ashe', 'Diana', 'Lulu', ""Rek'Sai"", 'Skarner')",1,0,1
"('Ashe', 'Fiddlesticks', ""K'Sante"", 'Milio', 'Qiyana')",0,1,1
"('Aphelios', 'Hwei', 'Rakan', 'Rumble', 'Viego')",1,0,1
"('Draven', ""K'Sante"", 'Pyke', 'Rumble', 'Taliyah')",0,1,1
"('Jax', 'Jinx', 'Nunu & Willump', 'Thresh', 'Zed')",0,1,1
"('Bard', 'Caitlyn', ""K'Sante"", 'Kindred', 'Orianna')",0,1,1
"('Hwei', 'Jax', 'Jhin', 'Lee Sin', 'Lux')",0,1,1
"('Ahri', 'Jhin', 'Kennen', 'Kindred', 'Zyra')",0,1,1
"('Ahri', 'Jhin', 'Pyke', 'Taliyah', 'Viego')",1,0,1
"('Camille', ""K'Sante"", ""Kai'Sa"", ""Rek'Sai"", 'Taliyah')",1,0,1
"('Aatrox', 'Blitzcrank', 'Diana', 'Sivir', 'Viego')",0,1,1
"('Galio', 'Graves', 'Jax', 'Lissandra', 'Samira')",0,1,1
"('Alistar', 'Ashe', 'Fiora', 'Taliyah', 'Yone')",1,0,1
"('Camille', 'Galio', ""Kai'Sa"", 'Nidalee', 'Vex')",1,0,1
"('Dr. Mundo', 'Galio', 'Graves', 'Nidalee', 'Sivir')",0,1,1
"('Akshan', 'Camille', ""Kai'Sa"", 'Lillia', 'Smolder')",0,1,1
"(""Bel'Veth"", 'Galio', 'Kennen', 'Zed', 'Ziggs')",0,1,1
"('Aatrox', 'Graves', 'Hwei', 'Rell', 'Varus')",0,1,1
"('Caitlyn', 'Corki', 'Lux', 'Nasus', 'Nunu & Willump')",1,0,1
"('Azir', 'Fiora', 'Jhin', 'Nidalee', 'Senna')",0,1,1
"('Akshan', 'Mordekaiser', 'Skarner', 'Thresh', 'Ziggs')",1,0,1
"('Hwei', 'Jax', 'Kalista', 'Rell', 'Viego')",1,0,1
"('Aatrox', 'Jinx', 'LeBlanc', 'Lee Sin', 'Thresh')",0,1,1
"('Ashe', 'Blitzcrank', 'Cassiopeia', 'Graves', 'Hwei')",1,0,1
"('Graves', 'Olaf', 'Taric', 'Twisted Fate', 'Varus')",1,0,1
"('Janna', 'Jinx', 'Master Yi', 'Twisted Fate', 'Volibear')",1,0,1
"('Aphelios', 'Blitzcrank', ""K'Sante"", 'LeBlanc', 'Nidalee')",1,0,1
"('Ashe', 'Braum', 'Graves', 'Jax', 'Tristana')",0,1,1
"('Jinx', 'Rell', 'Twisted Fate', 'Volibear', 'Zac')",1,0,1
"('Camille', 'Graves', 'Jhin', 'Twisted Fate', 'Viego')",0,1,1
"('Jinx', 'Rell', 'Twisted Fate', 'Viego', 'Vladimir')",1,0,1
"('Fiddlesticks', 'Jhin', 'Neeko', 'Renekton', 'Yone')",1,0,1
"('Ashe', 'Azir', 'Fiora', ""Kha'Zix"", 'Seraphine')",1,0,1
"('Camille', 'Jinx', 'Neeko', 'Twisted Fate', 'Vi')",1,0,1
"('Ashe', 'Fiora', ""Kha'Zix"", 'Thresh', 'Twisted Fate')",1,0,1
"(""Rek'Sai"", 'Shaco', 'Twisted Fate', 'Udyr', 'Zeri')",1,0,1
"('Anivia', 'Corki', 'Lee Sin', 'Lucian', 'Riven')",0,1,1
"('Aphelios', ""K'Sante"", 'Lillia', 'Qiyana', 'Senna')",1,0,1
"('Gnar', ""Kai'Sa"", 'Seraphine', 'Skarner', 'Talon')",1,0,1
"('Jinx', 'Kennen', 'Morgana', 'Taliyah', 'Vi')",0,1,1
"('Bard', 'Corki', 'Gwen', 'Jayce', 'Jhin')",1,0,1
"('Annie', 'Bard', 'Ezreal', 'Viego', 'Zac')",0,1,1
"('Ashe', 'Lulu', 'Sylas', 'Warwick', 'Zac')",0,1,1
"(""Bel'Veth"", ""Kai'Sa"", 'Rell', 'Smolder', 'Viktor')",1,0,1
"('Irelia', 'Jayce', 'Lillia', 'Thresh', 'Varus')",1,0,1
"('Ashe', 'Blitzcrank', 'Elise', 'Irelia', 'Tryndamere')",0,1,1
"('Ashe', 'Azir', 'Gangplank', 'Kindred', 'Leona')",0,1,1
"(""K'Sante"", 'Nautilus', 'Nidalee', 'Yone', 'Zeri')",1,0,1
"('Blitzcrank', 'Fiddlesticks', ""Kai'Sa"", 'Kayn', 'Teemo')",0,1,1
"('Gnar', 'Jinx', 'LeBlanc', ""Rek'Sai"", 'Thresh')",0,1,1
"('Ashe', 'Lillia', 'Rell', 'Smolder', 'Tristana')",1,0,1
"('Alistar', ""K'Sante"", 'Lee Sin', 'Smolder', 'Zoe')",1,0,1
"('Ezreal', 'Karthus', 'Sona', 'Viego', 'Zed')",0,1,1
"('Jinx', 'Nautilus', 'Nidalee', 'Smolder', 'Yasuo')",0,1,1
"(""Bel'Veth"", 'Camille', 'Ezreal', 'Rakan', 'Zoe')",1,0,1
"('Irelia', 'Jinx', 'Leona', 'Renekton', 'Taliyah')",1,0,1
"('Ahri', ""Kai'Sa"", 'Nautilus', 'Nidalee', 'Skarner')",1,0,1
"('Ahri', 'Braum', ""K'Sante"", 'Lee Sin', 'Lucian')",1,0,1
"('Graves', 'Renekton', 'Senna', 'Syndra', 'Zeri')",0,1,1
"('Ashe', ""K'Sante"", ""Kha'Zix"", 'Qiyana', 'Seraphine')",0,1,1
"('Jinx', ""K'Sante"", 'Leona', ""Rek'Sai"", 'Viktor')",0,1,1
"('Kennen', 'Renekton', 'Varus', 'Viego', 'Zoe')",0,1,1
"('Annie', ""Bel'Veth"", 'Braum', 'Lucian', 'Rumble')",0,1,1
"('Corki', ""K'Sante"", 'Nautilus', 'Taliyah', 'Yone')",0,1,1
"(""Kai'Sa"", 'Lee Sin', 'Pyke', 'Skarner', 'Vex')",1,0,1
"('Akali', 'Gwen', ""Rek'Sai"", 'Rell', 'Xayah')",1,0,1
"('Bard', 'Irelia', 'Skarner', 'Taliyah', 'Zeri')",1,0,1
"('Amumu', 'Caitlyn', 'Corki', 'Poppy', 'Zyra')",0,1,1
"('Draven', 'Karthus', 'Nautilus', 'Shen', 'Tristana')",0,1,1
"('Corki', ""Kai'Sa"", 'Nautilus', ""Rek'Sai"", 'Rumble')",1,0,1
"('Corki', ""Kai'Sa"", 'Rell', 'Ryze', 'Udyr')",1,0,1
"('Draven', 'Fiora', 'Hwei', 'Nautilus', 'Viego')",0,1,1
"('Ashe', 'Lee Sin', 'Neeko', 'Rumble', 'Seraphine')",0,1,1
"('Brand', 'Corki', ""Kai'Sa"", 'Nautilus', 'Sion')",0,1,1
"('Corki', 'Heimerdinger', 'Xin Zhao', 'Zeri', 'Zoe')",0,1,1
"('Hecarim', 'Karma', 'LeBlanc', 'Mordekaiser', 'Varus')",1,0,1
"('Jhin', ""K'Sante"", 'Rakan', 'Vi', 'Zoe')",0,1,1
"('Azir', ""K'Sante"", 'Shaco', 'Tristana', 'Vi')",1,0,1
"(""Kai'Sa"", 'Nautilus', 'Nidalee', 'Skarner', 'Syndra')",0,1,1
"('Aatrox', 'Akali', 'Blitzcrank', ""Kai'Sa"", ""Kha'Zix"")",1,0,1
"('Corki', 'Fiora', 'Jinx', 'Nautilus', 'Taliyah')",1,0,1
"('Corki', 'Fiora', 'Malzahar', 'Pyke', 'Zac')",0,1,1
"('Aurelion Sol', 'Caitlyn', 'Fiora', 'Lillia', 'Lux')",0,1,1
"('Camille', 'Draven', 'Neeko', 'Poppy', 'Vex')",0,1,1
"('Jinx', 'Lulu', ""Rek'Sai"", 'Shen', 'Taliyah')",1,0,1
"('Ekko', 'Jinx', 'Kled', 'Rakan', 'Viego')",1,0,1
"('LeBlanc', 'Mordekaiser', 'Senna', 'Varus', 'Viego')",1,0,1
"('Graves', 'Katarina', 'Leona', 'Samira', 'Warwick')",1,0,1
"('Anivia', 'Camille', 'Corki', 'Nidalee', 'Rell')",0,1,1
"('Kled', 'Malzahar', 'Nidalee', 'Rakan', 'Varus')",1,0,1
"('Ashe', 'Diana', ""Kai'Sa"", 'Kled', 'Lee Sin')",1,0,1
"('Ezreal', 'Kennen', 'Syndra', 'Viego', 'Xerath')",1,0,1
"('Aphelios', 'Rell', 'Tristana', 'Viego', 'Volibear')",0,1,1
"('Galio', 'Jinx', 'Nocturne', 'Thresh', 'Viego')",0,1,1
"('Camille', ""Kai'Sa"", 'Katarina', 'Lillia', 'Rell')",1,0,1
"('Aatrox', 'Jhin', 'Rengar', 'Seraphine', 'Taliyah')",1,0,1
"('Akshan', 'Braum', 'Jinx', 'Lillia', 'Rumble')",1,0,1
"('Corki', 'Lillia', 'Sylas', 'Tryndamere', 'Yasuo')",1,0,1
"('Aatrox', 'Gragas', 'Kalista', 'Thresh', 'Yone')",1,0,1
"('Ashe', 'Camille', 'Gragas', 'Kindred', 'LeBlanc')",0,1,1
"('Ashe', 'Fiora', 'Graves', 'Karma', 'Rumble')",0,1,1
"('Hwei', 'Nautilus', 'Renekton', 'Taliyah', 'Varus')",1,0,1
"('Graves', 'Hwei', 'Lucian', 'Nami', 'Twisted Fate')",0,1,1
"('Corki', 'Fiddlesticks', 'Karthus', 'Leona', 'Samira')",1,0,1
"('Diana', 'Jinx', ""K'Sante"", 'Lulu', 'Master Yi')",0,1,1
"('Ashe', 'Corki', 'Lee Sin', 'Olaf', 'Orianna')",0,1,1
"('Graves', 'Irelia', 'Nami', 'Varus', 'Zoe')",1,0,1
"('Alistar', 'Ekko', 'Jax', 'Shaco', 'Varus')",1,0,1
"('Corki', 'Graves', 'Maokai', 'Rumble', 'Zoe')",1,0,1
"('Braum', 'Darius', 'Jinx', 'Nidalee', 'Twisted Fate')",1,0,1
"('Corki', ""K'Sante"", 'LeBlanc', 'Leona', 'Viego')",1,0,1
"('Hwei', 'Kindred', 'Nautilus', 'Samira', 'Wukong')",1,0,1
"('Blitzcrank', 'Jax', 'Jinx', 'Kennen', 'Lee Sin')",1,0,1
"('Corki', 'Hwei', 'Jax', 'Senna', 'Skarner')",1,0,1
"('Aurelion Sol', 'Kindred', 'Nautilus', 'Renekton', 'Varus')",1,0,1
"('Braum', 'Jax', 'Jinx', 'Taliyah', 'Tristana')",0,1,1
"('Camille', ""Kai'Sa"", 'Katarina', 'Pyke', 'Rumble')",1,0,1
"('Jax', 'Jinx', 'Nidalee', 'Olaf', 'Zoe')",1,0,1
"('Corki', 'Lillia', 'Rell', 'Samira', 'Yasuo')",0,1,1
"('Lillia', 'Nidalee', 'Skarner', 'Varus', 'Yone')",0,1,1
"('Blitzcrank', 'Corki', 'Lee Sin', 'Nocturne', 'Viktor')",0,1,1
"('Akshan', 'Kalista', 'Nidalee', 'Renekton', 'Taric')",0,1,1
"('Hecarim', ""Kai'Sa"", 'LeBlanc', 'Mordekaiser', 'Rakan')",1,0,1
"('Braum', 'Corki', ""K'Sante"", 'Lillia', 'Tristana')",1,0,1
"('Akshan', 'Rell', 'Taliyah', 'Tryndamere', 'Varus')",0,1,1
"('Ahri', 'Ashe', 'Poppy', 'Rumble', 'Tryndamere')",0,1,1
"('Ashe', ""Kai'Sa"", ""Kha'Zix"", 'Kled', 'LeBlanc')",0,1,1
"(""Kai'Sa"", ""Kha'Zix"", 'Nautilus', 'Rumble', 'Syndra')",0,1,1
"('Aurelion Sol', 'Jayce', ""Kai'Sa"", 'Kindred', 'Nautilus')",0,1,1
"('Gragas', 'Hwei', 'Jinx', 'Nautilus', ""Rek'Sai"")",1,0,1
"('Aatrox', 'Ashe', 'Graves', 'Nautilus', 'Viktor')",0,1,1
"('Aurelion Sol', 'Graves', 'Leona', 'Ornn', 'Varus')",1,0,1
"('Jinx', 'Katarina', 'Rumble', 'Sejuani', 'Thresh')",1,0,1
"('Camille', 'Ezreal', 'Graves', 'Hwei', 'Nautilus')",1,0,1
"('Draven', 'Kled', 'Nautilus', 'Nidalee', 'Tryndamere')",0,1,1
"('Blitzcrank', 'Ezreal', 'Kennen', 'Lillia', 'Talon')",1,0,1
"('Ashe', 'Hwei', 'Lee Sin', 'Leona', 'Twisted Fate')",1,0,1
"('Akali', 'Alistar', 'Ezreal', 'Graves', 'Shen')",0,1,1
"('Graves', 'Gwen', 'Nautilus', 'Taliyah', 'Varus')",1,0,1
"('Bard', 'Graves', 'Olaf', 'Sylas', 'Varus')",1,0,1
"('Aphelios', 'Braum', 'Fiddlesticks', 'Quinn', 'Viego')",1,0,1
"('Bard', 'Camille', 'Hwei', 'Varus', 'Viego')",0,1,1
"('Camille', 'Jinx', 'Kennen', 'Viego', 'Xerath')",1,0,1
"('Heimerdinger', 'Jinx', 'Katarina', 'Skarner', 'Sylas')",1,0,1
"('Aatrox', 'Akali', ""Rek'Sai"", 'Rell', 'Samira')",0,1,1
"('Aatrox', 'Brand', 'Jinx', 'Pantheon', 'Thresh')",0,1,1
"('LeBlanc', 'Rell', 'Renekton', 'Samira', 'Taliyah')",1,0,1
"('Ahri', 'Alistar', 'Cassiopeia', 'Draven', 'Viego')",1,0,1
"('LeBlanc', 'Nidalee', 'Rakan', 'Renekton', 'Sivir')",1,0,1
"('Graves', 'Hwei', 'Mordekaiser', 'Riven', 'Varus')",0,1,1
"('Jax', ""Kai'Sa"", 'Karma', 'Lillia', 'Tristana')",0,1,1
"('Brand', 'Jayce', 'Rell', 'Ryze', 'Samira')",0,1,1
"('Blitzcrank', 'Caitlyn', 'Cassiopeia', 'Tryndamere', 'Viego')",0,1,1
"(""Kai'Sa"", 'Karthus', 'Rakan', 'Talon', 'Twisted Fate')",1,0,1
"('Aatrox', 'Lillia', 'Rakan', 'Smolder', 'Talon')",0,1,1
"('Ahri', 'Gragas', 'Jax', 'Lulu', 'Zeri')",0,1,1
"('Braum', 'Graves', ""Kai'Sa"", 'Nunu & Willump', 'Sett')",0,1,1
"('Ashe', 'Braum', 'Graves', 'Nasus', 'Nunu & Willump')",0,1,1
"('Ezreal', 'Graves', 'Vex', 'Viego', 'Zac')",1,0,1
"('Aphelios', 'Jax', 'Lulu', 'Nidalee', 'Yasuo')",1,0,1
"('Akali', 'Bard', 'Caitlyn', 'Irelia', ""Kha'Zix"")",1,0,1
"('Blitzcrank', 'Galio', 'Kindred', 'Samira', 'Taliyah')",0,1,1
"('Aphelios', 'Jayce', 'Karthus', 'Thresh', 'Warwick')",1,0,1
"('Leona', 'Renekton', 'Sylas', 'Viego', 'Zeri')",0,1,1
"('Blitzcrank', 'Graves', ""Kai'Sa"", 'Volibear', 'Zoe')",0,1,1
"('Aphelios', 'Lissandra', 'Maokai', 'Seraphine', 'Viego')",0,1,1
"('Ashe', 'Hecarim', 'Nunu & Willump', 'Seraphine', 'Shen')",1,0,1
"('Hwei', 'Jinx', 'Lucian', 'Nunu & Willump', 'Vi')",1,0,1
"('Aphelios', 'Ivern', 'Nunu & Willump', 'Skarner', 'Twisted Fate')",1,0,1
"('Graves', 'Jax', 'Kalista', 'Nunu & Willump', 'Skarner')",1,0,1
"('Ezreal', ""K'Sante"", 'Nunu & Willump', 'Rell', 'Viego')",1,0,1
"(""K'Sante"", 'Nautilus', 'Nidalee', 'Nunu & Willump', 'Sivir')",0,1,1
"('Ezreal', 'Lee Sin', 'Nunu & Willump', 'Pyke', 'Skarner')",1,0,1
"(""Kai'Sa"", 'Lee Sin', 'Nunu & Willump', 'Pyke', 'Renekton')",0,1,1
"('Azir', 'Morgana', 'Skarner', 'Varus', 'Viego')",1,0,1
"('Kalista', ""Kha'Zix"", 'Nunu & Willump', 'Renata Glasc', 'Twisted Fate')",1,0,1
"('Graves', 'Jhin', 'Nautilus', 'Nunu & Willump', 'Skarner')",0,1,1
"('Jax', 'Nunu & Willump', 'Rumble', 'Twisted Fate', 'Xayah')",0,1,1
"('Aphelios', 'Lulu', 'Nunu & Willump', 'Shen', 'Xin Zhao')",0,1,1
"('Nautilus', 'Nunu & Willump', 'Skarner', 'Tristana', 'Xayah')",1,0,1
"('Ashe', 'Lee Sin', 'Nunu & Willump', 'Varus', 'Zed')",0,1,1
"('Draven', 'Irelia', ""Kha'Zix"", 'Nunu & Willump', 'Renata Glasc')",1,0,1
"('Gwen', 'Neeko', 'Seraphine', 'Thresh', 'Viego')",1,0,1
"('Lissandra', 'Seraphine', 'Skarner', 'Taric', 'Viego')",1,0,1
"('Diana', 'Lee Sin', 'Seraphine', 'Soraka', 'Talon')",0,1,1
"('Heimerdinger', 'Jax', 'LeBlanc', 'Lee Sin', 'Seraphine')",1,0,1
"('Fiddlesticks', 'Heimerdinger', 'Jayce', 'Seraphine', 'Tristana')",1,0,1
"('Corki', 'Hecarim', 'Jayce', 'Senna', 'Seraphine')",1,0,1
"('Nautilus', 'Pantheon', 'Rengar', 'Rumble', 'Seraphine')",0,1,1
"('Lee Sin', 'Riven', 'Seraphine', 'Talon', 'Thresh')",0,1,1
"('Alistar', 'Gragas', 'Lillia', 'Master Yi', 'Seraphine')",1,0,1
"('Akshan', 'Seraphine', 'Taliyah', 'Trundle', 'Zilean')",0,1,1
"('Akali', 'Kindred', 'Neeko', 'Pyke', 'Seraphine')",0,1,1
"('Lillia', 'Rell', 'Renekton', 'Seraphine', 'Yasuo')",1,0,1
"('Quinn', 'Senna', 'Seraphine', 'Yone', 'Zac')",1,0,1
"('Camille', 'Graves', 'Rakan', 'Seraphine', 'Twisted Fate')",0,1,1
"('Ahri', 'Jax', 'Jhin', 'Rakan', 'Viego')",1,0,1
"('Jayce', 'Kled', 'Rell', 'Seraphine', 'Zac')",1,0,1
"('Leona', 'Lillia', 'Mordekaiser', 'Seraphine', 'Tristana')",1,0,1
"('Jax', 'Karma', 'Lee Sin', 'Seraphine', 'Syndra')",0,1,1
"('Graves', 'Neeko', 'Senna', 'Seraphine', 'Yone')",0,1,1
"('Galio', 'Lee Sin', 'Seraphine', 'Sylas', 'Zac')",1,0,1
"(""Cho'Gath"", 'Darius', 'Nunu & Willump', 'Shaco', 'Thresh')",1,0,1
"('Jayce', 'Lillia', 'Nunu & Willump', 'Rell', 'Zeri')",1,0,1
"('Kindred', 'Nunu & Willump', 'Sett', 'Singed', 'Taric')",1,0,1
"('Akali', 'Corki', 'Ekko', 'Kalista', 'Leona')",1,0,1
"('Ashe', 'Nunu & Willump', 'Rengar', 'Rumble', 'Seraphine')",1,0,1
"('Ashe', 'Hecarim', 'Nunu & Willump', 'Rumble', 'Seraphine')",1,0,1
"('Aatrox', 'Ezreal', 'Lee Sin', 'Lissandra', 'Seraphine')",0,1,1
"('Aphelios', 'Skarner', 'Taliyah', 'Tristana', 'Zyra')",0,1,1
"('Camille', 'Corki', 'Galio', 'Lux', 'Taliyah')",0,1,1
"('Braum', 'Kalista', 'Skarner', 'Taliyah', 'Talon')",1,0,1
"('Corki', 'Hwei', 'Lillia', 'Renekton', 'Seraphine')",1,0,1
"('Ashe', 'Gnar', 'Kalista', 'Skarner', 'Yone')",1,0,1
"('Cassiopeia', 'Kalista', 'Lee Sin', 'Maokai', 'Nunu & Willump')",0,1,1
"(""Bel'Veth"", 'Corki', ""K'Sante"", 'Rumble', 'Thresh')",1,0,1
"('Corki', ""K'Sante"", 'LeBlanc', 'Poppy', 'Pyke')",0,1,1
"('Jinx', 'Nidalee', 'Olaf', 'Seraphine', 'Tristana')",0,1,1
"('Corki', 'Graves', 'Rakan', 'Zac', 'Zoe')",0,1,1
"('Camille', 'Corki', 'Karthus', 'Master Yi', 'Thresh')",1,0,1
"('Aatrox', 'Aphelios', 'Blitzcrank', 'Brand', 'Yone')",1,0,1
"('Brand', 'Corki', 'Galio', 'Jax', 'Viego')",1,0,1
"('Aphelios', 'Graves', 'Jax', 'Nunu & Willump', 'Thresh')",1,0,1
"(""Kai'Sa"", 'Nunu & Willump', 'Rakan', 'Riven', 'Viego')",0,1,1
"('Caitlyn', 'Camille', 'Nunu & Willump', 'Tahm Kench', 'Zac')",1,0,1
"('Graves', 'Nunu & Willump', 'Thresh', 'Twitch', 'Udyr')",1,0,1
"('Ashe', ""Bel'Veth"", 'Gwen', 'Morgana', 'Orianna')",1,0,1
"(""K'Sante"", 'Lee Sin', 'Leona', 'Lucian', 'Nunu & Willump')",0,1,1
"('Kassadin', 'Lillia', 'Lucian', 'Nami', 'Poppy')",0,1,1
"('Jinx', 'Lee Sin', 'Nautilus', 'Nunu & Willump', 'Sett')",1,0,1
"('Camille', 'Evelynn', 'Jhin', 'Nunu & Willump', 'Rumble')",1,0,1
"('Bard', 'Evelynn', ""K'Sante"", 'Nunu & Willump', 'Varus')",1,0,1
"('Bard', 'Miss Fortune', 'Nunu & Willump', 'Skarner', 'Xin Zhao')",1,0,1
"('Irelia', 'Jhin', 'Kayn', 'Leona', 'Nunu & Willump')",1,0,1
"('Kled', 'Morgana', 'Varus', 'Viego', 'Zoe')",0,1,1
"('Corki', 'Hwei', 'Leona', 'Poppy', 'Viego')",1,0,1
"('Bard', 'Irelia', 'Jhin', 'Kayn', 'Nunu & Willump')",0,1,1
"('Jinx', 'Nunu & Willump', 'Riven', 'Seraphine', 'Viego')",1,0,1
"('Corki', ""K'Sante"", 'Nunu & Willump', 'Rell', 'Taliyah')",0,1,1
"('Ashe', 'Nunu & Willump', 'Poppy', 'Rumble', 'Udyr')",0,1,1
"('Jinx', 'Nautilus', 'Nunu & Willump', 'Rumble', 'Viego')",1,0,1
"('Jax', ""Kai'Sa"", 'Lee Sin', 'Nautilus', 'Nunu & Willump')",1,0,1
"('Ashe', 'Brand', 'Kled', 'Pyke', 'Tristana')",0,1,1
"('Jhin', ""K'Sante"", 'Maokai', 'Nidalee', 'Yone')",1,0,1
"('Kalista', 'Lee Sin', 'Rell', 'Shen', 'Xerath')",1,0,1
"('Aurelion Sol', 'Jhin', 'Lee Sin', 'Mordekaiser', 'Soraka')",0,1,1
"('Hwei', 'Jayce', 'Karma', 'Varus', 'Vi')",0,1,1
"('Corki', 'Jhin', 'Karthus', 'Sona', 'Tryndamere')",1,0,1
"('Braum', 'Jayce', 'Jinx', 'Rengar', 'Yone')",1,0,1
"('Jinx', 'Nautilus', 'Nunu & Willump', 'Tryndamere', 'Twisted Fate')",1,0,1
"('Camille', 'Jinx', 'Karthus', 'Thresh', 'Tristana')",1,0,1
"('Blitzcrank', 'Jhin', 'Lillia', 'Skarner', 'Zeri')",0,1,1
"('Bard', 'Ezreal', 'Hecarim', 'Hwei', 'Urgot')",0,1,1
"('Ahri', 'Alistar', 'Hecarim', 'Jinx', 'Riven')",1,0,1
"('Jayce', 'Jinx', 'Lillia', 'Rumble', 'Thresh')",1,0,1
"('Irelia', 'Jax', 'Jinx', 'Lee Sin', 'Seraphine')",1,0,1
"(""K'Sante"", 'Rell', 'Sivir', 'Syndra', 'Viego')",1,0,1
"('Jayce', 'Jinx', 'Nidalee', 'Nocturne', 'Thresh')",0,1,1
"('Graves', 'Jinx', ""K'Sante"", 'Rell', 'Veigar')",1,0,1
"('Graves', 'Jhin', 'LeBlanc', 'Renekton', 'Rumble')",0,1,1
"('Ahri', 'Caitlyn', 'Leona', 'Lillia', 'Renekton')",1,0,1
"('Hwei', 'Jinx', 'Maokai', 'Sett', 'Xin Zhao')",0,1,1
"('Blitzcrank', 'Jinx', 'Rumble', 'Tristana', 'Zac')",1,0,1
"('Darius', ""Kai'Sa"", 'Karma', 'Karthus', 'Zed')",1,0,1
"('Irelia', 'Jhin', 'Nautilus', 'Pantheon', 'Taliyah')",1,0,1
"('Nidalee', 'Rell', 'Samira', 'Skarner', 'Tristana')",0,1,1
"('Aphelios', 'Hecarim', 'Irelia', 'Seraphine', 'Skarner')",0,1,1
"('Aurelion Sol', 'Blitzcrank', 'Camille', 'Jhin', 'Viego')",1,0,1
"('Ahri', 'Caitlyn', 'Lux', 'Renekton', 'Viego')",0,1,1
"('Nautilus', 'Samira', 'Sylas', 'Taliyah', 'Yone')",1,0,1
"('Cassiopeia', 'Ekko', 'Illaoi', 'Jhin', 'Talon')",0,1,1
"('Hecarim', 'Jhin', 'Seraphine', 'Swain', 'Twisted Fate')",1,0,1
"('Elise', 'Jinx', 'Qiyana', 'Rell', 'Rumble')",0,1,1
"('Corki', 'Lee Sin', 'Malzahar', 'Samira', 'Thresh')",0,1,1
"('Aatrox', 'Aurelion Sol', 'Caitlyn', 'Lee Sin', 'Lux')",0,1,1
"('Braum', 'Jinx', 'Lee Sin', 'Lillia', 'Pantheon')",1,0,1
"('Jinx', 'Nidalee', 'Vayne', 'Xin Zhao', 'Zyra')",0,1,1
"('Ahri', 'Diana', 'Jinx', 'Seraphine', 'Vayne')",1,0,1
"('Aphelios', 'Cassiopeia', 'Graves', 'Katarina', 'Leona')",0,1,1
"('Lissandra', 'Nautilus', 'Rengar', 'Seraphine', 'Vayne')",1,0,1
"('Gnar', 'Jhin', 'Neeko', 'Nidalee', 'Rell')",0,1,1
"('Jarvan IV', 'Jinx', 'Rumble', 'Skarner', 'Thresh')",1,0,1
"('Graves', ""Kai'Sa"", 'Sylas', 'Vayne', 'Zac')",1,0,1
"('Caitlyn', 'Karma', 'Lillia', 'Pantheon', 'Tristana')",1,0,1
"('Jinx', 'Nidalee', 'Rumble', 'Soraka', 'Talon')",1,0,1
"('Akshan', 'Ashe', 'Jax', 'Jinx', 'Rumble')",1,0,1
"('Braum', 'Nocturne', 'Syndra', 'Udyr', 'Zeri')",0,1,1
"('Camille', 'Corki', 'Karthus', 'Leona', 'Yone')",1,0,1
"('Aatrox', ""Kai'Sa"", 'Rell', 'Taliyah', 'Talon')",1,0,1
"('Ahri', 'Alistar', 'Irelia', ""Kai'Sa"", 'Udyr')",0,1,1
"('Jax', 'Jhin', 'Seraphine', 'Twisted Fate', 'Udyr')",0,1,1
"('Anivia', 'Rakan', 'Skarner', 'Udyr', 'Zeri')",1,0,1
"('Janna', 'LeBlanc', 'Renekton', 'Udyr', 'Zeri')",1,0,1
"(""Kai'Sa"", 'Nautilus', 'Riven', 'Singed', 'Udyr')",1,0,1
"('Ahri', 'Camille', 'Lulu', 'Udyr', 'Zeri')",1,0,1
"('Alistar', 'Corki', 'Gragas', ""Kai'Sa"", 'Renekton')",1,0,1
"('Ashe', 'Jax', 'Seraphine', 'Sylas', 'Udyr')",0,1,1
"('Irelia', ""Kai'Sa"", 'Ryze', 'Udyr', 'Xerath')",0,1,1
"('Hwei', 'Jinx', 'Lee Sin', 'Nautilus', 'Udyr')",0,1,1
"('Ahri', 'Seraphine', 'Tristana', 'Udyr', 'Vayne')",0,1,1
"('Corki', 'Lee Sin', 'Nautilus', 'Sylas', 'Udyr')",0,1,1
"('Alistar', 'Jayce', ""Kai'Sa"", 'Udyr', 'Yone')",0,1,1
"(""Kai'Sa"", 'Kayle', 'Lulu', 'Udyr', 'Viego')",1,0,1
"('Brand', 'Camille', 'Katarina', 'Leona', 'Twitch')",0,1,1
"('Corki', 'Diana', 'Rakan', 'Riven', 'Zed')",1,0,1
"('Ahri', 'Graves', 'Mordekaiser', 'Nautilus', 'Varus')",0,1,1
"('Akali', 'Nautilus', 'Nidalee', 'Urgot', 'Xayah')",0,1,1
"('Ahri', 'Hecarim', 'Jinx', 'Seraphine', 'Tryndamere')",0,1,1
"('Corki', 'Illaoi', 'Jinx', 'Lillia', 'Pyke')",1,0,1
"('Cassiopeia', ""Kai'Sa"", 'Neeko', 'Thresh', 'Volibear')",0,1,1
"('Aatrox', 'Ahri', 'Leona', ""Rek'Sai"", 'Varus')",0,1,1
"('Nilah', 'Orianna', 'Rakan', 'Rumble', 'Viego')",1,0,1
"('Aphelios', 'Lee Sin', 'Mordekaiser', 'Thresh', 'Vex')",1,0,1
"(""Kai'Sa"", 'Kennen', 'Kindred', 'Nautilus', 'Orianna')",1,0,1
"(""Bel'Veth"", 'Gangplank', ""Kai'Sa"", 'Leona', 'Vex')",1,0,1
"('Anivia', ""Kai'Sa"", 'Lee Sin', 'Nautilus', 'Rumble')",1,0,1
"(""Bel'Veth"", 'Gangplank', 'Jinx', 'Rell', 'Vex')",0,1,1
"('Dr. Mundo', 'Jayce', ""Kai'Sa"", 'Nautilus', 'Sylas')",0,1,1
"('Kayn', ""Kog'Maw"", 'Rakan', 'Vladimir', 'Zoe')",1,0,1
"('Akali', 'Lee Sin', 'Lucian', 'Rell', 'Tristana')",1,0,1
"('Alistar', 'Dr. Mundo', 'Ekko', 'Tristana', 'Zeri')",1,0,1
"(""Kai'Sa"", 'Neeko', 'Nocturne', 'Rell', 'Zac')",1,0,1
"('Gnar', 'Jinx', 'Lee Sin', 'Maokai', 'Sylas')",0,1,1
"('Aphelios', 'Qiyana', 'Taliyah', 'Thresh', 'Viego')",0,1,1
"('Gnar', 'Jayce', 'Neeko', 'Skarner', 'Xayah')",0,1,1
"('Corki', 'Lee Sin', 'Nautilus', 'Rumble', 'Zoe')",1,0,1
"('Camille', 'Corki', 'Hwei', 'Nautilus', 'Viego')",0,1,1
"('Cassiopeia', 'Jayce', 'Kindred', 'Pyke', 'Ziggs')",0,1,1
"('Camille', 'Cassiopeia', 'Corki', 'Kindred', 'Nilah')",1,0,1
"('Akshan', 'Jinx', 'Kindred', 'Thresh', 'Vladimir')",1,0,1
"('Akshan', 'Diana', 'Dr. Mundo', 'Graves', 'Hwei')",0,1,1
"('Gragas', 'Jinx', 'Sylas', 'Thresh', 'Viego')",0,1,1
"('Ahri', 'Blitzcrank', 'Fiora', 'Kalista', 'Kindred')",0,1,1
"('Cassiopeia', 'Corki', 'Elise', 'Kalista', 'Rumble')",1,0,1
"('Ashe', 'Galio', 'Kindred', 'Lee Sin', 'Nautilus')",0,1,1
"('Ezreal', 'Heimerdinger', 'Jayce', 'Syndra', 'Viego')",0,1,1
"('Akshan', 'Jayce', ""Kog'Maw"", 'Lulu', 'Taliyah')",1,0,1
"('Ahri', 'Ashe', 'Braum', 'Kindred', 'Olaf')",0,1,1
"('Camille', ""Kai'Sa"", 'Katarina', 'Leona', ""Rek'Sai"")",1,0,1
"('Leona', 'Lillia', 'Sejuani', 'Zed', 'Zeri')",1,0,1
"('Kalista', 'Kled', ""Rek'Sai"", 'Rell', 'Twisted Fate')",0,1,1
"('Akshan', 'Ezreal', 'Karma', 'Kindred', 'Rumble')",0,1,1
"('Akali', 'Illaoi', 'Kindred', 'Lulu', 'Zeri')",0,1,1
"('Akshan', 'Ashe', 'Gnar', 'Nautilus', 'Nidalee')",1,0,1
"('Akshan', 'Gwen', 'Jhin', 'Kindred', 'Leona')",1,0,1
"('Gnar', 'Hwei', 'Kindred', 'Rakan', 'Twitch')",1,0,1
"('Azir', ""K'Sante"", 'Kindred', 'Nilah', 'Pyke')",1,0,1
"('Aphelios', 'Jax', 'Lillia', 'Mordekaiser', 'Thresh')",0,1,1
"('LeBlanc', 'Lee Sin', 'Nautilus', 'Renekton', 'Samira')",1,0,1
"('Brand', 'Camille', 'Kalista', ""Rek'Sai"", 'Renata Glasc')",0,1,1
"('Ahri', 'Caitlyn', 'Lee Sin', 'Lux', 'Tryndamere')",0,1,1
"('Graves', 'Jayce', 'Jhin', 'Neeko', 'Twisted Fate')",1,0,1
"('Graves', 'Hwei', 'Jhin', ""Rek'Sai"", 'Senna')",1,0,1
"('Aphelios', 'Hwei', 'Janna', 'Renekton', 'Xin Zhao')",0,1,1
"('Aatrox', 'Ahri', 'Nautilus', 'Senna', 'Viego')",1,0,1
"('Camille', 'Jhin', 'Kassadin', 'Rell', 'Shaco')",1,0,1
"('Alistar', 'Jinx', 'LeBlanc', ""Rek'Sai"", 'Warwick')",1,0,1
"('Galio', 'Jax', 'Jinx', 'Lee Sin', 'Tahm Kench')",1,0,1
"('Ashe', 'Karthus', 'Renekton', 'Seraphine', 'Sivir')",1,0,1
"('Ashe', 'Karma', 'Sylas', 'Vex', 'Viego')",0,1,1
"('Kled', 'Lulu', 'Skarner', 'Tryndamere', 'Varus')",1,0,1
"('Ahri', 'Kalista', 'Karma', 'Senna', 'Vi')",0,1,1
"('Fizz', 'Gwen', 'Lee Sin', 'Lucian', 'Nami')",1,0,1
"('Dr. Mundo', 'Ezreal', 'Graves', 'Hwei', 'Karma')",1,0,1
"('Jayce', 'Nidalee', 'Rell', 'Samira', 'Yasuo')",0,1,1
"('Ashe', ""Kha'Zix"", 'Skarner', 'Thresh', 'Viktor')",0,1,1
"('Aphelios', 'Galio', 'Graves', 'Jayce', 'Nautilus')",0,1,1
"('Kennen', 'Nidalee', 'Rakan', 'Tristana', 'Yone')",1,0,1
"('Alistar', 'Aurelion Sol', 'Graves', ""Kai'Sa"", 'Nasus')",1,0,1
"('Jinx', 'Nautilus', 'Taliyah', 'Urgot', 'Yone')",1,0,1
"('Jayce', 'Jinx', 'Neeko', 'Taliyah', 'Xin Zhao')",0,1,1
"('Ashe', 'Leona', 'Renekton', 'Taliyah', 'Tristana')",1,0,1
"('Camille', 'Corki', 'Lillia', 'Rakan', 'Yone')",0,1,1
"('Camille', 'Rumble', 'Sivir', 'Twisted Fate', 'Viego')",0,1,1
"('Elise', 'Jinx', 'Rumble', 'Skarner', 'Tristana')",1,0,1
"('Corki', 'Irelia', 'Karthus', 'Rell', 'Tristana')",1,0,1
"('Caitlyn', 'LeBlanc', 'Lee Sin', 'Rakan', 'Rumble')",1,0,1
"(""Kai'Sa"", 'Maokai', 'Neeko', ""Rek'Sai"", 'Vex')",1,0,1
"('Ashe', 'Dr. Mundo', 'LeBlanc', 'Neeko', ""Rek'Sai"")",1,0,1
"('Ekko', 'Galio', 'Kalista', 'Nautilus', 'Tristana')",0,1,1
"(""Kai'Sa"", 'Ornn', 'Taliyah', 'Taric', 'Tristana')",1,0,1
"('Jinx', 'Rumble', 'Syndra', 'Thresh', 'Viego')",0,1,1
"('Gragas', 'Karthus', 'Pyke', 'Tristana', 'Vayne')",1,0,1
"('Ekko', 'Fiora', 'Rakan', 'Tristana', 'Zeri')",1,0,1
"('Akali', 'Blitzcrank', 'Corki', 'Gwen', 'Lee Sin')",0,1,1
"('Corki', 'Hwei', 'Jarvan IV', 'Seraphine', 'Skarner')",1,0,1
"('Caitlyn', 'Jax', 'Morgana', 'Nidalee', 'Syndra')",0,1,1
"('Draven', 'Jayce', 'Nautilus', 'Nidalee', 'Poppy')",0,1,1
"('Akali', 'Graves', 'Rakan', 'Smolder', 'Vayne')",1,0,1
"('Ahri', 'Graves', 'Jayce', 'Rell', 'Varus')",1,0,1
"('Ashe', 'Graves', 'Kennen', 'Leona', 'Syndra')",1,0,1
"('Gragas', 'Nautilus', 'Nidalee', 'Samira', 'Tristana')",1,0,1
"('Ashe', 'Braum', 'Nidalee', 'Pantheon', 'Zed')",1,0,1
"('Miss Fortune', 'Nidalee', 'Twisted Fate', 'Xerath', 'Zyra')",1,0,1
"('Braum', 'Camille', 'Jinx', 'Nidalee', 'Tristana')",0,1,1
"('Gwen', 'Jax', 'Kalista', 'Lee Sin', 'Syndra')",1,0,1
"('Aphelios', 'Camille', 'Hwei', 'Seraphine', 'Skarner')",1,0,1
"('Jayce', 'Nautilus', 'Orianna', 'Vi', 'Zeri')",0,1,1
"('Azir', 'Jinx', 'Kennen', 'Kindred', 'Milio')",1,0,1
"('Gragas', 'Lulu', 'Olaf', 'Tristana', 'Zeri')",1,0,1
"('Aatrox', 'Ashe', 'Kalista', 'Kayn', 'LeBlanc')",1,0,1
"(""Kai'Sa"", 'Lee Sin', 'Rumble', 'Swain', 'Tristana')",1,0,1
"('Corki', 'Ezreal', 'Karthus', 'Morgana', 'Tristana')",0,1,1
"('Camille', 'Corki', 'Nautilus', 'Nidalee', 'Yasuo')",1,0,1
"('Lee Sin', 'Seraphine', 'Thresh', 'Twisted Fate', 'Vex')",1,0,1
"('Alistar', 'Elise', 'Seraphine', 'Varus', 'Viego')",0,1,1
"('Heimerdinger', 'Irelia', 'Lee Sin', 'Lillia', 'Seraphine')",1,0,1
"('Alistar', 'Camille', 'Karma', ""Rek'Sai"", 'Sivir')",1,0,1
"('Jhin', 'Karthus', 'Rell', 'Renekton', 'Tristana')",1,0,1
"('Blitzcrank', 'Graves', ""Kai'Sa"", 'Orianna', 'Renekton')",0,1,1
"('Jinx', 'Katarina', 'Nidalee', 'Renekton', 'Seraphine')",1,0,1
"('Hecarim', 'Neeko', 'Renekton', 'Syndra', 'Varus')",0,1,1
"('Camille', 'Miss Fortune', 'Renekton', 'Taliyah', 'Viego')",0,1,1
"('Aphelios', 'Lee Sin', 'Renekton', 'Thresh', 'Zoe')",1,0,1
"('Jayce', 'Jinx', 'Nasus', 'Taliyah', 'Thresh')",1,0,1
"('Kalista', ""Rek'Sai"", 'Renekton', 'Sylas', 'Thresh')",1,0,1
"('Graves', 'Katarina', 'Rakan', 'Renekton', 'Varus')",0,1,1
"('Graves', 'Lucian', 'Renekton', 'Rumble', 'Taliyah')",0,1,1
"('Kindred', 'Rell', 'Renekton', 'Taliyah', 'Zeri')",0,1,1
"('Corki', ""Kai'Sa"", 'Lillia', 'Nautilus', 'Renekton')",0,1,1
"('Aurelion Sol', 'Jinx', 'Ornn', 'Rell', 'Vi')",0,1,1
"('Alistar', 'Jax', 'Jhin', 'Renekton', 'Taliyah')",0,1,1
"(""Kai'Sa"", 'Nidalee', 'Rakan', 'Sett', 'Tristana')",0,1,1
"('Blitzcrank', 'Corki', 'Lucian', 'Olaf', 'Taliyah')",1,0,1
"('Gwen', 'Jayce', 'Lucian', 'Seraphine', 'Twisted Fate')",0,1,1
"('Ashe', 'LeBlanc', 'Nautilus', 'Renekton', 'Rengar')",0,1,1
"('Aatrox', 'Karthus', 'Renekton', 'Senna', 'Zeri')",1,0,1
"('Irelia', ""Kai'Sa"", 'Leona', 'Lillia', 'Renekton')",1,0,1
"('Corki', 'Karma', 'Pyke', ""Rek'Sai"", 'Renekton')",0,1,1
"('Cassiopeia', 'Corki', 'Karthus', 'Rakan', 'Renekton')",1,0,1
"('Blitzcrank', 'Corki', 'Lillia', 'Malzahar', 'Olaf')",0,1,1
"('Ezreal', 'Hwei', 'Karma', 'Kennen', 'Xin Zhao')",0,1,1
"('Blitzcrank', 'Corki', 'Jayce', 'Karma', 'Udyr')",0,1,1
"('Ashe', 'Aurelion Sol', ""Kha'Zix"", 'Lillia', 'Nautilus')",0,1,1
"('Jinx', 'Karma', 'Kennen', 'Lee Sin', 'Thresh')",1,0,1
"('Jhin', 'Karma', 'Nidalee', 'Rell', 'Tryndamere')",1,0,1
"('Braum', 'Caitlyn', 'Camille', 'Malzahar', 'Xin Zhao')",1,0,1
"('Akali', 'Morgana', 'Renekton', 'Varus', 'Zac')",1,0,1
"('Aatrox', 'Ashe', 'Galio', 'Karthus', 'Seraphine')",1,0,1
"('Aurelion Sol', 'Illaoi', 'Karthus', 'Rell', 'Talon')",1,0,1
"('Aatrox', ""Kai'Sa"", 'Karma', 'Lee Sin', 'Nautilus')",0,1,1
"('Ashe', 'Karthus', 'Nautilus', 'Neeko', 'Viego')",0,1,1
"('Galio', 'Rell', 'Renekton', 'Taliyah', 'Zeri')",1,0,1
"('Akali', 'Kalista', 'Rell', 'Renekton', 'Viego')",0,1,1
"('Fizz', ""Kai'Sa"", 'Lillia', 'Nautilus', 'Ornn')",1,0,1
"('Ashe', 'Diana', 'Jayce', 'Leona', 'Viego')",1,0,1
"('Lillia', 'Neeko', 'Talon', 'Varus', 'Volibear')",1,0,1
"('Ahri', 'Blitzcrank', ""Kai'Sa"", 'Kennen', 'Xin Zhao')",1,0,1
"('Ashe', ""Bel'Veth"", 'Fiora', 'Rakan', 'Syndra')",1,0,1
"('Hwei', ""Kai'Sa"", 'Nautilus', 'Nidalee', 'Twisted Fate')",1,0,1
"('Draven', 'Hwei', 'Maokai', 'Nidalee', 'Sett')",1,0,1
"('Gwen', 'Jinx', 'Lissandra', 'Skarner', 'Thresh')",1,0,1
"('Aatrox', 'Aphelios', 'Katarina', 'Lillia', 'Thresh')",1,0,1
"('Aphelios', 'LeBlanc', 'Lee Sin', 'Milio', 'Nasus')",0,1,1
"('Ashe', 'Irelia', 'Kindred', 'Rumble', 'Seraphine')",1,0,1
"('Ashe', 'Heimerdinger', 'Soraka', 'Twisted Fate', 'Xin Zhao')",1,0,1
"('Aphelios', 'Jax', ""K'Sante"", 'Karthus', 'Rell')",1,0,1
"('Blitzcrank', 'Hwei', 'Jayce', 'Viego', 'Xayah')",0,1,1
"('Fiora', 'Jayce', 'Nidalee', 'Thresh', 'Varus')",1,0,1
"('Aphelios', 'Lee Sin', 'Thresh', 'Twisted Fate', 'Vayne')",0,1,1
"('Ashe', 'Azir', 'Cassiopeia', 'Twitch', 'Viego')",1,0,1
"('Ashe', 'Cassiopeia', 'Hecarim', 'LeBlanc', 'Varus')",0,1,1
"('Corki', 'Elise', 'Jinx', 'Thresh', 'Urgot')",0,1,1
"('Jayce', 'Jinx', 'Nautilus', 'Nidalee', 'Pantheon')",0,1,1
"('Camille', ""Kai'Sa"", ""Kha'Zix"", 'Pyke', 'Tristana')",0,1,1
"('Aphelios', 'Darius', 'Graves', 'Lulu', 'Zoe')",0,1,1
"('Garen', 'Karthus', 'Orianna', 'Poppy', 'Zeri')",1,0,1
"('Jhin', 'Lillia', 'Neeko', 'Renekton', 'Syndra')",1,0,1
"(""Bel'Veth"", 'Ezreal', 'Neeko', 'Tryndamere', 'Varus')",0,1,1
"('Blitzcrank', 'Graves', 'Hwei', 'Maokai', 'Nilah')",0,1,1
"('Ashe', 'Hwei', 'Kled', 'Lee Sin', 'Leona')",1,0,1
"('Ahri', 'Blitzcrank', ""Kha'Zix"", 'Renekton', 'Varus')",1,0,1
"('Annie', 'Ashe', 'Lee Sin', 'Leona', 'Renekton')",1,0,1
"('Akali', 'Aphelios', 'Jayce', 'Lulu', 'Rengar')",1,0,1
"('Graves', 'Jhin', 'LeBlanc', 'Neeko', 'Renekton')",1,0,1
"('Gragas', 'Kalista', 'LeBlanc', 'Lee Sin', 'Neeko')",1,0,1
"('Ashe', 'Gragas', 'Qiyana', 'Seraphine', 'Talon')",0,1,1
"('Ashe', 'Braum', 'Fiora', 'Lissandra', 'Master Yi')",0,1,1
"('Aatrox', 'Graves', 'Hwei', ""Kai'Sa"", 'Neeko')",0,1,1
"('Aurelion Sol', 'Jinx', 'Lulu', 'Thresh', 'Viego')",0,1,1
"(""Kai'Sa"", 'Karthus', 'Lulu', 'Rell', 'Tristana')",0,1,1
"('Kalista', 'Neeko', 'Nidalee', 'Qiyana', 'Shen')",0,1,1
"('Kalista', 'Kennen', 'Lee Sin', 'Lulu', 'Rell')",0,1,1
"('Corki', 'Kindred', 'Lulu', 'Sylas', 'Taric')",1,0,1
"('Ashe', 'Diana', 'Seraphine', 'Talon', 'Twisted Fate')",0,1,1
"('Katarina', 'Lillia', 'Nautilus', 'Samira', 'Yone')",0,1,1
"('Corki', 'Gwen', 'Nautilus', ""Vel'Koz"", 'Xin Zhao')",0,1,1
"('Nidalee', 'Pyke', 'Seraphine', 'Talon', 'Udyr')",0,1,1
"('Brand', 'Rell', 'Tristana', 'Twisted Fate', 'Zeri')",1,0,1
"('Akali', 'Alistar', 'Jhin', 'Nasus', ""Rek'Sai"")",1,0,1
"('Aphelios', 'Jax', 'LeBlanc', 'Nautilus', ""Rek'Sai"")",1,0,1
"('Akali', 'Alistar', 'Jhin', ""Rek'Sai"", 'Twisted Fate')",0,1,1
"('Ashe', 'Aurelion Sol', 'Braum', 'Galio', 'Master Yi')",0,1,1
"('Aphelios', 'Nidalee', 'Taliyah', 'Thresh', 'Tryndamere')",0,1,1
"('Camille', 'Heimerdinger', 'Taliyah', 'Viego', 'Zeri')",1,0,1
"('Nautilus', 'Pantheon', 'Rumble', 'Tristana', 'Xayah')",0,1,1
"('Alistar', 'Nidalee', 'Poppy', 'Tristana', 'Zeri')",0,1,1
"('Akali', 'Aphelios', 'Corki', 'Lee Sin', 'Thresh')",1,0,1
"('Ahri', ""Bel'Veth"", 'Corki', ""Kha'Zix"", 'Rell')",0,1,1
"('Bard', 'Ezreal', 'LeBlanc', 'Lee Sin', 'Twisted Fate')",0,1,1
"('Camille', 'Kalista', 'Nidalee', 'Tristana', 'Yone')",0,1,1
"('Corki', 'Hwei', ""K'Sante"", 'Kayn', 'Syndra')",1,0,1
"('Bard', 'Fiora', 'Hwei', ""Kha'Zix"", 'Smolder')",0,1,1
"('Graves', 'Heimerdinger', 'Rell', 'Smolder', 'Sylas')",1,0,1
"('Cassiopeia', 'Corki', 'Ornn', ""Rek'Sai"", 'Rell')",1,0,1
"('Corki', 'Kled', 'Lillia', 'Rakan', 'Taliyah')",1,0,1
"('Ahri', 'Braum', 'Camille', ""Rek'Sai"", 'Varus')",1,0,1
"('Bard', 'Corki', 'Jayce', 'Lillia', 'Skarner')",0,1,1
"('Hwei', 'Jax', 'Thresh', 'Varus', 'Viego')",0,1,1
"('Aatrox', 'Jhin', 'Pyke', ""Rek'Sai"", 'Twisted Fate')",1,0,1
"('Darius', 'Ekko', ""Kai'Sa"", 'Kindred', 'Rell')",1,0,1
"('Camille', 'Ekko', ""Kai'Sa"", 'Rell', 'Viego')",0,1,1
"('Ekko', 'Ezreal', 'Swain', 'Vi', 'Zoe')",0,1,1
"('Ekko', 'Graves', 'Jax', 'Lulu', 'Zeri')",0,1,1
"('Kennen', 'Lee Sin', 'Poppy', 'Tristana', 'Ziggs')",0,1,1
"('Akshan', 'Gwen', 'Leona', 'Samira', 'Viego')",0,1,1
"('Draven', 'Elise', 'Jayce', ""K'Sante"", 'Pyke')",1,0,1
"('Annie', ""Bel'Veth"", 'Blitzcrank', 'Gwen', ""Kai'Sa"")",1,0,1
"('Fiddlesticks', 'Maokai', 'Rumble', 'Viego', 'Zeri')",0,1,1
"('Alistar', 'Garen', 'Nidalee', 'Tristana', 'Yone')",1,0,1
"('Braum', 'Camille', 'Jinx', ""Rek'Sai"", 'Rumble')",1,0,1
"('Jayce', 'Jhin', 'Nidalee', 'Pyke', 'Udyr')",0,1,1
"('Ashe', 'Kassadin', 'Maokai', ""Rek'Sai"", 'Twitch')",0,1,1
"('Aurelion Sol', ""Bel'Veth"", 'Ezreal', 'Jax', 'Karma')",0,1,1
"('Azir', 'Jinx', ""Rek'Sai"", 'Rell', 'Shen')",0,1,1
"('Cassiopeia', 'Lulu', ""Rek'Sai"", 'Skarner', 'Zeri')",1,0,1
"('Akshan', 'Gwen', ""Kog'Maw"", 'Lillia', 'Rell')",0,1,1
"('Karthus', 'Nautilus', 'Poppy', 'Vayne', 'Zed')",1,0,1
"('Gragas', 'Kalista', 'Lillia', 'Pyke', 'Skarner')",0,1,1
"('Ahri', 'Brand', 'Jinx', ""K'Sante"", 'Nautilus')",1,0,1
"('Jinx', 'Karthus', 'Lux', 'Neeko', 'Riven')",0,1,1
"('Braum', 'Lillia', 'Riven', 'Seraphine', 'Yasuo')",0,1,1
"('Aatrox', 'Aphelios', 'Hwei', 'Lillia', 'Skarner')",0,1,1
"('Ahri', 'Janna', 'Nidalee', 'Skarner', 'Zeri')",0,1,1
"('Ashe', 'Braum', 'Kennen', ""Vel'Koz"", 'Xin Zhao')",0,1,1
"('Aphelios', 'Karthus', 'Lulu', 'Skarner', 'Yone')",1,0,1
"('Ezreal', 'Jayce', 'Karthus', 'Katarina', 'Swain')",1,0,1
"('Elise', 'Jhin', 'Karma', 'Orianna', ""Vel'Koz"")",1,0,1
"('Akshan', 'Corki', 'Lillia', 'Pyke', 'Twisted Fate')",1,0,1
"('Aatrox', 'Anivia', 'Karthus', 'Yuumi', 'Zeri')",1,0,1
"('Anivia', 'Ezreal', 'Karthus', 'Neeko', 'Vayne')",1,0,1
"('Bard', 'Ekko', 'Riven', 'Vayne', 'Xin Zhao')",1,0,1
"('Corki', 'Jax', 'Rell', 'Taliyah', 'Xin Zhao')",0,1,1
"('Jinx', 'Karma', 'Nautilus', 'Vayne', 'Viego')",1,0,1
"('Corki', 'Jinx', 'Lillia', 'Rell', 'Skarner')",0,1,1
"('Jax', 'Jayce', 'Karthus', 'Rakan', 'Zeri')",0,1,1
"('Jayce', 'Kalista', 'Lillia', 'Nautilus', 'Renekton')",0,1,1
"('Darius', 'Lissandra', 'Rakan', 'Twitch', 'Xin Zhao')",1,0,1
"('Gragas', 'Graves', ""Kai'Sa"", 'Karma', 'Nautilus')",1,0,1
"('Kassadin', 'Nautilus', 'Tristana', 'Tryndamere', 'Xin Zhao')",0,1,1
"('Karma', 'Miss Fortune', 'Skarner', 'Vi', 'Zac')",1,0,1
"('Brand', 'Jax', 'Thresh', 'Xin Zhao', 'Zoe')",0,1,1
"('Jhin', 'Karma', 'Nautilus', 'Taliyah', 'Wukong')",1,0,1
"('Jhin', 'Karthus', 'Twisted Fate', ""Vel'Koz"", 'Yasuo')",0,1,1
"('Camille', 'Karma', 'Kindred', 'Senna', 'Seraphine')",0,1,1
"('Alistar', 'Corki', ""Kai'Sa"", 'Lillia', 'Renekton')",0,1,1
"('Corki', 'LeBlanc', 'Thresh', 'Tryndamere', 'Xin Zhao')",1,0,1
"('Galio', 'Hwei', 'Renekton', ""Vel'Koz"", 'Xin Zhao')",0,1,1
"('Ashe', 'Lillia', 'Milio', 'Renekton', 'Tristana')",1,0,1
"(""Bel'Veth"", 'Jhin', 'Karma', 'Nautilus', 'Nidalee')",0,1,1
"('Draven', 'Pantheon', 'Taliyah', 'Viego', 'Zeri')",0,1,1
"('Caitlyn', 'Poppy', 'Syndra', 'Tryndamere', 'Xin Zhao')",1,0,1
"('Bard', 'Tristana', 'Tryndamere', ""Vel'Koz"", 'Xin Zhao')",0,1,1
"('Alistar', 'Kled', 'Lillia', 'Tristana', ""Vel'Koz"")",1,0,1
"('Irelia', 'Lillia', 'Nautilus', 'Vayne', ""Vel'Koz"")",0,1,1
"('Corki', 'Jayce', 'Kennen', 'Lillia', 'Thresh')",1,0,1
"('Gragas', ""Rek'Sai"", 'Taliyah', 'Thresh', 'Varus')",0,1,1
"('Cassiopeia', ""Kai'Sa"", 'Katarina', 'Lee Sin', 'Rell')",1,0,1
"('Blitzcrank', ""Kai'Sa"", 'Kindred', 'Rumble', 'Twisted Fate')",0,1,1
"('Blitzcrank', 'Brand', ""K'Sante"", ""Kai'Sa"", 'Yasuo')",1,0,1
"('Alistar', 'Corki', 'Dr. Mundo', 'Hecarim', 'Jayce')",0,1,1
"('Hecarim', 'Lee Sin', 'Senna', 'Taliyah', 'Varus')",0,1,1
"('Blitzcrank', 'Hecarim', 'Jayce', 'Jinx', ""Vel'Koz"")",1,0,1
"('Hecarim', 'Jayce', 'Rell', 'Varus', 'Xerath')",1,0,1
"('Ahri', 'Hecarim', 'Rell', 'Rumble', 'Varus')",1,0,1
"('Ashe', 'Hecarim', 'Katarina', 'Kled', 'Rell')",1,0,1
"('Bard', 'Hecarim', 'Hwei', 'Jax', 'Varus')",1,0,1
"('Ashe', 'Hecarim', 'LeBlanc', 'Ryze', 'Seraphine')",1,0,1
"('Alistar', 'Cassiopeia', 'Gragas', 'Varus', 'Xin Zhao')",1,0,1
"('Diana', 'Nilah', 'Xin Zhao', 'Zac', 'Zed')",0,1,1
"('Hecarim', 'Jinx', 'LeBlanc', 'Nautilus', 'Yone')",0,1,1
"('Ashe', 'Hecarim', 'Sylas', 'Taric', 'Tristana')",0,1,1
"('Hecarim', ""Kai'Sa"", 'Ornn', 'Pyke', 'Twisted Fate')",1,0,1
"('Corki', 'Hecarim', ""Kai'Sa"", 'Sett', 'Tryndamere')",1,0,1
"('Akali', 'Braum', 'Hecarim', 'Ornn', 'Varus')",0,1,1
"('Gragas', 'Hecarim', 'LeBlanc', 'Skarner', 'Smolder')",1,0,1
"('Hwei', 'Jinx', 'Kennen', 'Kindred', 'Lulu')",1,0,1
"('Draven', 'Hecarim', 'Poppy', 'Renata Glasc', 'Twisted Fate')",1,0,1
"('Galio', 'Hecarim', 'Jax', 'Nautilus', 'Tristana')",1,0,1
"('Aatrox', 'Ezreal', 'Hecarim', 'Lissandra', 'Seraphine')",1,0,1
"('Jax', ""Kai'Sa"", 'Master Yi', 'Nami', 'Twisted Fate')",1,0,1
"('Fiora', 'Lissandra', 'Lulu', 'Viego', 'Zeri')",0,1,1
"('Gragas', 'Janna', 'Jhin', ""Rek'Sai"", 'Twisted Fate')",1,0,1
"('Cassiopeia', 'Jayce', 'Karthus', 'Lulu', 'Sett')",0,1,1
"('Anivia', 'Gnar', 'Jinx', 'Lillia', 'Lulu')",0,1,1
"('Galio', ""Kai'Sa"", 'Nami', 'Nidalee', 'Skarner')",1,0,1
"('Heimerdinger', ""Kha'Zix"", 'Nami', 'Sion', 'Zeri')",0,1,1
"('Brand', 'Fizz', 'Janna', 'Skarner', 'Viego')",0,1,1
"('Caitlyn', 'Irelia', 'Karthus', 'Nami', 'Twisted Fate')",1,0,1
"('Aurelion Sol', 'Corki', 'Hecarim', 'Nautilus', 'Skarner')",1,0,1
"('Ashe', 'Jarvan IV', 'Katarina', 'Seraphine', 'Sion')",0,1,1
"('Caitlyn', 'Corki', 'Kayn', 'Nami', 'Rumble')",0,1,1
"('Ahri', 'Gwen', 'Hecarim', 'Yuumi', 'Zeri')",0,1,1
"('Draven', 'Hecarim', 'Nautilus', 'Senna', 'Viego')",1,0,1
"('Hecarim', 'Jinx', 'Thresh', 'Vladimir', 'Yone')",1,0,1
"('Hecarim', 'Jinx', 'Nautilus', 'Quinn', 'Sylas')",0,1,1
"('Aurelion Sol', 'Draven', 'Hecarim', 'Kennen', 'Thresh')",1,0,1
"('Corki', 'Maokai', 'Renekton', 'Taliyah', 'Varus')",1,0,1
"('Draven', 'Hwei', 'Nautilus', 'Skarner', 'Twisted Fate')",1,0,1
"('Aphelios', 'Irelia', 'Ivern', 'Lulu', 'Sejuani')",0,1,1
"('Aphelios', 'Hwei', 'Rell', 'Udyr', 'Viego')",0,1,1
"('Ezreal', 'Jax', 'Rakan', 'Taliyah', 'Yasuo')",1,0,1
"('Akshan', 'Gragas', ""Kai'Sa"", 'Pyke', 'Viego')",1,0,1
"('Jinx', 'Lulu', 'Sett', 'Taliyah', 'Viego')",1,0,1
"('Draven', 'Nidalee', 'Thresh', 'Twisted Fate', 'Yone')",1,0,1
"('Jhin', 'Kindred', 'Rell', 'Skarner', 'Syndra')",1,0,1
"('Akshan', 'Miss Fortune', 'Nasus', 'Rell', 'Skarner')",0,1,1
"('Ashe', 'Rakan', 'Renekton', 'Taliyah', 'Yone')",1,0,1
"('Ashe', 'Bard', 'Camille', 'Diana', 'Graves')",0,1,1
"('Aphelios', 'Braum', 'Lee Sin', 'Renekton', 'Zac')",1,0,1
"('Akali', ""K'Sante"", 'Rakan', 'Viego', 'Xayah')",1,0,1
"('Nasus', 'Nautilus', 'Nidalee', 'Seraphine', 'Zed')",0,1,1
"('Ahri', 'Garen', 'Heimerdinger', 'Jhin', 'Vi')",0,1,1
"('Hwei', 'Lee Sin', 'Seraphine', 'Tryndamere', 'Vayne')",1,0,1
"('Corki', 'Jax', 'Katarina', 'Seraphine', 'Taliyah')",0,1,1
"('Riven', 'Senna', 'Seraphine', 'Viego', 'Viktor')",0,1,1
"('Kindred', 'Lissandra', 'Lucian', 'Seraphine', 'Zeri')",1,0,1
"('Aatrox', 'Camille', 'Jinx', 'Neeko', 'Skarner')",1,0,1
"('Akshan', 'Ezreal', 'Lillia', 'Rell', 'Skarner')",0,1,1
"('Aatrox', 'Jhin', 'Lee Sin', 'Nautilus', 'Taliyah')",0,1,1
"('Azir', 'Draven', 'Maokai', 'Pyke', 'Taliyah')",0,1,1
"('Illaoi', 'Jinx', 'Lillia', 'Nautilus', 'Sion')",1,0,1
"('Malphite', 'Pyke', 'Skarner', 'Tristana', ""Vel'Koz"")",1,0,1
"('LeBlanc', 'Lucian', 'Nami', 'Skarner', 'Warwick')",1,0,1
"('Akali', 'Jinx', 'Kindred', 'Skarner', 'Thresh')",1,0,1
"('Brand', 'Braum', 'Caitlyn', 'Pantheon', 'Sion')",0,1,1
"('Akali', 'Blitzcrank', 'Jax', 'Jinx', 'Pantheon')",0,1,1
"('Akali', 'Alistar', 'Hecarim', 'Jax', ""Vel'Koz"")",1,0,1
"('Hwei', 'Skarner', 'Thresh', 'Tristana', 'Warwick')",1,0,1
"('Karma', 'Renekton', 'Thresh', 'Volibear', 'Zeri')",0,1,1
"('Ezreal', 'Hwei', 'Jayce', 'Maokai', 'Sylas')",0,1,1
"('Camille', 'Hwei', 'Jinx', 'Pyke', 'Udyr')",0,1,1
"('Hwei', 'Jhin', 'Lux', 'Malphite', 'Udyr')",0,1,1
"('Camille', 'Cassiopeia', 'Karthus', 'Pyke', 'Yone')",0,1,1
"('Heimerdinger', 'Jax', 'Jinx', 'Skarner', 'Yasuo')",1,0,1
"('Corki', 'Pyke', 'Sejuani', 'Skarner', 'Syndra')",0,1,1
"('Fiora', 'Jinx', 'Karma', 'Nidalee', 'Qiyana')",1,0,1
"('Ashe', 'Irelia', 'Soraka', 'Taliyah', 'Twisted Fate')",0,1,1
"('Diana', 'Jax', ""Kai'Sa"", 'Kindred', 'Nami')",0,1,1
"('Jayce', 'Jhin', 'Nami', 'Nidalee', 'Twisted Fate')",1,0,1
"('Akali', ""Bel'Veth"", 'Blitzcrank', 'Corki', 'Tryndamere')",0,1,1
"('Alistar', ""K'Sante"", 'Nidalee', 'Samira', 'Yasuo')",1,0,1
"('Aphelios', 'Fiora', 'Hwei', 'Nautilus', 'Nidalee')",1,0,1
"('Aurelion Sol', 'Graves', 'Irelia', ""Kai'Sa"", 'Nautilus')",0,1,1
"('Aphelios', 'Soraka', 'Taliyah', 'Tryndamere', 'Viego')",1,0,1
"('Blitzcrank', 'Heimerdinger', 'Jinx', 'Taliyah', 'Talon')",1,0,1
"('Blitzcrank', 'Corki', 'Jax', 'Taliyah', 'Zeri')",1,0,1
"(""Kai'Sa"", 'Kayle', 'Lillia', 'Nautilus', 'Pantheon')",0,1,1
"('Ashe', 'Katarina', 'Lux', 'Renekton', 'Taliyah')",1,0,1
"('Graves', ""K'Sante"", 'Leona', 'Neeko', 'Ziggs')",0,1,1
"('Aatrox', 'Lulu', 'Taliyah', 'Zed', 'Zeri')",0,1,1
"('Corki', 'Lissandra', 'Lulu', 'Pantheon', 'Taliyah')",0,1,1
"('Gnar', 'Graves', 'LeBlanc', 'Rakan', 'Xayah')",0,1,1
"('Kalista', 'LeBlanc', 'Lee Sin', 'Ornn', 'Pyke')",1,0,1
"('Blitzcrank', 'Camille', 'Galio', ""Kai'Sa"", 'Lee Sin')",1,0,1
"('Fiora', 'Irelia', ""Kai'Sa"", 'Karthus', 'Zac')",0,1,1
"('Ashe', 'Elise', 'Nami', 'Tristana', 'Udyr')",1,0,1
"('Karthus', 'Pyke', 'Talon', 'Varus', 'Wukong')",0,1,1
"('Aurelion Sol', 'Graves', 'Jhin', 'Leona', 'Malphite')",0,1,1
"('Hwei', 'Kalista', 'Lee Sin', 'Poppy', 'Pyke')",0,1,1
"('Ezreal', 'Graves', 'Hwei', 'Karma', 'Tryndamere')",1,0,1
"(""Kai'Sa"", 'Kennen', 'Nidalee', 'Rell', 'Tristana')",1,0,1
"('Alistar', 'Graves', 'Rumble', 'Varus', 'Ziggs')",0,1,1
"('Alistar', 'Jinx', 'Nidalee', 'Olaf', 'Quinn')",0,1,1
"('Jinx', 'Lee Sin', 'Tryndamere', 'Xerath', 'Zac')",1,0,1
"('Akali', 'Camille', 'Graves', 'Jinx', 'Poppy')",1,0,1
"('Irelia', 'Jayce', 'Lillia', 'Lucian', 'Nami')",1,0,1
"('Ahri', 'Blitzcrank', 'Caitlyn', 'Graves', 'Yone')",0,1,1
"('Corki', 'Heimerdinger', 'Karthus', 'Nautilus', 'Varus')",0,1,1
"('Aurelion Sol', 'Camille', 'Graves', 'Illaoi', ""Kai'Sa"")",1,0,1
"('Aphelios', ""Bel'Veth"", 'Gangplank', 'Lillia', 'Rell')",1,0,1
"(""Kai'Sa"", 'Skarner', 'Taliyah', 'Thresh', 'Yasuo')",0,1,1
"('Graves', 'Katarina', 'Lucian', 'Nami', 'Pantheon')",0,1,1
"('Ahri', 'Ezreal', 'Graves', 'Kennen', 'Taliyah')",0,1,1
"('Graves', 'Soraka', 'Swain', 'Tryndamere', 'Twisted Fate')",0,1,1
"('Galio', 'Lillia', 'Lulu', 'Singed', 'Twitch')",0,1,1
"('Ahri', 'Gragas', 'Graves', 'Jinx', 'Lulu')",1,0,1
"('Jhin', 'Nidalee', 'Skarner', 'Yone', 'Zyra')",1,0,1
"('Brand', 'Corki', 'Leona', 'Samira', 'Tryndamere')",0,1,1
"('Ashe', 'Cassiopeia', 'Jarvan IV', 'Lulu', 'Orianna')",1,0,1
"(""Bel'Veth"", 'Camille', 'Jayce', 'Jinx', 'Thresh')",0,1,1
"('Ahri', ""Kai'Sa"", 'Kennen', 'Thresh', 'Viego')",1,0,1
"('Jayce', ""Kai'Sa"", 'Lee Sin', 'Lillia', 'Nautilus')",0,1,1
"('Aatrox', 'Aphelios', 'Hwei', 'Nautilus', 'Nunu & Willump')",0,1,1
"('Aphelios', 'Darius', 'Shen', 'Sylas', 'Viego')",0,1,1
"('Jax', ""Kai'Sa"", 'Lillia', 'Rakan', 'Twitch')",0,1,1
"('Kalista', 'Kindred', 'Renata Glasc', 'Tristana', 'Zac')",1,0,1
"('Kalista', 'Katarina', 'Olaf', ""Rek'Sai"", 'Rell')",1,0,1
"('Corki', 'Olaf', 'Seraphine', 'Varus', 'Vi')",0,1,1
"('Aurelion Sol', 'Camille', 'Irelia', 'Kalista', 'Nidalee')",0,1,1
"('Akali', 'Camille', ""Kai'Sa"", 'Nocturne', 'Warwick')",1,0,1
"('Blitzcrank', ""Kai'Sa"", 'Lillia', 'Olaf', 'Tristana')",0,1,1
"('Kalista', 'Renata Glasc', 'Sett', 'Sylas', 'Xin Zhao')",0,1,1
"('Aatrox', 'Senna', 'Varus', 'Viego', 'Xerath')",1,0,1
"('Akali', 'Aphelios', 'Pantheon', 'Skarner', 'Thresh')",1,0,1
"('Ezreal', 'Hwei', 'Shaco', 'Skarner', 'Soraka')",0,1,1
"('Aatrox', 'Jinx', 'Lissandra', 'Lulu', 'Rumble')",1,0,1
"('Jinx', 'Lee Sin', 'Orianna', 'Skarner', 'Thresh')",1,0,1
"('Illaoi', 'Kalista', 'LeBlanc', 'Lee Sin', 'Thresh')",1,0,1
"('Jhin', 'Lillia', 'Renekton', 'Thresh', 'Zoe')",1,0,1
"('Aatrox', 'Akali', 'Galio', 'Jinx', 'Xin Zhao')",0,1,1
"('Caitlyn', 'Irelia', 'Jayce', 'Seraphine', 'Taliyah')",1,0,1
"('Corki', 'Galio', ""K'Sante"", 'Leona', 'Xin Zhao')",1,0,1
"('Galio', 'Kennen', 'Lillia', 'Samira', 'Tristana')",0,1,1
"('Karthus', 'Lucian', 'Nami', 'Skarner', 'Talon')",1,0,1
"('Lillia', 'Ornn', 'Renata Glasc', 'Tristana', 'Varus')",1,0,1
"('Camille', 'Jinx', 'Lillia', 'Lulu', 'Viego')",0,1,1
"('Corki', 'Neeko', 'Taliyah', 'Teemo', 'Varus')",0,1,1
"('Caitlyn', 'Karthus', 'Pyke', 'Quinn', 'Xerath')",1,0,1
"('Blitzcrank', 'Camille', 'Corki', 'Fiddlesticks', 'Karthus')",1,0,1
"('Graves', 'Rell', 'Sett', 'Twisted Fate', 'Varus')",1,0,1
"('Camille', 'Jayce', 'Rakan', 'Taliyah', 'Zeri')",0,1,1
"('Elise', 'Jayce', 'Jinx', 'Kennen', 'Pyke')",1,0,1
"('Jayce', 'Jhin', 'Lillia', 'Rakan', 'Renekton')",1,0,1
"('Lillia', 'Lucian', 'Nami', 'Tristana', 'Yorick')",1,0,1
"('Hwei', 'Jhin', 'Lillia', 'Renekton', 'Viego')",0,1,1
"('Ahri', 'Hecarim', 'Poppy', 'Tryndamere', 'Varus')",1,0,1
"('Aphelios', 'Corki', 'Lulu', 'Shen', 'Zac')",0,1,1
"('Corki', ""Kai'Sa"", 'Lillia', 'Pyke', 'Shen')",1,0,1
"(""Bel'Veth"", 'Corki', 'Fiora', 'Jinx', 'Rakan')",0,1,1
"('Aatrox', ""Bel'Veth"", 'Hwei', 'Jinx', 'Rakan')",1,0,1
"('Ashe', 'Hwei', 'Skarner', 'Taric', 'Viego')",1,0,1
"('Fiora', 'Jinx', 'Nidalee', 'Taric', 'Viego')",0,1,1
"('Ahri', ""Kha'Zix"", 'Sivir', 'Skarner', 'Taric')",0,1,1
"('Hwei', 'Kalista', 'Lee Sin', 'Skarner', 'Taric')",1,0,1
"('Camille', 'Kindred', 'Lucian', 'Orianna', 'Taric')",0,1,1
"('Ashe', 'Cassiopeia', 'Hwei', 'Taric', 'Viego')",1,0,1
"('Katarina', 'Lee Sin', 'Renekton', 'Taric', 'Zeri')",0,1,1
"('Jayce', ""Kai'Sa"", 'Taric', 'Viego', 'Zoe')",0,1,1
"(""Kai'Sa"", 'Skarner', 'Talon', 'Taric', 'Zoe')",0,1,1
"('Galio', 'Rakan', 'Samira', 'Skarner', 'Twisted Fate')",1,0,1
"('Corki', 'Kayn', 'Rakan', 'Sivir', 'Tahm Kench')",0,1,1
"('Corki', 'Draven', 'Nami', 'Nidalee', 'Vladimir')",1,0,1
"('Fiddlesticks', 'Jax', 'Jinx', 'Taliyah', 'Taric')",0,1,1
"('LeBlanc', 'Malphite', 'Rakan', ""Rek'Sai"", 'Zeri')",0,1,1
"('Jinx', 'Taric', 'Twisted Fate', 'Volibear', 'Wukong')",0,1,1
"('Galio', ""Kai'Sa"", 'Rell', 'Udyr', 'Vi')",1,0,1
"(""Bel'Veth"", 'Blitzcrank', ""Kai'Sa"", 'Mordekaiser', 'Taliyah')",0,1,1
"('Hwei', 'Lillia', 'Poppy', 'Taric', 'Xayah')",0,1,1
"(""Bel'Veth"", 'Nidalee', 'Rell', 'Smolder', 'Twisted Fate')",1,0,1
"(""Bel'Veth"", 'Gragas', 'Kennen', 'Rakan', 'Zeri')",0,1,1
"(""Bel'Veth"", 'Blitzcrank', 'Hwei', 'Vladimir', 'Zeri')",0,1,1
"(""Bel'Veth"", 'Cassiopeia', 'Corki', 'Rumble', 'Zeri')",0,1,1
"(""Bel'Veth"", 'Janna', 'Jinx', 'Sylas', 'Twisted Fate')",1,0,1
"('Azir', ""Bel'Veth"", 'Jax', 'Jinx', 'Thresh')",1,0,1
"(""Bel'Veth"", 'Jinx', 'Nautilus', 'Taliyah', 'Yorick')",0,1,1
"(""Bel'Veth"", 'Gnar', 'Nilah', 'Sylas', 'Taric')",1,0,1
"('Akali', 'Bard', ""Bel'Veth"", 'Ezreal', 'Mordekaiser')",1,0,1
"('Alistar', ""Bel'Veth"", 'Irelia', 'Vladimir', 'Zeri')",1,0,1
"(""Bel'Veth"", 'Nautilus', 'Skarner', 'Sylas', 'Varus')",0,1,1
"('Aphelios', ""Bel'Veth"", 'Jayce', 'Lulu', 'Zed')",0,1,1
"(""Bel'Veth"", 'Galio', 'Lissandra', 'Lucian', 'Nami')",1,0,1
"(""Bel'Veth"", ""Kai'Sa"", 'Vex', 'Volibear', 'Zac')",0,1,1
"('Aatrox', ""Bel'Veth"", 'Lucian', 'Nami', 'Syndra')",1,0,1
"('Ashe', ""Bel'Veth"", 'Illaoi', 'Lulu', 'Sylas')",1,0,1
"('Kennen', ""Kha'Zix"", 'Ornn', 'Seraphine', 'Varus')",0,1,1
"('Ashe', ""Bel'Veth"", 'Jax', 'Jinx', 'Twisted Fate')",1,0,1
"(""Bel'Veth"", 'Jinx', 'Milio', 'Rumble', 'Taliyah')",1,0,1
"('Jayce', ""Kai'Sa"", 'Nautilus', 'Taliyah', 'Vex')",1,0,1
"('Caitlyn', 'Lux', 'Taliyah', 'Twisted Fate', 'Warwick')",1,0,1
"('Graves', 'Jayce', 'Nautilus', 'Neeko', 'Zeri')",0,1,1
"('Jhin', 'Kled', 'Lee Sin', 'Taliyah', 'Zyra')",1,0,1
"('Kennen', 'LeBlanc', 'Lee Sin', 'Nautilus', 'Twisted Fate')",1,0,1
"('Alistar', 'Hecarim', 'Hwei', 'Rumble', 'Twisted Fate')",0,1,1
"('Anivia', 'Aphelios', 'Braum', 'Gragas', 'Lee Sin')",0,1,1
"('Ahri', 'Corki', 'Gwen', 'Thresh', 'Viego')",0,1,1
"('Gwen', 'Jhin', 'Leona', 'Qiyana', 'Viego')",1,0,1
"('Brand', 'Camille', 'Kalista', 'Lux', 'Yasuo')",1,0,1
"('Akali', 'Lee Sin', 'Olaf', 'Soraka', 'Varus')",0,1,1
"('Kled', 'Neeko', 'Sivir', 'Viego', 'Yone')",0,1,1
"('Blitzcrank', 'Galio', 'Graves', 'Illaoi', 'Twisted Fate')",1,0,1
"('Ashe', 'Kled', 'Lulu', 'Rumble', 'Syndra')",0,1,1
"('Hwei', 'Jayce', 'Kled', 'Nidalee', 'Varus')",0,1,1
"('Gwen', 'Kled', 'Miss Fortune', 'Rakan', 'Viego')",1,0,1
"(""Kha'Zix"", 'Kled', 'Lucian', 'Sylas', 'Zoe')",1,0,1
"('Draven', 'Hwei', 'Kled', ""Rek'Sai"", 'Rell')",0,1,1
"('Alistar', 'Kled', 'Ornn', 'Taliyah', 'Zeri')",1,0,1
"('Kalista', 'Kled', 'Lee Sin', 'Thresh', 'Xerath')",1,0,1
"('Aphelios', 'Hecarim', 'Poppy', 'Twisted Fate', 'Warwick')",1,0,1
"('Ashe', 'Nasus', 'Nautilus', 'Skarner', 'Twisted Fate')",1,0,1
"('Ahri', ""Kha'Zix"", 'Lux', 'Ryze', 'Varus')",0,1,1
"('Evelynn', 'Kennen', 'Lulu', 'Twisted Fate', 'Zed')",1,0,1
"('Darius', 'Ezreal', 'Lux', 'Orianna', 'Poppy')",0,1,1
"('Aurelion Sol', 'Braum', 'Fiora', 'Twisted Fate', 'Viego')",1,0,1
"('Katarina', 'Poppy', 'Seraphine', 'Skarner', 'Twisted Fate')",0,1,1
"('Ahri', 'Cassiopeia', 'Lee Sin', 'Pyke', 'Twisted Fate')",0,1,1
"('Camille', 'Kennen', 'Taliyah', 'Tristana', 'Twisted Fate')",1,0,1
"('Graves', 'Hwei', 'Pyke', 'Volibear', 'Zeri')",0,1,1
"(""Kha'Zix"", 'Nautilus', 'Orianna', 'Teemo', 'Twisted Fate')",0,1,1
"('Aphelios', 'Kayle', 'Lee Sin', 'Lulu', 'Twisted Fate')",1,0,1
"(""Bel'Veth"", 'Illaoi', 'Kennen', 'Nautilus', 'Zeri')",0,1,1
"('Braum', 'Irelia', 'Renekton', 'Taliyah', 'Twisted Fate')",1,0,1
"('Taliyah', 'Tristana', 'Twisted Fate', 'Udyr', 'Zac')",1,0,1
"('Nunu & Willump', 'Shen', 'Twisted Fate', 'Yasuo', 'Zac')",0,1,1
"('Ahri', 'Camille', 'Kindred', 'Nami', 'Twisted Fate')",0,1,1
"(""Kha'Zix"", 'Riven', 'Seraphine', 'Twisted Fate', 'Zoe')",0,1,1
"('Braum', 'Fiora', 'Lillia', 'Twisted Fate', 'Yasuo')",1,0,1
"('Azir', 'Nidalee', 'Poppy', 'Tristana', 'Twisted Fate')",1,0,1
"('Ekko', ""K'Sante"", ""Kha'Zix"", 'Rakan', 'Varus')",1,0,1
"(""Bel'Veth"", 'LeBlanc', 'Nautilus', 'Ornn', 'Samira')",1,0,1
"('Brand', 'Corki', ""Kai'Sa"", 'Leona', 'Skarner')",0,1,1
"(""Bel'Veth"", 'LeBlanc', 'Lucian', 'Nami', 'Ryze')",1,0,1
"('Corki', 'Leona', 'Rumble', 'Vi', 'Ziggs')",1,0,1
"('Corki', 'Jayce', 'Jhin', 'Nidalee', 'Rakan')",0,1,1
"('Ahri', 'Corki', 'Gragas', 'Rell', 'Viego')",1,0,1
"('Bard', 'Dr. Mundo', 'Karthus', 'Tristana', 'Viego')",0,1,1
"('Camille', 'Jax', ""Kai'Sa"", 'Qiyana', 'Taliyah')",0,1,1
"('Ashe', 'Irelia', 'LeBlanc', 'Lee Sin', 'Seraphine')",1,0,1
"(""Bel'Veth"", ""K'Sante"", ""Kai'Sa"", 'Nautilus', 'Tristana')",1,0,1
"('Blitzcrank', 'Jayce', 'Jinx', 'Lillia', 'Nunu & Willump')",0,1,1
"('Akshan', 'Aurelion Sol', 'Lee Sin', 'Nami', 'Skarner')",0,1,1
"('Gwen', 'Jinx', 'Nautilus', 'Taliyah', 'Tristana')",1,0,1
"('Aurelion Sol', 'Shaco', 'Vayne', 'Volibear', 'Yuumi')",0,1,1
"('Corki', 'Jinx', ""K'Sante"", 'Taliyah', 'Thresh')",1,0,1
"('Camille', 'Jhin', 'Nautilus', 'Skarner', 'Zoe')",1,0,1
"('Ashe', 'Corki', 'Gnar', 'Leona', 'Taliyah')",0,1,1
"('Aurelion Sol', 'Lee Sin', 'Lucian', 'Nami', 'Riven')",0,1,1
"('Camille', 'Corki', 'Jax', 'Jayce', 'Karthus')",1,0,1
"('Akshan', 'Ashe', 'Riven', 'Rumble', 'Seraphine')",0,1,1
"('Corki', 'Jinx', 'Rakan', 'Skarner', 'Yone')",1,0,1
"('Annie', 'Jinx', 'Skarner', 'Taric', 'Viego')",1,0,1
"('Brand', 'Caitlyn', 'Corki', 'Rell', 'Twisted Fate')",1,0,1
"('Blitzcrank', 'Jhin', 'Karthus', 'Poppy', 'Tristana')",1,0,1
"('Alistar', 'Karthus', 'Kindred', 'LeBlanc', 'Viego')",0,1,1
"('Hwei', 'Lucian', 'Nautilus', 'Nidalee', 'Renekton')",0,1,1
"('Aphelios', 'Blitzcrank', 'Lillia', 'Renekton', 'Tristana')",1,0,1
"('Hwei', 'Jinx', ""K'Sante"", 'Lee Sin', 'Nautilus')",1,0,1
"('Braum', 'Hwei', 'Swain', 'Varus', 'Viego')",0,1,1
"('Graves', 'Jinx', 'Nautilus', 'Skarner', 'Xerath')",0,1,1
"('Ahri', 'Kalista', ""Kha'Zix"", 'Nasus', 'Nautilus')",0,1,1
"('Karma', 'Renekton', 'Taliyah', 'Tristana', 'Varus')",1,0,1
"('Corki', 'Kennen', 'Rakan', 'Talon', 'Twitch')",1,0,1
"('Corki', 'Jinx', 'Nidalee', 'Olaf', 'Thresh')",1,0,1
"('Blitzcrank', 'Corki', 'Jinx', 'Lillia', 'Tryndamere')",0,1,1
"('Corki', 'Kayle', ""Kha'Zix"", 'Nautilus', 'Ziggs')",1,0,1
"('Corki', 'Diana', 'Irelia', ""Kog'Maw"", 'Leona')",1,0,1
"('Corki', 'Karthus', 'Nautilus', 'Samira', 'Volibear')",1,0,1
"('Akali', 'Draven', 'Kindred', 'Olaf', 'Renata Glasc')",1,0,1
"('Corki', 'Jinx', 'Poppy', 'Taliyah', 'Yone')",1,0,1
"('Akshan', 'Corki', 'Gwen', 'Nautilus', 'Viego')",0,1,1
"('Alistar', 'Gragas', 'Riven', 'Samira', 'Viego')",1,0,1
"('Cassiopeia', 'Jinx', 'Lee Sin', 'Nautilus', 'Riven')",1,0,1
"('Camille', ""Kog'Maw"", 'LeBlanc', 'Lulu', 'Viego')",0,1,1
"('Graves', 'Jhin', 'Nautilus', 'Riven', 'Syndra')",1,0,1
"('Caitlyn', 'Graves', 'Hwei', 'Lux', 'Riven')",0,1,1
"('Nautilus', 'Nidalee', 'Riven', 'Tristana', 'Varus')",0,1,1
"('Ashe', 'Braum', 'Camille', 'Jayce', 'Nidalee')",1,0,1
"(""Kai'Sa"", 'Qiyana', 'Rell', 'Riven', 'Viego')",1,0,1
"('Cassiopeia', 'Riven', 'Thresh', 'Tristana', 'Viego')",0,1,1
"('Alistar', 'Camille', 'Kalista', 'Nidalee', 'Vladimir')",1,0,1
"('Nautilus', 'Nidalee', 'Riven', 'Talon', 'Varus')",0,1,1
"('Camille', 'Corki', 'Elise', 'Soraka', 'Tristana')",1,0,1
"('Fiora', 'Nunu & Willump', 'Rakan', 'Riven', 'Ziggs')",1,0,1
"('Aatrox', 'Aphelios', 'Braum', 'Nidalee', 'Riven')",1,0,1
"('Camille', 'Hwei', ""Kai'Sa"", 'Nasus', 'Viego')",0,1,1
"('LeBlanc', 'Maokai', 'Riven', 'Xin Zhao', 'Zeri')",0,1,1
"('Akali', 'Ashe', 'Lissandra', 'Renekton', 'Viego')",1,0,1
"('Hwei', 'Kindred', 'Lulu', 'Riven', 'Zeri')",1,0,1
"('Anivia', 'Ashe', ""Bel'Veth"", 'Blitzcrank', 'Sett')",1,0,1
"('Aphelios', 'Camille', 'Jayce', 'Leona', 'Nidalee')",0,1,1
"('Camille', 'Jinx', 'Thresh', 'Viego', 'Zoe')",1,0,1
"('Brand', 'Camille', 'Jinx', 'Nautilus', 'Viego')",0,1,1
"(""Kai'Sa"", 'Master Yi', 'Nunu & Willump', 'Riven', 'Swain')",1,0,1
"('Caitlyn', 'Jayce', 'Nautilus', 'Riven', 'Taliyah')",1,0,1
"('Jinx', 'Riven', 'Thresh', 'Yasuo', 'Zac')",0,1,1
"('Aphelios', 'Cassiopeia', 'Rammus', 'Riven', 'Thresh')",0,1,1
"('Corki', 'Lucian', 'Nidalee', 'Riven', 'Zilean')",0,1,1
"('Akali', 'Aphelios', 'Lee Sin', 'Riven', 'Soraka')",0,1,1
"('Akshan', 'Braum', 'Draven', 'Lissandra', ""Rek'Sai"")",0,1,1
"('Hwei', ""Kai'Sa"", ""Rek'Sai"", 'Rell', 'Riven')",1,0,1
"('Bard', 'Riven', 'Varus', 'Viego', 'Xerath')",0,1,1
"('Blitzcrank', 'Camille', 'Draven', 'Karthus', 'Talon')",1,0,1
"('Ahri', 'Draven', 'Nautilus', 'Riven', 'Taliyah')",0,1,1
"('Braum', 'Camille', 'Evelynn', 'Jinx', 'Renekton')",0,1,1
"('Camille', 'Jayce', 'Jhin', 'Lillia', 'Seraphine')",1,0,1
"('Blitzcrank', 'Jhin', 'LeBlanc', 'Lillia', 'Riven')",1,0,1
"('Camille', 'Jayce', 'Kalista', 'Nidalee', 'Pantheon')",1,0,1
"('Camille', 'Ezreal', 'Lee Sin', 'Taliyah', 'Yuumi')",1,0,1
"('Nautilus', 'Orianna', ""Rek'Sai"", 'Riven', 'Varus')",0,1,1
"('Karthus', 'Kled', 'Rell', 'Renekton', 'Smolder')",0,1,1
"('Ashe', 'Aurelion Sol', 'Kled', 'Lee Sin', 'Morgana')",1,0,1
"('Ashe', 'Azir', 'Graves', 'Seraphine', 'Shen')",1,0,1
"('Draven', 'Nautilus', 'Rammus', 'Taliyah', 'Tristana')",0,1,1
"('Brand', 'Rakan', ""Rek'Sai"", 'Riven', 'Varus')",0,1,1
"('Braum', ""Kai'Sa"", 'Nidalee', 'Tristana', 'Tryndamere')",0,1,1
"('Hwei', 'Jayce', 'Kindred', 'Lucian', 'Pyke')",1,0,1
"('Camille', 'Lucian', 'Nidalee', 'Rakan', 'Yone')",1,0,1
"('Kindred', 'Nautilus', 'Orianna', 'Rumble', 'Varus')",0,1,1
"('Blitzcrank', 'Corki', 'Kalista', 'Karthus', 'Rumble')",1,0,1
"('Aphelios', 'Corki', 'Maokai', 'Tahm Kench', 'Udyr')",1,0,1
"('Aphelios', 'Hecarim', 'Hwei', 'Lulu', 'Rumble')",1,0,1
"('Fiddlesticks', 'Nautilus', 'Twisted Fate', 'Varus', 'Yone')",1,0,1
"('Ahri', 'Blitzcrank', 'Varus', 'Viego', 'Vladimir')",1,0,1
"('Ashe', 'Jayce', 'Lillia', 'Rumble', 'Zed')",1,0,1
"('Ashe', 'Kennen', 'Nautilus', 'Viego', 'Zed')",0,1,1
"('Ashe', 'Pyke', 'Twisted Fate', 'Viego', 'Volibear')",0,1,1
"('Aphelios', 'Gragas', 'Pantheon', 'Taliyah', 'Thresh')",1,0,1
"('Diana', 'Graves', ""Kai'Sa"", 'Leona', 'Shen')",0,1,1
"('Ashe', 'Graves', 'Jax', 'Lissandra', 'Rakan')",1,0,1
"('Ezreal', ""K'Sante"", ""Kha'Zix"", 'Taric', 'Yasuo')",1,0,1
"('Alistar', 'Lillia', ""Rek'Sai"", 'Riven', 'Varus')",1,0,1
"('Galio', 'Nautilus', 'Senna', 'Twisted Fate', 'Xin Zhao')",0,1,1
"('Jayce', 'Rell', 'Rumble', 'Samira', 'Sylas')",0,1,1
"('Jinx', 'Katarina', 'Lee Sin', 'Rumble', 'Soraka')",1,0,1
"('Hwei', 'Kindred', 'Renekton', 'Varus', 'Zed')",0,1,1
"('Brand', 'Caitlyn', 'Pyke', 'Tristana', 'Twisted Fate')",0,1,1
"('Graves', 'Hwei', 'Jax', 'Nautilus', 'Smolder')",0,1,1
"('Aatrox', 'Akshan', 'Corki', 'Diana', 'Poppy')",0,1,1
"('Jhin', 'Nidalee', 'Poppy', 'Renekton', 'Zed')",1,0,1
"('Corki', 'Nautilus', 'Senna', 'Skarner', 'Taliyah')",1,0,1
"('Graves', 'Hwei', 'Nautilus', 'Senna', 'Skarner')",1,0,1
"('Nasus', 'Senna', 'Tahm Kench', 'Viego', 'Yasuo')",0,1,1
"('Aurelion Sol', 'Camille', 'Nunu & Willump', 'Samira', 'Urgot')",1,0,1
"('Corki', 'Elise', 'Nautilus', 'Renekton', 'Senna')",1,0,1
"('Hwei', 'Jax', 'Kayn', 'Samira', 'Taric')",0,1,1
"('Gnar', 'Hwei', 'Janna', 'Sejuani', 'Sivir')",0,1,1
"('Camille', 'Fizz', 'Lucian', 'Milio', 'Taliyah')",0,1,1
"('Aphelios', 'Gwen', 'Orianna', 'Shaco', 'Thresh')",1,0,1
"('Qiyana', 'Rell', 'Samira', 'Taliyah', 'Twisted Fate')",1,0,1
"('Aatrox', 'Graves', 'LeBlanc', 'Rell', 'Varus')",1,0,1
"(""Bel'Veth"", 'Camille', 'Nasus', 'Quinn', 'Varus')",0,1,1
"('Hwei', ""Kai'Sa"", ""Kha'Zix"", 'Nautilus', 'Skarner')",0,1,1
"('Akali', 'Ashe', 'Janna', 'Lee Sin', 'Nasus')",0,1,1
"('Cassiopeia', 'Corki', 'Gangplank', 'Karthus', 'Nautilus')",1,0,1
"('Akali', 'Irelia', 'Jinx', 'Lulu', 'Vi')",0,1,1
"('Akshan', 'Irelia', 'Jinx', 'Rell', 'Taliyah')",1,0,1
"('Ashe', 'Brand', 'Lee Sin', 'Malphite', 'Varus')",1,0,1
"('Camille', 'Draven', 'Lucian', 'Poppy', 'Zac')",0,1,1
"('Aphelios', 'Braum', 'Hwei', 'Kindred', 'Poppy')",0,1,1
"(""Kog'Maw"", 'Lulu', 'Olaf', 'Taliyah', 'Yone')",1,0,1
"('Akshan', 'Jax', 'Rumble', 'Varus', ""Vel'Koz"")",1,0,1
"('Blitzcrank', 'Brand', ""Kai'Sa"", 'Malphite', 'Tristana')",1,0,1
"('Jinx', 'Mordekaiser', 'Talon', 'Thresh', 'Xin Zhao')",1,0,1
"('Aphelios', 'Gragas', 'Graves', 'Lulu', 'Shen')",0,1,1
"('Caitlyn', 'Diana', 'Graves', 'Nautilus', 'Twisted Fate')",1,0,1
"('Ashe', 'Camille', 'Ivern', 'Singed', 'Tristana')",1,0,1
"('Graves', 'Hwei', 'Lucian', 'Milio', 'Singed')",1,0,1
"('Blitzcrank', 'Jax', 'Rumble', 'Varus', 'Yone')",1,0,1
"('Diana', ""Kai'Sa"", 'Rakan', 'Renekton', 'Tristana')",1,0,1
"('Jax', 'Jayce', 'Sivir', 'Taliyah', 'Thresh')",1,0,1
"('Kayle', 'Nidalee', 'Rell', 'Talon', 'Zeri')",1,0,1
"('Ezreal', 'Gnar', 'Kindred', 'Malphite', 'Pyke')",1,0,1
"('Ashe', 'Jax', 'Ryze', 'Seraphine', 'Warwick')",1,0,1
"('Ashe', 'Ekko', 'Hwei', 'Tristana', 'Vladimir')",1,0,1
"(""Rek'Sai"", 'Syndra', 'Thresh', 'Varus', 'Xayah')",0,1,1
"('Galio', 'Jax', 'Nautilus', 'Viego', 'Zeri')",1,0,1
"('Ashe', 'Elise', 'Skarner', 'Syndra', 'Thresh')",0,1,1
"('Ashe', 'Jax', 'Nidalee', 'Seraphine', 'Tristana')",1,0,1
"('Elise', 'Jinx', 'Olaf', 'Thresh', 'Tristana')",0,1,1
"('Karma', 'Kindred', 'Nasus', 'Zeri', 'Zoe')",0,1,1
"('Ezreal', 'Gnar', 'Karthus', 'Rell', 'Tristana')",1,0,1
"('Ashe', 'Corki', 'Fiora', 'Maokai', 'Taliyah')",1,0,1
"('Gnar', 'Rakan', 'Taliyah', 'Tristana', 'Twitch')",1,0,1
"('Katarina', ""Kha'Zix"", 'Rell', 'Samira', 'Skarner')",0,1,1
"('Alistar', 'Ashe', 'Corki', 'Illaoi', 'Lillia')",0,1,1
"('Caitlyn', 'Orianna', 'Rumble', 'Twitch', 'Viego')",0,1,1
"(""Kai'Sa"", 'Olaf', 'Pyke', 'Rumble', 'Tryndamere')",1,0,1
"('Lux', 'Rell', 'Renekton', 'Varus', 'Viego')",0,1,1
"('Brand', 'Jayce', 'Rumble', 'Skarner', 'Varus')",1,0,1
"('Galio', 'Lee Sin', 'Rell', 'Rumble', 'Varus')",1,0,1
"('Graves', 'Lucian', 'Nami', 'Pantheon', 'Syndra')",1,0,1
"('Corki', 'Hwei', 'Irelia', 'Seraphine', 'Skarner')",1,0,1
"('Ahri', 'Ashe', 'Heimerdinger', 'Nautilus', 'Pantheon')",0,1,1
"('Azir', 'Camille', 'Jinx', 'Kayn', 'Seraphine')",0,1,1
"('Hwei', 'Jayce', 'Jinx', ""Rek'Sai"", 'Thresh')",0,1,1
"('Ahri', 'Graves', 'Kalista', 'Senna', 'Skarner')",1,0,1
"('Gnar', 'Kalista', 'Rumble', 'Sona', 'Tryndamere')",1,0,1
"('Aurelion Sol', ""Bel'Veth"", 'Jinx', 'Lulu', 'Singed')",0,1,1
"('Caitlyn', 'Evelynn', 'Galio', 'Rell', 'Riven')",0,1,1
"('Kalista', 'Karthus', 'Poppy', 'Sylas', 'Yasuo')",0,1,1
"('Ahri', 'Lee Sin', 'Rell', 'Shen', 'Zeri')",1,0,1
"('Ahri', 'Camille', 'Jinx', ""Rek'Sai"", 'Rell')",0,1,1
"('Aurelion Sol', 'Bard', 'Heimerdinger', 'Sivir', 'Viego')",1,0,1
"('Akshan', 'Rakan', 'Sivir', 'Skarner', 'Wukong')",1,0,1
"(""Bel'Veth"", 'Katarina', 'Rell', 'Skarner', 'Zeri')",0,1,1
"('Ashe', 'Hwei', ""K'Sante"", 'Nidalee', 'Thresh')",1,0,1
"('Alistar', 'Ashe', 'Kennen', 'Lillia', 'Riven')",1,0,1
"('Corki', 'Graves', ""K'Sante"", 'Lissandra', 'Nautilus')",0,1,1
"('Ahri', 'Hecarim', 'Jax', 'Maokai', 'Senna')",1,0,1
"('Lee Sin', 'Naafiri', 'Nautilus', 'Rumble', 'Senna')",1,0,1
"('Akshan', 'Corki', 'Leona', 'Renekton', 'Taliyah')",1,0,1
"('Elise', 'Kalista', 'Nautilus', 'Riven', 'Talon')",1,0,1
"('Brand', 'Darius', 'Jinx', 'Lulu', 'Talon')",1,0,1
"('Galio', 'Jax', 'Kalista', 'Sylas', 'Viego')",1,0,1
"('Corki', 'Graves', 'Kled', 'Rell', 'Twisted Fate')",0,1,1
"(""Kai'Sa"", 'Kled', 'Pyke', 'Skarner', 'Taliyah')",0,1,1
"(""Kai'Sa"", 'Kled', 'Rell', 'Twisted Fate', 'Viego')",0,1,1
"('Alistar', 'Kindred', 'Kled', 'LeBlanc', 'Twitch')",0,1,1
"('Alistar', 'Kled', 'Taliyah', 'Yasuo', 'Zeri')",0,1,1
"('Jhin', 'Karma', 'Karthus', 'Kled', 'Pantheon')",0,1,1
"('Aphelios', 'Kled', 'Nautilus', 'Rumble', 'Zed')",1,0,1
"('Kled', 'Lucian', ""Rek'Sai"", 'Syndra', 'Taric')",0,1,1
"(""Kai'Sa"", 'Kled', 'Rakan', ""Rek'Sai"", 'Riven')",1,0,1
"('Brand', 'Dr. Mundo', ""K'Sante"", 'Lucian', 'Yone')",0,1,1
"('Anivia', 'Kled', 'Seraphine', 'Taliyah', 'Varus')",1,0,1
"('Ahri', 'Ashe', 'Leona', 'Olaf', 'Pantheon')",0,1,1
"(""Kai'Sa"", 'Pyke', 'Qiyana', 'Tryndamere', 'Viego')",0,1,1
"('Aatrox', 'Braum', 'Hwei', 'Twitch', 'Vi')",0,1,1
"('Lulu', ""Rek'Sai"", 'Rumble', 'Vex', 'Zeri')",0,1,1
"('Gragas', 'Irelia', 'Nilah', 'Taric', 'Tristana')",0,1,1
"('Aurelion Sol', 'Nautilus', 'Nidalee', 'Renekton', 'Zeri')",0,1,1
"('Akali', 'Corki', 'Fiora', 'Lee Sin', 'Nautilus')",1,0,1
"('LeBlanc', 'Nami', 'Smolder', 'Teemo', 'Xin Zhao')",1,0,1
"('Anivia', 'Kalista', 'Neeko', 'Skarner', 'Taliyah')",0,1,1
"('Ahri', 'Kindred', 'Lucian', 'Nami', 'Viego')",1,0,1
"('Elise', ""K'Sante"", 'Nautilus', 'Smolder', 'Viego')",0,1,1
"('Elise', 'LeBlanc', 'Lucian', 'Nami', 'Yorick')",0,1,1
"('Akshan', 'Blitzcrank', 'Draven', 'Lillia', 'Rumble')",0,1,1
"('Aphelios', ""Rek'Sai"", 'Rumble', 'Thresh', 'Twisted Fate')",1,0,1
"('Alistar', 'Cassiopeia', 'Fiddlesticks', 'Kalista', 'Yone')",1,0,1
"('Aphelios', 'Hecarim', 'Mordekaiser', 'Thresh', 'Zoe')",1,0,1
"('Corki', 'Gwen', 'Jinx', 'Thresh', 'Urgot')",1,0,1
"('Aphelios', 'Ashe', ""K'Sante"", ""Rek'Sai"", 'Zoe')",1,0,1
"('Aphelios', 'Lee Sin', 'Lillia', 'Rakan', 'Viego')",1,0,1
"(""Bel'Veth"", 'Kassadin', 'Lucian', 'Nami', 'Pantheon')",0,1,1
"('Aphelios', 'Corki', 'Rakan', 'Skarner', 'Sylas')",0,1,1
"(""Kha'Zix"", 'Nautilus', 'Riven', 'Smolder', 'Sylas')",0,1,1
"('Akshan', 'Camille', ""Kai'Sa"", ""Rek'Sai"", 'Rumble')",0,1,1
"('Corki', 'Kayn', 'Nautilus', 'Vayne', 'Vex')",0,1,1
"(""Bel'Veth"", 'Corki', 'Kled', 'Malzahar', 'Taric')",1,0,1
"('Annie', 'Corki', ""K'Sante"", 'Master Yi', 'Zac')",1,0,1
"('Aurelion Sol', 'Jinx', 'Kindred', 'Lulu', 'Renekton')",0,1,1
"('Cassiopeia', 'Draven', 'Skarner', 'Thresh', 'Viego')",1,0,1
"('Ashe', 'Nidalee', 'Pantheon', 'Rell', 'Twisted Fate')",1,0,1
"('Lee Sin', 'Nilah', 'Rakan', 'Skarner', ""Vel'Koz"")",0,1,1
"('Akshan', 'Camille', 'Gragas', 'Graves', 'Varus')",1,0,1
"('Jhin', 'Kindred', 'Rumble', 'Sett', 'Tristana')",1,0,1
"('Ashe', 'Braum', 'Kennen', 'Pantheon', 'Twisted Fate')",0,1,1
"('Ahri', 'Ashe', 'Heimerdinger', 'Lee Sin', 'Skarner')",0,1,1
"('Akali', 'Camille', ""Rek'Sai"", 'Shen', 'Xayah')",0,1,1
"('Aurelion Sol', 'Braum', 'Jinx', 'Rumble', 'Viego')",0,1,1
"('Aatrox', 'Akali', 'Aphelios', 'Nidalee', 'Rell')",0,1,1
"(""Bel'Veth"", 'Irelia', 'Lissandra', 'Lucian', 'Poppy')",1,0,1
"('Hecarim', 'Jax', 'Nautilus', 'Neeko', 'Samira')",0,1,1
"('Alistar', 'Aphelios', 'Illaoi', 'Lee Sin', 'Swain')",1,0,1
"('Aphelios', 'Aurelion Sol', 'Camille', 'Jarvan IV', 'Thresh')",0,1,1
"('Aurelion Sol', 'Neeko', 'Skarner', 'Wukong', 'Xayah')",0,1,1
"('Katarina', 'Lee Sin', 'Lulu', 'Skarner', 'Zeri')",1,0,1
"('Hwei', 'Kalista', 'Lee Sin', 'Neeko', 'Rumble')",1,0,1
"('Darius', 'Katarina', 'Lee Sin', 'Rell', 'Varus')",1,0,1
"('Alistar', 'Aurelion Sol', 'Camille', 'Corki', 'Xin Zhao')",1,0,1
"('Hwei', 'Pyke', 'Rumble', 'Viego', 'Zeri')",1,0,1
"('Alistar', 'Gwen', 'Hwei', 'Shaco', 'Zeri')",1,0,1
"('Ahri', 'Hecarim', 'Kalista', 'Malphite', 'Thresh')",1,0,1
"('Nilah', 'Rakan', 'Ryze', 'Vi', 'Yone')",1,0,1
"('Caitlyn', 'Graves', 'Hwei', 'Morgana', 'Twisted Fate')",1,0,1
"('Galio', 'Graves', 'Jhin', 'Poppy', 'Renekton')",0,1,1
"('Jarvan IV', ""Kai'Sa"", 'Nautilus', 'Vex', 'Vladimir')",1,0,1
"('Ashe', ""Bel'Veth"", 'LeBlanc', 'Olaf', 'Varus')",1,0,1
"('Azir', 'Corki', 'Jayce', 'Nautilus', 'Vi')",0,1,1
"('Cassiopeia', 'Jhin', 'Lillia', 'Qiyana', 'Rakan')",0,1,1
"('Ashe', 'Kled', 'Rumble', 'Vex', 'Xin Zhao')",1,0,1
"('Aphelios', 'Gwen', 'Thresh', 'Tryndamere', 'Zilean')",1,0,1
"('Draven', 'Katarina', 'Nautilus', 'Shen', 'Vi')",0,1,1
"('Azir', 'Elise', 'Jhin', 'Nasus', 'Pyke')",0,1,1
"('Alistar', ""Kai'Sa"", 'Lee Sin', 'Sett', 'Twisted Fate')",1,0,1
"('Alistar', 'Kindred', 'Orianna', 'Tristana', 'Vladimir')",0,1,1
"('Elise', ""Kai'Sa"", 'Qiyana', 'Rell', 'Varus')",1,0,1
"(""Kai'Sa"", 'Kindred', 'Nautilus', 'Skarner', 'Zac')",1,0,1
"('Gragas', 'Lucian', 'Milio', 'Skarner', 'Zed')",0,1,1
"('Camille', 'Kalista', 'Renata Glasc', 'Viego', 'Zac')",0,1,1
"('Ahri', 'Corki', ""K'Sante"", 'Nautilus', 'Xin Zhao')",1,0,1
"('Corki', 'Galio', 'Ornn', 'Poppy', 'Viego')",1,0,1
"('Fiora', 'Rakan', 'Smolder', 'Taliyah', 'Twisted Fate')",0,1,1
"('Fiora', 'Rakan', 'Taliyah', 'Varus', 'Zed')",1,0,1
"('Fiora', ""Kai'Sa"", 'Nautilus', 'Twisted Fate', 'Viego')",0,1,1
"('Azir', 'Jax', 'Miss Fortune', 'Seraphine', 'Sylas')",1,0,1
"('Corki', 'Fiora', 'Nautilus', 'Nidalee', 'Vex')",1,0,1
"('Blitzcrank', 'Fiddlesticks', 'Fiora', 'Tristana', 'Varus')",1,0,1
"('Blitzcrank', 'Hwei', ""Kai'Sa"", 'Master Yi', 'Riven')",1,0,1
"('Ashe', 'Aurelion Sol', 'Fiora', 'Seraphine', 'Viego')",1,0,1
"('Ashe', 'Fiora', 'Nautilus', 'Rumble', 'Syndra')",1,0,1
"('Fiora', 'Hwei', ""Kai'Sa"", 'Nautilus', 'Viego')",1,0,1
"('Akshan', 'Ashe', 'Jax', 'Nautilus', 'Nidalee')",0,1,1
"('Fiora', 'Jinx', 'Kayn', 'Tahm Kench', 'Zoe')",0,1,1
"('Corki', 'Fiora', 'Janna', 'Jinx', 'Lillia')",1,0,1
"('Fiora', 'Jhin', 'Rakan', 'Taliyah', 'Tristana')",1,0,1
"('Fiora', 'Hwei', 'Jinx', ""Rek'Sai"", 'Thresh')",1,0,1
"('Fiora', 'Hecarim', 'Nilah', 'Viego', 'Yuumi')",1,0,1
"('Fiora', ""Kai'Sa"", 'Nidalee', 'Seraphine', 'Tristana')",1,0,1
"('Aphelios', 'Fiora', 'Hwei', 'Lulu', 'Xin Zhao')",1,0,1
"('Corki', 'Draven', 'Fiora', 'Nidalee', 'Thresh')",1,0,1
"('Ahri', 'Lee Sin', 'Nautilus', 'Skarner', 'Vayne')",0,1,1
"('Jayce', 'Lee Sin', 'Leona', 'Zeri', 'Zoe')",0,1,1
"('Jinx', 'Maokai', 'Rumble', 'Skarner', 'Sylas')",0,1,1
"('Alistar', 'Hwei', ""Kai'Sa"", 'Skarner', 'Vladimir')",0,1,1
"('Corki', 'Leona', 'Skarner', 'Taliyah', 'Viego')",1,0,1
"('Alistar', 'Ekko', ""Kai'Sa"", 'Lillia', 'Urgot')",1,0,1
"('Ashe', 'Nautilus', 'Nidalee', 'Pantheon', 'Zed')",0,1,1
"('Alistar', 'Ashe', 'Nidalee', 'Riven', 'Yone')",1,0,1
"('Alistar', 'Irelia', ""Kai'Sa"", 'Taliyah', 'Viego')",1,0,1
"('Aatrox', 'Gragas', 'Kalista', 'Renata Glasc', 'Yasuo')",0,1,1
"('Corki', 'Kennen', 'Leona', 'Nidalee', 'Pantheon')",1,0,1
"('Alistar', 'Skarner', 'Taliyah', 'Viego', 'Zeri')",1,0,1
"('Blitzcrank', ""Kai'Sa"", 'Nasus', 'Nidalee', 'Twisted Fate')",1,0,1
"('Akali', 'Blitzcrank', 'Corki', 'Kled', 'Lee Sin')",1,0,1
"('Blitzcrank', 'Jayce', ""Kai'Sa"", 'Taliyah', 'Tryndamere')",1,0,1
"('Ahri', ""K'Sante"", 'Lucian', 'Nami', 'Xin Zhao')",1,0,1
"('Camille', 'Corki', ""K'Sante"", ""Rek'Sai"", 'Syndra')",1,0,1
"('Camille', 'Jayce', 'Lucian', 'Poppy', 'Taliyah')",0,1,1
"('Jinx', 'Renekton', 'Taliyah', 'Thresh', 'Twisted Fate')",1,0,1
"('Darius', 'Jhin', 'Kindred', 'Neeko', 'Skarner')",0,1,1
"('Blitzcrank', 'Caitlyn', 'Gragas', 'Lee Sin', 'Lissandra')",0,1,1
"(""Kai'Sa"", 'Kassadin', 'Kayn', 'Leona', 'Skarner')",0,1,1
"('Dr. Mundo', 'Jinx', 'Lee Sin', 'Thresh', 'Warwick')",0,1,1
"('Ashe', 'Caitlyn', 'Camille', 'Viego', 'Viktor')",1,0,1
"('Blitzcrank', 'Lee Sin', 'Sivir', 'Taliyah', 'Zac')",0,1,1
"('Akshan', 'Corki', 'Irelia', 'Lillia', 'Nautilus')",1,0,1
"('Darius', 'Jhin', 'Leona', 'Lillia', 'Lux')",1,0,1
"('Aatrox', 'LeBlanc', 'Lillia', 'Thresh', 'Varus')",1,0,1
"('Aatrox', 'Blitzcrank', 'Jinx', 'Syndra', 'Viego')",1,0,1
"('Gnar', ""Kai'Sa"", 'Lillia', 'Nautilus', 'Yasuo')",0,1,1
"('Akali', 'Blitzcrank', 'Jinx', 'Lillia', 'Tristana')",1,0,1
"('Alistar', 'Camille', 'Elise', 'Jhin', 'Vex')",0,1,1
"('Blitzcrank', 'Orianna', 'Rengar', 'Skarner', 'Zeri')",1,0,1
"('Aatrox', 'Cassiopeia', 'Corki', 'Leona', 'Viego')",1,0,1
"('Akshan', 'Blitzcrank', ""Kai'Sa"", 'Lillia', 'Skarner')",0,1,1
"('Aurelion Sol', 'Blitzcrank', 'Jayce', 'Jinx', 'Viego')",0,1,1
"('Elise', 'Galio', 'Jinx', 'Kled', 'Pyke')",1,0,1
"('Lillia', 'Nautilus', 'Samira', 'Tryndamere', 'Xerath')",1,0,1
"('Lillia', 'Malzahar', 'Maokai', 'Vayne', 'Zeri')",1,0,1
"('Aatrox', 'Graves', 'Katarina', 'Rakan', 'Varus')",1,0,1
"('Ashe', 'Fiora', 'Heimerdinger', 'Twisted Fate', 'Viego')",1,0,1
"('Kennen', 'Lee Sin', 'Lulu', 'Sett', 'Zeri')",0,1,1
"('Jayce', 'Skarner', 'Sona', 'Taliyah', 'Vayne')",1,0,1
"('Hwei', 'Mordekaiser', 'Nilah', 'Pantheon', 'Rakan')",1,0,1
"('Aatrox', 'Aphelios', 'Blitzcrank', 'Graves', 'Hwei')",1,0,1
"('Elise', 'Irelia', 'Kalista', 'Renata Glasc', 'Tristana')",0,1,1
"('Ashe', 'Azir', 'Graves', 'Varus', 'Vayne')",1,0,1
"('Aphelios', 'Braum', 'Mordekaiser', 'Orianna', 'Viego')",0,1,1
"('Annie', 'Graves', 'Irelia', ""Kai'Sa"", 'Pyke')",0,1,1
"('Azir', ""Kai'Sa"", 'Lillia', 'Renekton', 'Zilean')",0,1,1
"('Corki', ""K'Sante"", ""Kai'Sa"", 'Karthus', 'Nautilus')",1,0,1
"('Corki', 'Gnar', 'Gragas', 'Rumble', 'Varus')",0,1,1
"('Ashe', 'Braum', 'Camille', 'Corki', 'Nidalee')",1,0,1
"('Azir', 'Graves', 'Neeko', 'Wukong', 'Xayah')",0,1,1
"('Graves', 'Hwei', 'Nautilus', 'Skarner', 'Zeri')",1,0,1
"('Annie', 'Ashe', ""K'Sante"", 'Master Yi', 'Xerath')",0,1,1
"('Alistar', 'LeBlanc', 'Nidalee', 'Skarner', 'Smolder')",0,1,1
"('Ashe', 'Jayce', 'Maokai', 'Nidalee', 'Varus')",1,0,1
"('Fiddlesticks', 'Irelia', ""Kai'Sa"", 'Pyke', 'Tristana')",0,1,1
"('Annie', 'Ashe', 'Darius', 'Varus', 'Viego')",1,0,1
"('Jinx', 'Malphite', 'Nautilus', 'Nidalee', 'Tristana')",1,0,1
"('Aphelios', 'Aurelion Sol', 'Hwei', 'Lee Sin', 'Olaf')",0,1,1
"('Skarner', 'Smolder', 'Taric', 'Tristana', 'Xin Zhao')",0,1,1
"('Akshan', 'Corki', 'Gwen', 'Lillia', 'Pyke')",1,0,1
"('Azir', 'Graves', 'Jinx', 'Mordekaiser', 'Seraphine')",0,1,1
"('Aurelion Sol', 'Graves', ""Kai'Sa"", 'Nautilus', 'Shen')",0,1,1
"('Ashe', 'Jarvan IV', 'Shen', 'Taric', 'Tristana')",0,1,1
"('Graves', 'Rell', 'Shen', 'Tristana', 'Varus')",1,0,1
"('Graves', 'LeBlanc', 'Shen', 'Twitch', 'Zeri')",0,1,1
"('Corki', 'Neeko', ""Rek'Sai"", 'Shen', 'Xerath')",0,1,1
"('Alistar', 'Aphelios', 'Corki', 'Lillia', 'Zed')",1,0,1
"('Graves', 'Lissandra', 'Nautilus', 'Rumble', 'Yasuo')",1,0,1
"('Graves', ""Kai'Sa"", 'Nautilus', 'Skarner', 'Tristana')",1,0,1
"('Aatrox', 'Caitlyn', 'Seraphine', 'Shaco', 'Tristana')",0,1,1
"('Jax', 'Nautilus', 'Nidalee', 'Senna', 'Yone')",0,1,1
"('Aphelios', 'Ashe', 'Gragas', 'Graves', 'Hwei')",0,1,1
"('Azir', 'Braum', 'Jhin', 'Viego', 'Warwick')",1,0,1
"('Camille', 'Corki', 'Hwei', 'Master Yi', 'Rell')",0,1,1
"('Corki', 'Hwei', 'Lillia', 'Wukong', 'Xayah')",0,1,1
"('Aatrox', ""Kai'Sa"", 'Karthus', 'Rakan', 'Yasuo')",1,0,1
"('Akali', 'Aphelios', 'Thresh', 'Twisted Fate', 'Viego')",0,1,1
"('Blitzcrank', 'Corki', 'Fiora', 'Gragas', 'Irelia')",0,1,1
"('Corki', 'Fiora', 'Nautilus', 'Taliyah', 'Yasuo')",0,1,1
"('Akali', 'Fiora', 'Jinx', 'Leona', 'Zyra')",1,0,1
"('Camille', 'Nilah', 'Taric', 'Tristana', 'Viego')",1,0,1
"('Akshan', 'Gragas', ""Kai'Sa"", 'Nautilus', 'Nidalee')",0,1,1
"('Galio', ""K'Sante"", 'Nidalee', 'Nilah', 'Senna')",1,0,1
"('Akali', 'Galio', 'Nilah', 'Renekton', 'Xin Zhao')",1,0,1
"('Azir', 'Braum', 'Jax', 'Viego', 'Zeri')",0,1,1
"('Gnar', 'Nilah', 'Rell', 'Twisted Fate', 'Volibear')",1,0,1
"('Jayce', ""K'Sante"", 'Karthus', 'Nautilus', 'Nilah')",0,1,1
"('Ahri', 'Blitzcrank', 'Briar', 'Jax', 'Nilah')",1,0,1
"('Aphelios', 'Lillia', 'Milio', 'Rumble', 'Tristana')",0,1,1
"('Galio', 'Gnar', 'Nilah', 'Viego', 'Yuumi')",1,0,1
"('Ezreal', 'Kennen', 'Nidalee', 'Sett', 'Tristana')",1,0,1
"('Anivia', 'Cassiopeia', 'Lee Sin', 'Nautilus', 'Nilah')",0,1,1
"('Camille', 'Galio', 'Kindred', 'Nilah', 'Vayne')",0,1,1
"('Jax', 'Jayce', 'Nautilus', 'Nidalee', 'Nilah')",0,1,1
"('Fiddlesticks', 'Gragas', ""Kai'Sa"", 'Nautilus', 'Sett')",0,1,1
"('Corki', 'Karthus', 'Nautilus', 'Nilah', 'Vladimir')",1,0,1
"('Ahri', 'Graves', ""K'Sante"", 'Leona', 'Nilah')",1,0,1
"('Camille', 'Nilah', 'Taliyah', 'Twisted Fate', 'Zac')",1,0,1
"('Garen', 'Kindred', 'Nilah', 'Rakan', 'Taliyah')",0,1,1
"(""Cho'Gath"", 'Irelia', 'Nidalee', 'Samira', 'Yone')",0,1,1
"('Aphelios', 'Riven', 'Taliyah', 'Tristana', 'Zoe')",0,1,1
"(""Kha'Zix"", 'Lucian', 'Pyke', 'Twisted Fate', 'Yone')",0,1,1
"('Blitzcrank', 'Katarina', 'Twisted Fate', 'Xin Zhao', 'Zeri')",0,1,1
"('Ashe', 'Camille', 'Galio', 'Kindred', 'Seraphine')",1,0,1
"('Fiora', 'Kindred', 'LeBlanc', 'Sivir', 'Zyra')",1,0,1
"('Akali', 'Jinx', 'Kayn', 'Thresh', 'Vayne')",0,1,1
"('Fiora', 'Lulu', 'Taliyah', 'Tristana', 'Varus')",0,1,1
"('Aphelios', 'Fiora', 'Milio', 'Shaco', 'Twisted Fate')",0,1,1
"('Elise', 'Irelia', 'Jinx', 'Nautilus', 'Viktor')",1,0,1
"('Kindred', 'Nilah', 'Pantheon', 'Shen', 'Syndra')",1,0,1
"('Ezreal', 'Lee Sin', 'Nidalee', 'Vex', 'Yone')",0,1,1
"('Fiora', ""Kai'Sa"", 'Lissandra', 'Nautilus', 'Viego')",1,0,1
"('Corki', 'Elise', 'Tristana', 'Yone', 'Zac')",1,0,1
"('Fiora', 'Lulu', 'Sylas', 'Tristana', 'Zeri')",0,1,1
"('Aatrox', 'Gragas', 'Jayce', 'Jhin', 'Tahm Kench')",0,1,1
"('Aphelios', 'Leona', 'Lillia', 'Ryze', 'Viego')",1,0,1
"('Corki', 'Lillia', 'Pyke', 'Skarner', 'Ziggs')",0,1,1
"('Ashe', 'Jax', 'Lillia', 'Tristana', 'Varus')",1,0,1
"('Corki', 'Jinx', 'Poppy', 'Sylas', 'Thresh')",0,1,1
"('Hwei', 'Jax', ""Kai'Sa"", 'Nautilus', 'Ryze')",0,1,1
"('Ashe', 'Jhin', 'Kled', 'LeBlanc', 'Viego')",0,1,1
"('Ahri', 'Braum', 'Gnar', 'Graves', 'Lucian')",1,0,1
"('Corki', 'Ezreal', 'Rakan', 'Riven', 'Taliyah')",0,1,1
"('Fizz', 'Kalista', 'Lee Sin', 'Lulu', 'Rell')",1,0,1
"('Fiora', ""Kai'Sa"", 'Nidalee', 'Rell', 'Zoe')",1,0,1
"('Alistar', 'Garen', 'Graves', 'Jinx', 'Twisted Fate')",0,1,1
"('Alistar', 'Aurelion Sol', 'Jinx', 'Rumble', 'Skarner')",1,0,1
"('Fiora', 'Renata Glasc', 'Skarner', 'Tristana', 'Viktor')",1,0,1
"('Bard', 'Draven', 'Nidalee', 'Seraphine', 'Tristana')",0,1,1
"('Ahri', 'Akshan', 'Braum', 'Graves', 'Samira')",1,0,1
"('Hwei', 'Rakan', 'Rumble', 'Samira', 'Shaco')",1,0,1
"('Azir', ""Kai'Sa"", ""Kha'Zix"", 'Leona', 'Poppy')",1,0,1
"('Akshan', ""K'Sante"", ""Kai'Sa"", 'Karthus', 'Rell')",1,0,1
"('Akshan', 'Jayce', 'Jhin', 'Soraka', 'Taliyah')",1,0,1
"('Akshan', 'Jinx', 'Lillia', 'Lulu', 'Tryndamere')",0,1,1
"('Alistar', 'Jhin', ""Rek'Sai"", 'Taliyah', 'Tristana')",1,0,1
"('Kalista', 'LeBlanc', 'Rumble', 'Thresh', 'Vi')",1,0,1
"('Corki', 'Nidalee', 'Skarner', 'Thresh', 'Yone')",1,0,1
"('Aatrox', 'Kalista', 'Katarina', 'Rell', 'Viego')",1,0,1
"('Ashe', 'Braum', 'Galio', 'Graves', 'Pantheon')",0,1,1
"('Fiora', ""Kog'Maw"", 'Nautilus', 'Nidalee', 'Xerath')",0,1,1
"('Aatrox', 'Draven', 'Evelynn', 'Talon', 'Thresh')",1,0,1
"('Ashe', 'Braum', 'Hwei', 'Master Yi', 'Renekton')",0,1,1
"('LeBlanc', 'Rakan', 'Twisted Fate', 'Viego', 'Xayah')",1,0,1
"('Aatrox', 'Nunu & Willump', 'Rell', 'Samira', 'Zoe')",1,0,1
"('Ahri', 'Lucian', 'Milio', 'Nunu & Willump', 'Olaf')",1,0,1
"(""Bel'Veth"", 'Corki', 'Draven', 'Olaf', 'Rell')",0,1,1
"('Akali', ""Kai'Sa"", 'Rell', 'Viego', 'Xin Zhao')",1,0,1
"('Ashe', 'Lillia', 'Poppy', 'Seraphine', 'Tryndamere')",1,0,1
"('Darius', 'Graves', ""Kai'Sa"", 'Nautilus', 'Singed')",0,1,1
"('Ashe', 'Braum', 'Hwei', 'Viego', 'Vladimir')",1,0,1
"('Ahri', ""Rek'Sai"", 'Rumble', 'Varus', 'Zac')",1,0,1
"('Ashe', 'Nidalee', 'Pantheon', 'Seraphine', 'Veigar')",0,1,1
"('Alistar', 'Kalista', 'Karthus', 'Katarina', 'Warwick')",1,0,1
"('Dr. Mundo', ""Kai'Sa"", 'Karthus', 'Malzahar', 'Rell')",1,0,1
"('Ahri', 'Jax', 'Seraphine', 'Varus', 'Vi')",0,1,1
"('Garen', 'Taliyah', 'Yuumi', 'Zed', 'Zeri')",1,0,1
"('Draven', 'Kennen', ""Kha'Zix"", 'Nautilus', 'Twisted Fate')",1,0,1
"('Hwei', ""Kai'Sa"", 'Lee Sin', 'Neeko', 'Poppy')",0,1,1
"('Cassiopeia', 'Pantheon', 'Rakan', 'Sejuani', 'Yone')",0,1,1
"('Akshan', 'Kalista', 'Nidalee', 'Poppy', 'Tristana')",0,1,1
"('Camille', 'Corki', 'Fiora', ""Kai'Sa"", 'Lillia')",0,1,1
"('Jhin', 'Pantheon', 'Rumble', 'Taliyah', 'Yone')",1,0,1
"('Amumu', 'Jax', ""Kai'Sa"", 'Milio', 'Neeko')",0,1,1
"('Ashe', 'Braum', 'Hwei', 'Malphite', 'Viego')",0,1,1
"('Corki', 'Gragas', 'Poppy', 'Veigar', 'Xin Zhao')",0,1,1
"('Ashe', 'Corki', 'Lillia', 'Pantheon', 'Skarner')",0,1,1
"('Gangplank', 'Hwei', 'Lucian', 'Pyke', 'Vi')",1,0,1
"('Jax', ""Kai'Sa"", 'Nautilus', 'Taliyah', 'Viego')",1,0,1
"('Aatrox', 'Ashe', 'Ivern', 'Pyke', 'Vayne')",1,0,1
"('Corki', 'Gwen', 'Hecarim', 'LeBlanc', 'Wukong')",1,0,1
"('Camille', 'Ezreal', 'Nidalee', 'Tristana', 'Warwick')",0,1,1
"('Bard', 'Jayce', 'Lee Sin', 'Lissandra', 'Twisted Fate')",1,0,1
"('Diana', 'Nautilus', 'Ornn', 'Tristana', 'Twisted Fate')",0,1,1
"('Ezreal', 'Hwei', 'Rakan', 'Renekton', 'Shaco')",1,0,1
"('Hwei', ""Kai'Sa"", 'Ornn', 'Rell', 'Vi')",1,0,1
"('Lee Sin', 'Neeko', 'Rumble', 'Thresh', 'Zeri')",1,0,1
"('Fiora', 'Karthus', 'Lucian', 'Rakan', 'Tristana')",1,0,1
"('Jax', ""Rek'Sai"", 'Senna', 'Twisted Fate', 'Zeri')",0,1,1
"('Aatrox', 'Kalista', ""Kha'Zix"", 'LeBlanc', 'Leona')",0,1,1
"('Corki', 'Leona', 'Malphite', 'Nidalee', 'Yone')",1,0,1
"('Cassiopeia', 'Nunu & Willump', 'Rakan', 'Varus', 'Yone')",0,1,1
"('Hwei', 'Jinx', 'Qiyana', 'Thresh', 'Viego')",1,0,1
"('Ashe', 'Ivern', 'Karthus', 'Nautilus', 'Tristana')",0,1,1
"('Corki', 'Jax', 'Jhin', 'Nautilus', 'Nidalee')",1,0,1
"('Jax', 'Kindred', 'LeBlanc', 'Senna', ""Vel'Koz"")",0,1,1
"('Jhin', 'Lee Sin', 'Olaf', 'Thresh', 'Xerath')",0,1,1
"('Ahri', 'Jax', 'Nautilus', 'Rengar', 'Xayah')",1,0,1
"('Irelia', 'Nidalee', 'Thresh', 'Twisted Fate', 'Varus')",1,0,1
"('Ashe', 'Corki', 'Darius', 'Nidalee', 'Seraphine')",1,0,1
"('Diana', 'Gragas', 'Graves', ""Kai'Sa"", 'Nautilus')",0,1,1
"('Aphelios', 'Kayn', 'LeBlanc', 'Thresh', 'Udyr')",1,0,1
"('Ahri', 'Senna', 'Skarner', 'Smolder', 'Vi')",1,0,1
"('Aatrox', 'Ashe', 'Hwei', 'Janna', 'Lee Sin')",1,0,1
"('Jhin', 'Kindred', 'LeBlanc', 'Skarner', 'Zoe')",0,1,1
"('Draven', 'Galio', 'Jax', 'Nautilus', 'Olaf')",1,0,1
"('Draven', 'Kennen', 'Nidalee', 'Rell', 'Warwick')",1,0,1
"('Azir', 'Kalista', 'Leona', 'Nidalee', 'Riven')",0,1,1
"('Ezreal', 'Graves', 'Karma', 'LeBlanc', 'Skarner')",1,0,1
"('Jinx', 'Lulu', 'Nidalee', 'Skarner', 'Zed')",0,1,1
"('Rumble', 'Sion', 'Taliyah', 'Varus', 'Yone')",0,1,1
"('Akali', 'Graves', 'Illaoi', 'Rakan', 'Twitch')",0,1,1
"('Bard', 'Fiora', 'Jhin', 'LeBlanc', 'Nidalee')",1,0,1
"('Nidalee', 'Qiyana', 'Renekton', 'Senna', 'Seraphine')",0,1,1
"('Dr. Mundo', 'Draven', 'Pyke', 'Taliyah', 'Talon')",0,1,1
"('Cassiopeia', 'Hwei', 'Jayce', 'Jhin', 'Nidalee')",0,1,1
"('Katarina', 'LeBlanc', 'Poppy', 'Sivir', 'Twisted Fate')",1,0,1
"('Jayce', 'Mordekaiser', 'Nautilus', 'Nunu & Willump', 'Samira')",1,0,1
"('Akali', 'Camille', 'Graves', 'Lucian', 'Poppy')",1,0,1
"('Corki', ""K'Sante"", 'Nautilus', 'Nidalee', 'Samira')",0,1,1
"('Alistar', 'Draven', 'Hwei', 'Kindred', 'Poppy')",0,1,1
"('Aatrox', 'Hwei', 'Seraphine', 'Varus', 'Viego')",1,0,1
"('Camille', 'Diana', 'LeBlanc', 'Pyke', 'Yasuo')",1,0,1
"('Camille', 'Swain', 'Taliyah', 'Varus', 'Yasuo')",0,1,1
"('Ezreal', 'Jarvan IV', ""K'Sante"", 'LeBlanc', 'Lee Sin')",1,0,1
"('Corki', 'Kayn', 'Kennen', 'Miss Fortune', 'Rell')",1,0,1
"('Jinx', 'Karthus', 'Rell', 'Sylas', 'Warwick')",1,0,1
"('Cassiopeia', 'Graves', 'Irelia', 'Jhin', 'Karma')",1,0,1
"('Fiddlesticks', ""Kog'Maw"", 'Lulu', 'Sylas', 'Yorick')",1,0,1
"('Ashe', 'Camille', 'Lillia', 'Sivir', 'Talon')",1,0,1
"('Jayce', ""Rek'Sai"", 'Thresh', 'Varus', 'Viktor')",1,0,1
"(""Bel'Veth"", 'Hwei', ""K'Sante"", 'Nautilus', 'Tristana')",1,0,1
"('Gragas', 'Graves', 'Jax', 'Xerath', 'Yasuo')",1,0,1
"('Aatrox', 'Camille', 'Heimerdinger', 'Hwei', 'Lee Sin')",0,1,1
"('Nautilus', 'Nidalee', 'Sylas', 'Tryndamere', 'Varus')",1,0,1
"('Ashe', 'Lillia', 'Seraphine', 'Shen', 'Tristana')",1,0,1
"('Jhin', 'Lee Sin', 'Rumble', 'Ryze', 'Tristana')",0,1,1
"('Blitzcrank', 'Elise', 'Jinx', 'Volibear', 'Zoe')",0,1,1
"('Ezreal', 'Hwei', 'Karma', ""Rek'Sai"", 'Twisted Fate')",0,1,1
"('Hwei', 'Jhin', ""Rek'Sai"", 'Seraphine', 'Twisted Fate')",0,1,1
"('Jax', 'Nunu & Willump', 'Seraphine', 'Taliyah', 'Zeri')",0,1,1
"('Jax', 'LeBlanc', 'Nautilus', 'Nidalee', 'Varus')",0,1,1
"(""K'Sante"", 'Lucian', 'Nami', 'Nidalee', 'Yone')",1,0,1
"('Aurelion Sol', 'Gnar', ""Kai'Sa"", 'Rakan', 'Skarner')",0,1,1
"('Graves', ""K'Sante"", 'Miss Fortune', 'Rell', 'Sylas')",0,1,1
"('Blitzcrank', 'Gnar', 'Sylas', 'Tristana', 'Zyra')",1,0,1
"('Braum', 'Corki', 'Lissandra', 'Vayne', 'Warwick')",1,0,1
"('Graves', ""Kai'Sa"", 'Katarina', 'Rell', 'Skarner')",0,1,1
"('Blitzcrank', 'Corki', 'Gwen', 'LeBlanc', 'Warwick')",1,0,1
"('Jhin', 'Karthus', 'Pyke', 'Tristana', 'Twisted Fate')",1,0,1
"(""Kai'Sa"", 'Lillia', 'Nautilus', 'Poppy', 'Viego')",1,0,1
"('Diana', 'Gnar', 'Rell', 'Senna', 'Warwick')",0,1,1
"('Aurelion Sol', ""K'Sante"", 'Lillia', 'Miss Fortune', 'Thresh')",0,1,1
"('Aurelion Sol', 'Seraphine', 'Skarner', 'Varus', 'Warwick')",0,1,1
"('Ashe', 'Braum', 'Syndra', 'Teemo', 'Udyr')",0,1,1
"('Aphelios', 'Fiora', 'Karthus', 'LeBlanc', 'Thresh')",1,0,1
"('LeBlanc', 'Nautilus', 'Senna', 'Skarner', 'Xin Zhao')",1,0,1
"('Ashe', 'Braum', 'LeBlanc', 'Rumble', 'Viego')",1,0,1
"('Ashe', 'Braum', 'Viego', 'Zac', 'Zoe')",1,0,1
"(""K'Sante"", ""Kai'Sa"", 'Nautilus', 'Twisted Fate', 'Viego')",1,0,1
"('Evelynn', 'Jhin', 'Tristana', 'Tryndamere', 'Zyra')",0,1,1
"('Ashe', ""Bel'Veth"", 'Hwei', 'Seraphine', 'Tryndamere')",1,0,1
"('Draven', 'Katarina', 'Lee Sin', 'Rell', 'Rumble')",1,0,1
"('Akshan', ""Kog'Maw"", 'Lillia', 'Lulu', 'Viego')",0,1,1
"('Hecarim', ""Kai'Sa"", 'Nautilus', 'Renekton', 'Taliyah')",0,1,1
"('Dr. Mundo', 'Hwei', 'Kindred', 'Rumble', 'Varus')",1,0,1
"('Braum', 'Jinx', ""Rek'Sai"", 'Sylas', 'Twisted Fate')",1,0,1
"('Graves', 'Gwen', 'Hwei', 'Nautilus', 'Varus')",1,0,1
"('Ashe', 'Braum', 'Lee Sin', 'Pantheon', 'Xerath')",1,0,1
"('Brand', 'Kalista', 'Rell', 'Skarner', 'Zed')",1,0,1
"('Jhin', 'Karthus', 'Sona', 'Tristana', 'Twisted Fate')",1,0,1
"('Neeko', 'Nidalee', 'Riven', 'Twisted Fate', 'Varus')",1,0,1
"('Caitlyn', 'Jax', 'Neeko', 'Nidalee', 'Viego')",1,0,1
"('Akali', 'Caitlyn', 'Gwen', 'Lulu', 'Quinn')",1,0,1
"('Ashe', 'Aurelion Sol', 'Braum', 'Gnar', 'Lee Sin')",1,0,1
"('Heimerdinger', 'Kindred', 'Lucian', 'Orianna', 'Rell')",1,0,1
"('Aatrox', 'Elise', 'Ezreal', ""Kai'Sa"", 'Tristana')",0,1,1
"('Ezreal', 'Heimerdinger', 'Hwei', 'Jax', 'Nidalee')",0,1,1
"('Lee Sin', 'Malphite', 'Smolder', 'Soraka', 'Talon')",0,1,1
"('Ashe', 'Jax', 'Nasus', 'Nidalee', 'Sett')",1,0,1
"('Kayn', 'Nautilus', 'Yasuo', 'Zac', 'Zeri')",0,1,1
"('Caitlyn', ""K'Sante"", 'Morgana', 'Nunu & Willump', 'Yasuo')",1,0,1
"('Camille', 'Galio', 'Lillia', 'Miss Fortune', 'Qiyana')",1,0,1
"('Braum', 'Irelia', 'Jayce', 'Taliyah', 'Varus')",0,1,1
"('Bard', 'Caitlyn', 'Gragas', 'Graves', 'Jax')",0,1,1
"('Akshan', 'Aphelios', 'Malphite', 'Rell', 'Taliyah')",0,1,1
"('Azir', 'Jinx', 'Nautilus', 'Rumble', 'Twisted Fate')",1,0,1
"('Ekko', 'Kalista', 'Kayn', 'Rell', 'Renekton')",1,0,1
"('Ekko', 'Jinx', 'Lulu', 'Renekton', 'Vi')",1,0,1
"('Alistar', 'Ekko', 'Jhin', 'Karthus', 'Warwick')",1,0,1
"('Ekko', 'Kalista', 'Rumble', 'Tryndamere', 'Vi')",1,0,1
"('Akshan', 'Alistar', ""Kai'Sa"", 'Skarner', 'Taliyah')",1,0,1
"('Aphelios', 'Orianna', 'Rengar', 'Skarner', 'Thresh')",0,1,1
"('Ahri', 'Ashe', 'Jax', ""Kai'Sa"", 'Twisted Fate')",1,0,1
"('Hwei', 'Janna', 'Jarvan IV', 'Rumble', 'Smolder')",1,0,1
"('Irelia', 'Kalista', 'Kassadin', 'Nautilus', 'Viego')",1,0,1
"('Jinx', 'Taliyah', 'Thresh', 'Tryndamere', 'Yone')",1,0,1
"('Ashe', 'Ekko', 'Lucian', 'Sylas', 'Yone')",1,0,1
"('Diana', 'Lee Sin', 'Nilah', 'Sion', 'Soraka')",1,0,1
"('Blitzcrank', 'Jax', 'Taliyah', 'Tristana', 'Vayne')",1,0,1
"('Bard', 'Graves', 'Hwei', 'Poppy', 'Vayne')",0,1,1
"('Ashe', 'Gwen', 'Lillia', 'Naafiri', 'Seraphine')",1,0,1
"('Akali', 'Jhin', 'Naafiri', 'Nidalee', 'Soraka')",0,1,1
"('Kalista', 'Nidalee', 'Orianna', 'Pyke', 'Yorick')",1,0,1
"('Brand', ""K'Sante"", 'Lucian', 'Rell', 'Renekton')",1,0,1
"('Aphelios', 'Hwei', 'Thresh', 'Viego', 'Volibear')",1,0,1
"('Graves', 'Hwei', 'Jhin', 'Teemo', 'Zyra')",1,0,1
"('Camille', ""Kai'Sa"", 'Rell', 'Taliyah', 'Yasuo')",0,1,1
"(""Bel'Veth"", 'Galio', 'Gnar', 'Jhin', 'Rumble')",1,0,1
"('Corki', 'Lee Sin', 'Nautilus', 'Tahm Kench', 'Yone')",1,0,1
"('Aphelios', 'Poppy', 'Qiyana', 'Thresh', 'Zac')",1,0,1
"('Jinx', 'Kassadin', 'Sona', 'Twisted Fate', 'Viego')",0,1,1
"('Graves', ""Kai'Sa"", 'Rell', 'Twisted Fate', 'Xerath')",0,1,1
"('Nautilus', 'Nidalee', 'Quinn', 'Twitch', 'Viego')",0,1,1
"('Anivia', 'Dr. Mundo', 'Kalista', 'Taliyah', 'Viego')",1,0,1
"('Akshan', 'Ashe', 'Blitzcrank', 'Brand', 'Heimerdinger')",1,0,1
"('Diana', 'Rakan', 'Skarner', 'Tristana', 'Viego')",0,1,1
"('Ashe', 'Kindred', 'Seraphine', 'Sett', 'Viego')",1,0,1
"('Akshan', 'Lillia', 'Rell', 'Twisted Fate', 'Xayah')",1,0,1
"('Braum', 'Jinx', 'Skarner', 'Taliyah', 'Viego')",0,1,1
"('Elise', 'Gwen', 'Jinx', 'Lulu', 'Twisted Fate')",1,0,1
"('Ezreal', 'Gangplank', 'Rakan', 'Rumble', 'Tristana')",1,0,1
"('Aurelion Sol', 'Camille', 'Gwen', 'Jarvan IV', 'Jinx')",1,0,1
"('Corki', 'Lux', ""Rek'Sai"", 'Swain', 'Tristana')",1,0,1
"('Aphelios', 'Hwei', 'Nidalee', 'Soraka', 'Volibear')",1,0,1
"('Akali', 'Kalista', 'Nautilus', 'Qiyana', 'Viego')",0,1,1
"('Aatrox', 'Draven', 'Kalista', 'Syndra', 'Xin Zhao')",0,1,1
"('Alistar', ""K'Sante"", ""Kai'Sa"", 'Lee Sin', 'Twisted Fate')",1,0,1
"('Fiddlesticks', ""K'Sante"", 'Lucian', 'Nami', 'Tristana')",1,0,1
"('Ashe', 'Aurelion Sol', ""K'Sante"", 'Kindred', 'Seraphine')",1,0,1
"(""Kai'Sa"", 'Nidalee', 'Rell', 'Tristana', 'Varus')",0,1,1
"('Akshan', 'Kennen', 'Lee Sin', 'Sona', 'Zeri')",1,0,1
"('Ahri', 'Ashe', 'Jax', 'Neeko', 'Volibear')",0,1,1
"('Ekko', 'Nautilus', 'Olaf', 'Tristana', 'Varus')",0,1,1
"('Camille', 'Cassiopeia', ""Kha'Zix"", 'Nautilus', 'Tristana')",1,0,1
"('Neeko', 'Ryze', 'Tristana', 'Varus', 'Vi')",1,0,1
"('Corki', 'Gwen', 'Nautilus', 'Nidalee', 'Tristana')",1,0,1
"('Camille', 'Lucian', 'Neeko', 'Skarner', 'Tristana')",1,0,1
"(""Bel'Veth"", 'Mordekaiser', 'Nautilus', 'Sivir', 'Tryndamere')",1,0,1
"('Ashe', 'Braum', 'Gnar', 'Ivern', 'Vi')",0,1,1
"('Hwei', 'Jax', 'Jinx', 'Seraphine', 'Viego')",0,1,1
"('Graves', 'Jhin', 'Rumble', 'Seraphine', 'Tryndamere')",1,0,1
"('Gwen', 'Senna', 'Seraphine', 'Xin Zhao', 'Yone')",1,0,1
"('Aurelion Sol', 'Kayn', 'Seraphine', 'Yone', 'Zeri')",1,0,1
"('Camille', 'Fiddlesticks', 'Seraphine', 'Sivir', 'Viego')",1,0,1
"('Jax', 'Jinx', 'Nidalee', 'Seraphine', 'Twisted Fate')",0,1,1
"('Aatrox', 'Hwei', 'Neeko', ""Rek'Sai"", 'Varus')",0,1,1
"('Aphelios', 'Corki', 'Gnar', 'Nautilus', 'Taliyah')",0,1,1
"('Azir', 'Blitzcrank', 'Jhin', 'Twisted Fate', 'Zyra')",1,0,1
"(""Bel'Veth"", 'Kalista', 'Kled', 'Nautilus', 'Tristana')",0,1,1
"('Aphelios', 'Olaf', 'Taliyah', 'Thresh', 'Tryndamere')",0,1,1
"('Aphelios', 'Hwei', 'Ornn', 'Rakan', 'Viego')",1,0,1
"(""Kai'Sa"", 'Nidalee', 'Skarner', 'Sona', 'Tryndamere')",1,0,1
"('Brand', 'Jhin', 'Kled', 'Lucian', 'Nidalee')",0,1,1
"('Jayce', 'Lillia', 'Nautilus', 'Tristana', 'Zeri')",1,0,1
"('Corki', 'Ezreal', 'Ivern', 'Jax', 'Rakan')",1,0,1
"('Ashe', 'Corki', ""K'Sante"", 'Maokai', 'Sett')",1,0,1
"('Kennen', 'Lee Sin', 'Rakan', 'Tryndamere', 'Zeri')",1,0,1
"('Ezreal', 'Graves', 'Hwei', 'Irelia', 'Karma')",1,0,1
"('Brand', ""Kai'Sa"", 'Rell', 'Riven', 'Smolder')",0,1,1
"('Ashe', 'Jhin', 'Lillia', 'Renekton', 'Tryndamere')",0,1,1
"('Corki', 'Galio', 'Lillia', 'Pyke', 'Tristana')",0,1,1
"('Fiora', 'Jinx', 'Nautilus', 'Nidalee', 'Tryndamere')",0,1,1
"('Aphelios', 'Azir', 'Graves', 'Ornn', 'Thresh')",0,1,1
"('Graves', 'Gwen', 'Kalista', 'Skarner', 'Tryndamere')",1,0,1
"('Corki', 'Nautilus', 'Nidalee', 'Sylas', 'Tryndamere')",1,0,1
"('Braum', 'Diana', ""Kai'Sa"", 'Skarner', 'Tryndamere')",1,0,1
"('Caitlyn', 'Elise', 'Nautilus', 'Tryndamere', 'Twisted Fate')",0,1,1
"('Darius', ""Kai'Sa"", 'Nidalee', 'Pyke', 'Tryndamere')",1,0,1
"('Akshan', 'Galio', 'Lucian', 'Nami', 'Nidalee')",1,0,1
"('Akshan', 'Jinx', 'Nautilus', 'Nidalee', 'Sett')",1,0,1
"('Dr. Mundo', 'Ezreal', 'Fiddlesticks', 'Katarina', 'Leona')",1,0,1
"('Akshan', ""Kai'Sa"", 'Kennen', ""Rek'Sai"", 'Rell')",0,1,1
"('Aphelios', 'Galio', 'Kindred', 'Mordekaiser', 'Rell')",1,0,1
"('Akali', 'Caitlyn', 'Lux', 'Skarner', 'Xin Zhao')",0,1,1
"('Corki', 'Rell', 'Rumble', 'Twisted Fate', 'Viego')",1,0,1
"('Aatrox', ""Kai'Sa"", 'Orianna', 'Rell', 'Wukong')",1,0,1
"('Corki', 'Evelynn', 'Hwei', 'Leona', 'Skarner')",1,0,1
"('Graves', ""Kai'Sa"", 'Rell', 'Sylas', 'Volibear')",1,0,1
"('Ashe', 'Jayce', 'Lee Sin', 'Taric', 'Vex')",0,1,1
"('Ahri', 'Gnar', 'Graves', 'Rell', 'Varus')",0,1,1
"('Aatrox', 'Corki', 'Rell', 'Sylas', 'Veigar')",1,0,1
"('Akshan', ""Kai'Sa"", 'Lee Sin', 'Rell', 'Zyra')",0,1,1
"('Dr. Mundo', 'Jinx', 'Rell', 'Skarner', 'Twisted Fate')",1,0,1
"('Draven', 'Gragas', 'Jayce', 'Mordekaiser', 'Rell')",1,0,1
"('Ahri', 'Draven', 'Lee Sin', 'Rell', 'Skarner')",0,1,1
"('Hecarim', ""Kai'Sa"", 'Kennen', 'LeBlanc', 'Rell')",1,0,1
"(""Kai'Sa"", 'LeBlanc', 'Lee Sin', 'Rell', 'Teemo')",0,1,1
"('Heimerdinger', 'Kayn', 'Rell', 'Syndra', 'Varus')",1,0,1
"('Malphite', 'Nidalee', 'Qiyana', 'Rell', 'Samira')",0,1,1
"('Rell', 'Singed', 'Sylas', 'Varus', 'Viego')",0,1,1
"('Camille', 'Galio', 'Kayn', 'Leona', 'Samira')",1,0,1
"('Ahri', 'Ashe', 'Camille', 'Jayce', ""Kha'Zix"")",1,0,1
"(""Kai'Sa"", 'Nidalee', 'Rell', 'Tristana', 'Vayne')",1,0,1
"('Illaoi', 'Rell', 'Smolder', 'Taliyah', 'Viego')",0,1,1
"('Akali', 'Corki', 'Jax', 'Rell', 'Viego')",1,0,1
"('Ashe', 'Gragas', 'Lillia', 'Taric', 'Tristana')",1,0,1
"('Kalista', 'Malphite', 'Rell', 'Shaco', 'Syndra')",1,0,1
"('Kalista', ""Kha'Zix"", 'Rell', 'Renekton', 'Viktor')",0,1,1
"('Jhin', 'Rell', 'Rumble', 'Vayne', 'Yone')",1,0,1
"('Orianna', 'Rell', 'Rumble', 'Viego', 'Zeri')",0,1,1
"('Cassiopeia', 'Corki', 'Fiora', 'Lee Sin', 'Rell')",1,0,1
"(""K'Sante"", 'Lee Sin', 'Rell', 'Sylas', 'Varus')",1,0,1
"('Corki', 'Galio', 'Rell', 'Rengar', 'Rumble')",0,1,1
"('Ahri', 'Kayn', 'Lucian', 'Rell', 'Volibear')",0,1,1
"('Lucian', 'Rell', 'Skarner', 'Sylas', 'Viego')",1,0,1
"('Draven', 'Graves', 'Hwei', 'Rell', 'Shen')",1,0,1
"('Nasus', 'Rell', 'Samira', 'Taliyah', 'Yasuo')",1,0,1
"('Lee Sin', 'Malphite', 'Rell', 'Samira', 'Syndra')",1,0,1
"('Graves', 'Jayce', 'Jinx', 'Rell', 'Syndra')",0,1,1
"('Jhin', 'Rell', 'Riven', 'Talon', 'Viego')",1,0,1
"('Ahri', 'Ashe', 'Jax', 'Rell', 'Sejuani')",1,0,1
"('Rell', 'Ryze', 'Samira', 'Taliyah', 'Viego')",0,1,1
"('Jinx', 'Kindred', 'Pantheon', 'Ryze', 'Viego')",1,0,1
"('Akshan', 'Heimerdinger', ""K'Sante"", ""Kha'Zix"", 'Varus')",0,1,1
"('Akshan', ""Kai'Sa"", 'Senna', 'Shen', 'Taliyah')",0,1,1
"('Akshan', 'Cassiopeia', ""K'Sante"", 'Nautilus', 'Xin Zhao')",1,0,1
"('Jinx', 'Riven', 'Thresh', 'Viego', 'Zac')",1,0,1
"('Alistar', 'Gragas', ""Rek'Sai"", 'Vayne', 'Viego')",1,0,1
"('Blitzcrank', 'Jhin', 'Rumble', 'Taliyah', 'Viego')",1,0,1
"('Darius', 'Lillia', 'Lucian', 'Nami', 'Viego')",0,1,1
"('Brand', 'Jinx', 'Lulu', 'Skarner', 'Viego')",1,0,1
"('Akshan', 'Rell', 'Renekton', 'Talon', 'Varus')",0,1,1
"('Aphelios', 'Brand', ""K'Sante"", 'Thresh', 'Viego')",0,1,1
"('Jinx', ""K'Sante"", 'Nautilus', 'Nidalee', 'Viego')",1,0,1
"('Alistar', 'Corki', 'Renekton', 'Taliyah', 'Viego')",1,0,1
"('Akshan', 'Irelia', 'Jhin', 'Rell', 'Taliyah')",0,1,1
"('Jax', 'Jhin', 'Taliyah', 'Viego', 'Xerath')",1,0,1
"('Akshan', 'Ashe', ""Kai'Sa"", 'Karthus', 'Malphite')",0,1,1
"('Akshan', 'Brand', ""Kai'Sa"", 'Rell', 'Rumble')",0,1,1
"('Akshan', 'Fiddlesticks', ""K'Sante"", 'Rumble', 'Zeri')",1,0,1
"('Akshan', 'Camille', 'Nautilus', 'Nidalee', 'Samira')",1,0,1
"('Blitzcrank', 'Jayce', 'Nidalee', 'Tristana', 'Veigar')",0,1,1
"('Alistar', 'Corki', 'Lee Sin', ""Vel'Koz"", 'Zoe')",0,1,1
"('Akshan', 'Graves', 'Pyke', 'Sivir', 'Skarner')",1,0,1
"('Akali', 'Ashe', 'Graves', 'Pyke', 'Sion')",0,1,1
"('Galio', 'Kayn', 'Nilah', 'Pyke', 'Riven')",1,0,1
"('Dr. Mundo', 'Gwen', 'LeBlanc', 'Nautilus', 'Zeri')",0,1,1
"('Blitzcrank', 'Corki', 'Kennen', 'Lillia', 'Zeri')",1,0,1
"('Ashe', 'Hwei', 'Kindred', 'Kled', 'Syndra')",0,1,1
"('Heimerdinger', 'Jayce', 'Viego', 'Yasuo', 'Zilean')",0,1,1
"(""Bel'Veth"", 'Draven', 'Hwei', 'Nautilus', 'Skarner')",0,1,1
"('Brand', 'Jinx', 'Leona', 'Tahm Kench', 'Viego')",1,0,1
"('Elise', 'Ezreal', 'Renekton', 'Seraphine', 'Viego')",0,1,1
"('Jinx', 'Pyke', 'Skarner', 'Taliyah', 'Viego')",1,0,1
"('Kalista', 'Master Yi', 'Renata Glasc', 'Skarner', 'Viego')",1,0,1
"('Jinx', 'Kindred', 'Thresh', 'Udyr', 'Viego')",0,1,1
"('Fiddlesticks', 'Jax', 'Jhin', 'Senna', 'Viego')",0,1,1
"(""K'Sante"", 'Nidalee', 'Rakan', 'Viego', 'Zeri')",1,0,1
"('Gragas', ""K'Sante"", ""Kai'Sa"", 'Nautilus', 'Viego')",0,1,1
"('Alistar', 'Corki', 'Lucian', 'Renekton', 'Zyra')",0,1,1
"('Corki', 'Nautilus', 'Nocturne', 'Taliyah', 'Vayne')",1,0,1
"('Ekko', 'Gnar', 'Rell', 'Taliyah', 'Varus')",0,1,1
"('Graves', 'Jayce', 'Pyke', 'Taliyah', 'Vayne')",1,0,1
"('Akali', 'Camille', ""Kai'Sa"", 'Nidalee', 'Yone')",1,0,1
"('Kindred', 'Leona', 'Neeko', 'Sett', 'Ziggs')",0,1,1
"('Ornn', 'Rell', 'Tristana', 'Viego', 'Yone')",0,1,1
"('LeBlanc', 'Poppy', 'Seraphine', 'Viego', 'Zeri')",0,1,1
"('Ezreal', 'Jayce', 'Karthus', 'Ornn', 'Zoe')",1,0,1
"('Mordekaiser', 'Nautilus', 'Taliyah', 'Varus', 'Xin Zhao')",0,1,1
"('Akali', 'Graves', 'Jayce', ""Kai'Sa"", 'Seraphine')",0,1,1
"('Jhin', 'Lee Sin', 'Pyke', 'Rumble', 'Taliyah')",1,0,1
"('LeBlanc', 'Lee Sin', 'Nautilus', 'Senna', 'Twisted Fate')",0,1,1
"('Aatrox', 'Nidalee', 'Rell', 'Sylas', 'Varus')",1,0,1
"('Gnar', 'Jayce', 'Leona', 'Nidalee', 'Zeri')",1,0,1
"('Braum', 'Kindred', 'Orianna', 'Rumble', 'Smolder')",0,1,1
"('Nautilus', 'Rumble', 'Skarner', 'Vex', 'Zeri')",0,1,1
"('Kled', 'Rakan', 'Sivir', 'Sylas', 'Viego')",0,1,1
"('Kindred', 'LeBlanc', 'Lucian', 'Nami', 'Skarner')",1,0,1
"('Ashe', ""Kha'Zix"", 'Orianna', 'Poppy', 'Udyr')",1,0,1
"('Akali', 'Jax', 'Kayn', 'Rakan', 'Zeri')",1,0,1
"('Corki', 'Illaoi', 'Qiyana', 'Taric', 'Zac')",1,0,1
"('Jayce', ""Kai'Sa"", 'Leona', 'Nidalee', ""Rek'Sai"")",1,0,1
"('Caitlyn', 'Jayce', 'Neeko', 'Orianna', 'Zac')",1,0,1
"('Camille', 'Corki', 'Karthus', 'Pyke', ""Vel'Koz"")",0,1,1
"('Hwei', 'Illaoi', ""Kha'Zix"", 'Nautilus', 'Tristana')",1,0,1
"('Akali', 'Lee Sin', 'Miss Fortune', 'Pyke', 'Varus')",0,1,1
"('Akali', 'Ashe', 'Cassiopeia', 'Lee Sin', 'Pyke')",1,0,1
"('Akshan', 'Gragas', ""Kai'Sa"", 'Lillia', 'Pyke')",0,1,1
"(""K'Sante"", 'Kalista', 'Karthus', 'Rell', 'Zed')",1,0,1
"('Gwen', 'Jax', 'Talon', 'Tristana', 'Yuumi')",0,1,1
"('Gnar', 'Karthus', 'Pyke', 'Samira', 'Yone')",0,1,1
"('Annie', 'Jax', 'Maokai', 'Tristana', 'Viego')",0,1,1
"('Aphelios', 'Evelynn', 'Jayce', 'Skarner', 'Soraka')",0,1,1
"('Akshan', 'Fiora', 'Gragas', 'Jinx', 'Pyke')",0,1,1
"('Akali', 'Lee Sin', 'Nautilus', 'Tristana', 'Udyr')",1,0,1
"('Nautilus', 'Nidalee', 'Skarner', 'Taliyah', 'Tristana')",1,0,1
"('Alistar', 'Nidalee', 'Olaf', 'Orianna', 'Tristana')",0,1,1
"('Gragas', ""K'Sante"", ""Kai'Sa"", 'Nocturne', 'Pyke')",1,0,1
"('Jayce', 'Jinx', 'Lulu', 'Taliyah', 'Xin Zhao')",1,0,1
"('Nautilus', 'Tahm Kench', 'Taliyah', 'Tristana', 'Viego')",1,0,1
"('Corki', 'Rell', 'Sett', 'Taliyah', 'Varus')",1,0,1
"('Jax', 'Nautilus', 'Nidalee', 'Taliyah', 'Zeri')",1,0,1
"('Akali', 'Fiora', 'Rakan', 'Taliyah', 'Varus')",0,1,1
"('Ahri', 'Gwen', 'Nautilus', 'Talon', 'Xayah')",1,0,1
"('Corki', 'Leona', 'Miss Fortune', 'Renekton', 'Taliyah')",0,1,1
"('Gragas', 'Lee Sin', 'Rakan', 'Vex', 'Zeri')",1,0,1
"('Ashe', ""Kai'Sa"", 'Sejuani', 'Taliyah', 'Viego')",0,1,1
"('Aurelion Sol', 'Jhin', 'Lee Sin', 'Nautilus', 'Soraka')",1,0,1
"('Graves', 'Jhin', 'Nautilus', 'Rumble', 'Ryze')",0,1,1
"('Akali', 'Bard', 'Viego', 'Vladimir', 'Zeri')",1,0,1
"('Gragas', 'Graves', 'Rakan', 'Vex', 'Xayah')",0,1,1
"('Ashe', 'Caitlyn', 'Hwei', ""Kha'Zix"", 'Singed')",0,1,1
"('Akali', 'Braum', 'Kindred', 'Qiyana', 'Zeri')",0,1,1
"('Cassiopeia', 'Jarvan IV', 'Jinx', 'Thresh', 'Tristana')",0,1,1
"('Bard', 'Hwei', 'Jhin', ""K'Sante"", 'Xin Zhao')",1,0,1
"('Diana', ""Kai'Sa"", 'Olaf', 'Rakan', 'Yasuo')",0,1,1
"('Ezreal', 'Jayce', 'Lillia', 'Nautilus', 'Nocturne')",1,0,1
"('Aphelios', 'Katarina', 'Nautilus', 'Olaf', 'Skarner')",1,0,1
"(""Kai'Sa"", 'Nunu & Willump', 'Qiyana', 'Rell', 'Skarner')",1,0,1
"('Akali', 'Corki', 'Nautilus', 'Skarner', 'Wukong')",1,0,1
"('Katarina', 'Poppy', 'Rakan', 'Sion', 'Xayah')",1,0,1
"('Aphelios', ""K'Sante"", 'Lillia', 'Qiyana', 'Thresh')",0,1,1
"('Jax', 'Jayce', 'Jinx', 'Rell', 'Rumble')",1,0,1
"('Aphelios', 'Gwen', 'Kayle', 'Lulu', 'Poppy')",1,0,1
"('Braum', 'Hecarim', 'Skarner', 'Sylas', 'Varus')",1,0,1
"('Aatrox', 'Graves', 'LeBlanc', 'Smolder', 'Thresh')",1,0,1
"(""Kai'Sa"", 'Rakan', 'Rumble', 'Skarner', 'Vex')",1,0,1
"(""K'Sante"", ""Kai'Sa"", 'Kayn', 'Rakan', 'Taliyah')",0,1,1
"('Alistar', 'Gragas', 'Kindred', 'Orianna', 'Varus')",1,0,1
"('Hecarim', 'Rakan', 'Skarner', 'Sylas', 'Zeri')",0,1,1
"('Ashe', 'Camille', ""Kha'Zix"", 'Seraphine', 'Sylas')",0,1,1
"('Gragas', 'Lee Sin', 'Poppy', 'Taliyah', 'Varus')",0,1,1
"('Bard', 'Caitlyn', 'Graves', 'Lillia', ""Vel'Koz"")",1,0,1
"('Akali', 'Bard', 'Graves', 'Skarner', 'Zeri')",1,0,1
"('Akshan', 'Darius', 'Kalista', 'Karthus', 'Varus')",0,1,1
"('Jayce', 'Rakan', 'Rammus', 'Viego', 'Zeri')",0,1,1
"('Jayce', 'LeBlanc', 'Nautilus', 'Samira', 'Viego')",1,0,1
"('Aphelios', 'Lee Sin', 'Morgana', 'Thresh', 'Yone')",1,0,1
"('Bard', 'Graves', 'Ornn', 'Pantheon', 'Zeri')",1,0,1
"('Ezreal', 'Kayle', 'Leona', 'Lillia', 'Tristana')",1,0,1
"('Ashe', 'Cassiopeia', 'Pantheon', 'Rakan', 'Yasuo')",1,0,1
"('Jinx', 'Master Yi', 'Orianna', 'Pyke', 'Skarner')",1,0,1
"('Aurelion Sol', ""K'Sante"", ""Kai'Sa"", 'Nautilus', 'Nunu & Willump')",1,0,1
"('Pyke', 'Renekton', 'Samira', 'Taliyah', 'Tristana')",1,0,1
"('Ashe', 'Karthus', 'Renekton', 'Seraphine', 'Tristana')",1,0,1
"('Darius', ""Kai'Sa"", 'Rell', 'Taliyah', 'Yone')",1,0,1
"('Ahri', 'Jax', ""Kai'Sa"", ""Kha'Zix"", 'Rell')",1,0,1
"('Jhin', 'Rell', 'Skarner', 'Viego', 'Zoe')",1,0,1
"('Akali', 'Gangplank', 'Kalista', 'Pyke', 'Taliyah')",0,1,1
"('Jayce', 'Kalista', 'Karthus', 'Renata Glasc', 'Tristana')",0,1,1
"('Akali', 'Morgana', 'Rumble', 'Vi', 'Xayah')",1,0,1
"('Camille', 'Rell', 'Talon', 'Tristana', 'Viktor')",0,1,1
"('Leona', 'Rumble', 'Tristana', 'Viego', 'Zed')",0,1,1
"('Bard', 'Gwen', 'Tristana', 'Varus', 'Viego')",1,0,1
"('Corki', 'Kled', 'Lee Sin', 'Pyke', 'Ziggs')",1,0,1
"('Azir', 'Camille', 'Jhin', 'Rakan', 'Viego')",0,1,1
"('Akshan', 'Brand', 'Hwei', 'Rakan', 'Viego')",1,0,1
"('Kindred', 'Orianna', 'Pyke', 'Skarner', 'Varus')",0,1,1
"('Blitzcrank', 'Camille', 'Jayce', 'Kalista', 'Taliyah')",0,1,1
"('Ahri', 'Jayce', ""Kai'Sa"", 'Pyke', 'Taliyah')",1,0,1
"('Ashe', 'Lee Sin', 'Tristana', 'Twisted Fate', 'Ziggs')",0,1,1
"('Ashe', ""Bel'Veth"", 'Lucian', 'Rumble', 'Ryze')",0,1,1
"('Akshan', 'Graves', ""Kog'Maw"", 'Pyke', 'Rumble')",1,0,1
"('Maokai', 'Rell', 'Taliyah', 'Tristana', 'Varus')",1,0,1
"('Blitzcrank', 'Singed', 'Taliyah', 'Yasuo', 'Zeri')",1,0,1
"(""K'Sante"", ""Kai'Sa"", 'Leona', 'Nidalee', 'Yasuo')",1,0,1
"('Heimerdinger', 'Jayce', 'Kindred', 'Poppy', 'Rumble')",1,0,1
"('Aatrox', 'Jinx', 'Nautilus', 'Nidalee', 'Zed')",1,0,1
"('Lucian', 'Nami', 'Nidalee', 'Renekton', 'Syndra')",1,0,1
"('Kayn', 'Renekton', 'Seraphine', 'Tristana', 'Ziggs')",0,1,1
"('Aphelios', 'Graves', 'Thresh', 'Twisted Fate', 'Vayne')",1,0,1
"('Aatrox', 'Ashe', 'Katarina', 'Lee Sin', 'Seraphine')",1,0,1
"('Corki', 'Ornn', 'Poppy', ""Rek'Sai"", 'Sylas')",0,1,1
"(""Kai'Sa"", 'Lucian', 'Pyke', 'Taliyah', 'Tristana')",0,1,1
"('Ahri', 'Jinx', ""Kha'Zix"", 'Poppy', 'Thresh')",1,0,1
"('Alistar', 'Heimerdinger', ""Kai'Sa"", 'Orianna', ""Rek'Sai"")",0,1,1
"('Ashe', 'Camille', 'Hecarim', 'Renekton', 'Seraphine')",0,1,1
"('Graves', 'Rakan', 'Smolder', 'Twisted Fate', 'Vladimir')",1,0,1
"('Blitzcrank', ""Kai'Sa"", 'Kennen', 'Nidalee', 'Xin Zhao')",0,1,1
"('Jax', ""Kog'Maw"", 'Nautilus', 'Taliyah', 'Yone')",0,1,1
"('Ezreal', 'Jarvan IV', 'Jayce', 'Neeko', 'Pyke')",0,1,1
"('Camille', 'Kalista', 'Nidalee', 'Tryndamere', 'Zyra')",0,1,1
"('Akali', ""K'Sante"", 'Kalista', 'Senna', 'Udyr')",0,1,1
"('Corki', 'Irelia', ""Kha'Zix"", 'Pyke', ""Vel'Koz"")",1,0,1
"('Janna', 'Kalista', 'Taliyah', 'Talon', 'Vayne')",0,1,1
"('Corki', 'Nidalee', 'Pantheon', 'Pyke', 'Vex')",1,0,1
"('Gwen', 'Katarina', 'Rakan', 'Xayah', 'Xin Zhao')",0,1,1
"('Ekko', 'Graves', 'Poppy', 'Rumble', 'Tristana')",0,1,1
"('Blitzcrank', 'Jax', 'Kalista', 'Lillia', 'Twisted Fate')",0,1,1
"('Ashe', 'Fiora', 'Hwei', 'Kalista', 'Lee Sin')",0,1,1
"('Corki', 'Nidalee', 'Renekton', 'Syndra', 'Tristana')",1,0,1
"('Pyke', 'Skarner', 'Sylas', 'Talon', 'Tristana')",1,0,1
"('Nidalee', 'Rakan', 'Skarner', 'Tristana', ""Vel'Koz"")",1,0,1
"('Corki', 'Gnar', 'Jayce', 'Lillia', 'Pyke')",0,1,1
"('Kennen', 'Nunu & Willump', 'Pyke', 'Tristana', 'Varus')",0,1,1
"('Ahri', 'Braum', 'Fiora', 'Graves', 'Tristana')",0,1,1
"('Akshan', 'Maokai', 'Renekton', 'Taliyah', 'Xayah')",1,0,1
"('Cassiopeia', 'Kalista', 'Lee Sin', 'Taliyah', 'Thresh')",0,1,1
"('Camille', 'Hwei', 'Kindred', 'Lucian', 'Pyke')",1,0,1
"('LeBlanc', 'Lee Sin', 'Pyke', 'Varus', 'Zac')",0,1,1
"('Draven', 'Olaf', 'Pyke', ""Vel'Koz"", 'Viego')",1,0,1
"('Kled', 'Nautilus', 'Qiyana', 'Taliyah', 'Tristana')",0,1,1
"('Gragas', 'Thresh', 'Tristana', 'Twisted Fate', 'Xin Zhao')",0,1,1
"('Corki', 'Gragas', 'Nautilus', 'Skarner', 'Tristana')",1,0,1
"('Galio', 'Pyke', 'Samira', 'Sett', 'Skarner')",1,0,1
"('Ashe', ""Kai'Sa"", 'Wukong', 'Xin Zhao', 'Zoe')",1,0,1
"('Aatrox', ""Bel'Veth"", 'Galio', 'Kalista', 'Taliyah')",1,0,1
"('Ahri', 'Jax', ""Kai'Sa"", 'Rakan', 'Vi')",1,0,1
"('Aurelion Sol', 'Jinx', 'Pyke', ""Rek'Sai"", 'Rumble')",0,1,1
"('Jax', 'Miss Fortune', 'Rakan', 'Viego', 'Yone')",1,0,1
"('Braum', 'Camille', 'Diana', 'Graves', 'Kalista')",1,0,1
"('Kindred', 'LeBlanc', 'Rell', 'Skarner', 'Tristana')",1,0,1
"('Pantheon', 'Rakan', ""Rek'Sai"", 'Samira', 'Taliyah')",1,0,1
"('Gwen', 'Katarina', 'Lee Sin', 'Thresh', 'Varus')",1,0,1
"('Camille', ""Kai'Sa"", 'Maokai', 'Pyke', 'Viego')",1,0,1
"('Jax', 'Jinx', 'LeBlanc', 'Rakan', ""Rek'Sai"")",0,1,1
"('Annie', 'Jinx', 'Kindred', 'Poppy', 'Pyke')",1,0,1
"('Alistar', 'Irelia', 'Rumble', 'Tristana', 'Xin Zhao')",1,0,1
"(""K'Sante"", 'Nidalee', 'Pyke', 'Tristana', 'Zeri')",1,0,1
"('Darius', 'Lillia', 'Rell', 'Tristana', 'Yone')",0,1,1
"('Anivia', 'Corki', 'Jayce', 'Pyke', 'Rumble')",1,0,1
"('Aurelion Sol', 'Corki', 'Leona', 'Nocturne', 'Viego')",0,1,1
"('Graves', 'Hwei', 'Lucian', 'Poppy', 'Rell')",1,0,1
"('Ashe', 'Lillia', 'Pantheon', 'Rell', 'Xerath')",0,1,1
"('Gwen', 'Jhin', 'Karma', 'LeBlanc', 'Xin Zhao')",0,1,1
"('Ashe', 'Hwei', 'Lee Sin', 'Lulu', 'Mordekaiser')",1,0,1
"('Ashe', 'Corki', 'Graves', 'LeBlanc', 'Seraphine')",0,1,1
"('Ahri', 'Janna', 'Skarner', 'Smolder', 'Viego')",0,1,1
"(""Kai'Sa"", 'Mordekaiser', 'Nautilus', ""Rek'Sai"", 'Yasuo')",0,1,1
"('Corki', 'Graves', 'Lucian', 'Mordekaiser', 'Pyke')",0,1,1
"('Jinx', 'Leona', 'Mordekaiser', 'Sylas', 'Yasuo')",0,1,1
"('Ahri', 'Caitlyn', 'Karma', 'Lee Sin', 'Rell')",0,1,1
"('Brand', ""Kai'Sa"", 'Leona', 'Skarner', 'Tristana')",1,0,1
"('Blitzcrank', ""Cho'Gath"", 'Hwei', 'Lucian', 'Viego')",1,0,1
"('Corki', 'Katarina', 'Skarner', 'Swain', 'Viego')",1,0,1
"('Lucian', 'Milio', 'Skarner', 'Sylas', 'Viego')",1,0,1
"('Ashe', 'Camille', 'Galio', 'Gragas', 'Lee Sin')",1,0,1
"('Blitzcrank', 'Jinx', 'Kindred', 'Skarner', 'Xerath')",1,0,1
"('Graves', 'Katarina', 'Pyke', 'Skarner', 'Taliyah')",1,0,1
"('Lee Sin', 'Pantheon', 'Skarner', 'Taliyah', 'Zoe')",1,0,1
"('Karma', 'Kindred', 'Malphite', 'Skarner', 'Ziggs')",0,1,1
"('Gangplank', ""Kai'Sa"", 'Lillia', 'Nautilus', 'Qiyana')",0,1,1
"('Alistar', 'Elise', 'Hwei', 'Jinx', 'Poppy')",0,1,1
"('Jarvan IV', ""Kai'Sa"", 'Kennen', 'Rell', 'Sylas')",0,1,1
"('Akshan', 'Ashe', 'Braum', 'Gnar', 'Nunu & Willump')",0,1,1
"('Camille', 'Galio', ""K'Sante"", 'Nilah', 'Nunu & Willump')",1,0,1
"('Ekko', 'Gwen', 'Hwei', 'Smolder', 'Talon')",0,1,1
"('Aphelios', 'Camille', 'Gwen', 'Nidalee', 'Yasuo')",1,0,1
"('Aphelios', 'Gwen', 'Hwei', 'Master Yi', 'Rell')",1,0,1
"('Gwen', 'Kayn', 'Rell', 'Tristana', 'Yone')",1,0,1
"('Akshan', 'Gwen', 'Lillia', 'Nautilus', 'Xayah')",1,0,1
"('Akshan', 'Jax', 'Jinx', 'Karma', 'Nunu & Willump')",1,0,1
"('Corki', 'Hwei', 'Nunu & Willump', 'Rell', 'Yone')",1,0,1
"('Ashe', 'Braum', 'Camille', 'Hwei', 'Nunu & Willump')",0,1,1
"('Alistar', 'Ashe', 'Camille', 'Nunu & Willump', 'Rumble')",0,1,1
"('Alistar', 'Jhin', 'Nunu & Willump', 'Qiyana', 'Rumble')",1,0,1
"('Aatrox', 'Nunu & Willump', 'Tristana', 'Yuumi', 'Zeri')",1,0,1
"('Jinx', 'Kennen', 'Nunu & Willump', 'Thresh', 'Tristana')",1,0,1
"('Corki', ""K'Sante"", 'Kalista', 'Nautilus', 'Nunu & Willump')",1,0,1
"('Jayce', 'Nunu & Willump', 'Rell', 'Samira', 'Udyr')",0,1,1
"('Aphelios', 'Lulu', 'Nunu & Willump', 'Olaf', 'Tristana')",1,0,1
"('Galio', 'Jhin', 'Kennen', 'Nunu & Willump', 'Yone')",0,1,1
"('Ashe', 'Camille', 'Hwei', 'Malphite', 'Skarner')",1,0,1
"('Gwen', 'Jayce', 'Thresh', 'Varus', 'Zac')",1,0,1
"('Kalista', 'Nautilus', 'Olaf', 'Vi', 'Zoe')",0,1,1
"('Ashe', 'Karthus', 'Sona', 'Tryndamere', 'Twisted Fate')",1,0,1
"(""Kai'Sa"", 'Karthus', 'Pyke', 'Skarner', 'Zed')",0,1,1
"('Corki', 'Nautilus', 'Nidalee', 'Skarner', 'Yasuo')",1,0,1
"(""Kai'Sa"", 'LeBlanc', 'Pyke', 'Twisted Fate', 'Viego')",0,1,1
"('Alistar', 'Ashe', 'Brand', 'Pantheon', 'Renekton')",0,1,1
"('Ashe', 'Galio', 'Jax', 'Kindred', 'Rumble')",0,1,1
"('Hwei', ""K'Sante"", 'Karthus', 'Rell', 'Samira')",1,0,1
"('Ahri', 'Jax', 'Lucian', 'Nami', 'Nidalee')",1,0,1
"('Brand', 'Fiora', 'Lulu', 'Qiyana', 'Twitch')",0,1,1
"('Aphelios', 'Camille', 'Ekko', 'Skarner', 'Wukong')",1,0,1
"('Ekko', 'Nautilus', 'Volibear', 'Yasuo', 'Zeri')",0,1,1
"('Azir', 'Nidalee', 'Skarner', 'Varus', 'Zac')",1,0,1
"('Akshan', 'Aphelios', 'Bard', 'Camille', 'Ekko')",1,0,1
"('Alistar', 'Fiora', ""Kai'Sa"", 'Lee Sin', 'Lissandra')",1,0,1
"('Aurelion Sol', ""K'Sante"", ""Kai'Sa"", 'Skarner', 'Viego')",0,1,1
"('Jax', 'Nautilus', 'Ryze', 'Varus', 'Viego')",1,0,1
"('Hecarim', 'Jhin', 'Orianna', 'Rakan', 'Skarner')",0,1,1
"('Blitzcrank', 'Ekko', 'Kalista', 'Lee Sin', 'Skarner')",1,0,1
"('Ahri', 'Lee Sin', 'Lulu', 'Poppy', 'Zeri')",1,0,1
"('Galio', 'Jinx', 'Master Yi', 'Nautilus', 'Skarner')",0,1,1
"('Graves', 'Jinx', 'Nautilus', 'Skarner', 'Taliyah')",0,1,1
"('Hwei', 'Lillia', 'Poppy', 'Twisted Fate', 'Varus')",0,1,1
"('Akshan', 'Ashe', 'Fiddlesticks', 'Heimerdinger', 'Skarner')",1,0,1
"('Jhin', 'LeBlanc', 'Lee Sin', 'Seraphine', 'Skarner')",1,0,1
"('LeBlanc', 'Pyke', ""Rek'Sai"", 'Skarner', 'Varus')",0,1,1
"('Ashe', 'Hwei', 'Seraphine', 'Skarner', 'Viego')",1,0,1
"('Akali', ""Kai'Sa"", 'Lee Sin', 'Nautilus', 'Skarner')",0,1,1
"('Blitzcrank', 'Corki', 'Graves', 'Skarner', 'Vex')",1,0,1
"('Akshan', 'Lucian', 'Rell', 'Viego', 'Volibear')",0,1,1
"('Nautilus', 'Nidalee', 'Senna', 'Skarner', 'Twisted Fate')",0,1,1
"('Ashe', 'Karma', 'Lillia', 'Skarner', 'Tristana')",1,0,1
"('Ahri', 'Caitlyn', 'Graves', 'Thresh', 'Udyr')",1,0,1
"('Brand', 'Poppy', 'Thresh', 'Varus', 'Yone')",1,0,1
"('Braum', 'Caitlyn', ""Cho'Gath"", 'Graves', 'Sylas')",0,1,1
"('Ahri', 'Gangplank', 'Ivern', 'Lulu', 'Twitch')",0,1,1
"('Gragas', ""Kai'Sa"", 'Lillia', 'Pyke', 'Talon')",0,1,1
"('Caitlyn', 'Hwei', 'Poppy', 'Thresh', 'Viego')",1,0,1
"('Aurelion Sol', 'Gwen', ""Kai'Sa"", 'Nautilus', 'Vi')",1,0,1
"('Galio', 'Gwen', ""Kai'Sa"", 'Kindred', 'Nautilus')",1,0,1
"('Graves', 'Gwen', 'Irelia', ""Kai'Sa"", 'Rell')",0,1,1
"('Akshan', 'Gwen', 'Jhin', 'Rakan', 'Taliyah')",1,0,1
"('Fiora', 'Nautilus', 'Nidalee', 'Twisted Fate', 'Varus')",0,1,1
"('Aatrox', 'Jhin', 'Katarina', 'Leona', 'Taliyah')",0,1,1
"('Alistar', 'Nidalee', 'Qiyana', 'Sivir', 'Skarner')",0,1,1
"('Akshan', 'Ashe', 'Rumble', 'Viego', 'Vladimir')",0,1,1
"('Akali', 'Camille', ""Kai'Sa"", 'Taliyah', 'Viego')",0,1,1
"('Akali', 'Blitzcrank', 'Draven', 'Lillia', 'Yone')",0,1,1
"('Graves', 'Hwei', ""Kai'Sa"", 'Leona', 'Viego')",1,0,1
"(""Bel'Veth"", 'Blitzcrank', 'Draven', 'LeBlanc', 'Tahm Kench')",1,0,1
"('Aurelion Sol', 'Malphite', 'Nautilus', 'Viego', 'Zeri')",1,0,1
"('Jayce', ""Kai'Sa"", 'Pyke', 'Rumble', 'Yone')",0,1,1
"('Ahri', 'Jhin', 'Kindred', 'Leona', 'Rumble')",1,0,1
"('Akali', 'Lee Sin', 'Rell', 'Skarner', 'Zeri')",1,0,1
"(""Kai'Sa"", 'Kennen', 'Lee Sin', 'Neeko', 'Ziggs')",1,0,1
"('Aurelion Sol', 'Draven', 'Fiora', 'Karthus', 'Pyke')",1,0,1
"('Alistar', ""Bel'Veth"", 'Kled', 'LeBlanc', 'Zeri')",1,0,1
"('Ashe', 'Braum', 'Illaoi', 'Rengar', 'Viktor')",0,1,1
"('Cassiopeia', 'Ornn', 'Shaco', 'Talon', 'Thresh')",1,0,1
"('Blitzcrank', 'Heimerdinger', 'Rengar', 'Riven', 'Tristana')",0,1,1
"('Ashe', 'Corki', 'Kennen', 'Rumble', 'Xin Zhao')",1,0,1
"(""Kai'Sa"", 'Leona', 'Quinn', 'Viktor', 'Xin Zhao')",0,1,1
"(""Kai'Sa"", 'Katarina', 'Nunu & Willump', 'Riven', 'Yone')",0,1,1
"('Ashe', ""K'Sante"", 'Karthus', 'Poppy', 'Qiyana')",0,1,1
"('Fiora', 'Hwei', 'Leona', 'Varus', 'Viego')",1,0,1
"(""Kai'Sa"", 'Nautilus', 'Nidalee', 'Ornn', 'Qiyana')",1,0,1
"('Aatrox', 'Ashe', 'Caitlyn', 'Nidalee', 'Qiyana')",1,0,1
"('Galio', 'Hwei', 'Jinx', 'Rengar', 'Skarner')",0,1,1
"('Gnar', 'Katarina', 'Rell', 'Udyr', 'Zeri')",1,0,1
"('Corki', 'Gragas', 'Hwei', 'Katarina', 'Shaco')",0,1,1
"(""Kai'Sa"", 'Lucian', 'Nautilus', 'Taliyah', 'Wukong')",0,1,1
"('Hwei', 'Jayce', 'Lillia', 'Rell', 'Zeri')",1,0,1
"('Jinx', 'Kennen', 'Thresh', 'Viego', 'Viktor')",0,1,1
"('Blitzcrank', 'Gragas', 'Lillia', 'Tristana', 'Varus')",1,0,1
"('Rakan', 'Taliyah', 'Teemo', 'Tristana', 'Zeri')",1,0,1
"('Blitzcrank', 'Hwei', 'Kayn', ""Kog'Maw"", 'Rumble')",0,1,1
"('Corki', 'Jayce', 'Malzahar', 'Nidalee', 'Rell')",0,1,1
"('Gnar', 'Lee Sin', 'Rakan', 'Sivir', 'Sylas')",1,0,1
"('Akali', 'Gnar', 'Lucian', 'Nami', 'Vi')",0,1,1
"('Irelia', 'Ivern', 'Jayce', ""Kai'Sa"", 'Nautilus')",0,1,1
"('Aurelion Sol', 'Ezreal', 'Jax', ""Kha'Zix"", 'Leona')",0,1,1
"('Blitzcrank', 'Lee Sin', 'Rumble', 'Vex', 'Zeri')",1,0,1
"('Blitzcrank', 'Ezreal', 'Galio', 'Graves', 'Gwen')",1,0,1
"('Camille', 'Gwen', 'Irelia', 'Jhin', 'Taliyah')",1,0,1
"(""Bel'Veth"", 'Camille', 'Galio', 'Gwen', ""Kai'Sa"")",1,0,1
"(""Kai'Sa"", 'Rell', 'Renekton', 'Taliyah', 'Twisted Fate')",0,1,1
"('Aphelios', 'Gwen', 'Hwei', 'Lulu', 'Sejuani')",0,1,1
"('Akali', 'Corki', 'Gwen', 'Nami', 'Wukong')",1,0,1
"('Gwen', 'Jinx', 'Lee Sin', 'Morgana', 'Syndra')",0,1,1
"('Graves', 'Gwen', 'Jinx', 'LeBlanc', 'Thresh')",1,0,1
"('Braum', 'Gwen', 'Jinx', 'Nidalee', 'Twisted Fate')",0,1,1
"('Gwen', 'Katarina', 'Rell', 'Samira', 'Vi')",0,1,1
"('Braum', 'Diana', 'Ezreal', 'Graves', 'Gwen')",1,0,1
"('Ashe', 'Gwen', 'Jinx', 'Lee Sin', 'Yasuo')",1,0,1
"('Galio', 'Gwen', 'Hwei', ""Rek'Sai"", 'Varus')",1,0,1
"('Gwen', 'Katarina', 'Lee Sin', 'Rakan', 'Zeri')",1,0,1
"('Gwen', ""Kai'Sa"", 'Kayn', 'Leona', 'Syndra')",0,1,1
"('Ahri', 'Ashe', 'Gwen', 'Nautilus', 'Shaco')",1,0,1
"('Ahri', 'Ezreal', 'Gwen', 'Hecarim', 'Shaco')",1,0,1
"('Gwen', ""Kai'Sa"", 'Lee Sin', 'Pyke', 'Zoe')",0,1,1
"('Gwen', 'Jinx', 'Lee Sin', 'Qiyana', 'Thresh')",0,1,1
"('Blitzcrank', 'Darius', 'Graves', ""Kai'Sa"", 'Orianna')",1,0,1
"('Draven', 'Kindred', 'Nautilus', 'Skarner', 'Syndra')",1,0,1
"('Rakan', ""Rek'Sai"", 'Taliyah', 'Twisted Fate', 'Zeri')",0,1,1
"('Aatrox', ""Bel'Veth"", 'Katarina', 'Leona', 'Zeri')",0,1,1
"('Elise', 'Jinx', 'Leona', 'Riven', 'Tristana')",0,1,1
"('Anivia', 'Blitzcrank', 'Ezreal', 'Gnar', 'Lillia')",0,1,1
"('Leona', 'Nidalee', 'Talon', 'Tristana', 'Varus')",1,0,1
"('Blitzcrank', ""Kai'Sa"", 'Karthus', 'Skarner', 'Tristana')",0,1,1
"('Dr. Mundo', ""Kai'Sa"", 'Leona', 'Taliyah', 'Yone')",1,0,1
"('Gragas', 'Rell', 'Rengar', 'Skarner', 'Zeri')",0,1,1
"('Aurelion Sol', 'Gwen', 'Jinx', 'Master Yi', 'Thresh')",0,1,1
"('Ashe', 'Braum', ""K'Sante"", 'Sylas', 'Xin Zhao')",1,0,1
"('Blitzcrank', 'Gwen', 'Jinx', 'Karthus', 'Pantheon')",0,1,1
"('Blitzcrank', 'Corki', 'Galio', 'Gwen', 'Viego')",0,1,1
"('Aurelion Sol', 'Blitzcrank', 'Nidalee', 'Renekton', 'Samira')",0,1,1
"('Gwen', 'Jinx', 'Kindred', 'Taliyah', 'Thresh')",1,0,1
"('Caitlyn', 'Corki', 'Gwen', 'Lux', 'Shaco')",0,1,1
"('Ashe', 'Gwen', 'Lillia', 'Rakan', 'Yasuo')",1,0,1
"('Ashe', 'Jinx', 'Karthus', 'Qiyana', 'Urgot')",0,1,1
"('Alistar', 'Azir', 'Corki', 'Gnar', 'Hecarim')",1,0,1
"('Bard', 'Corki', 'Jayce', ""K'Sante"", 'Karthus')",1,0,1
"('Akali', 'Camille', 'Hecarim', 'Kalista', 'Nautilus')",0,1,1
"(""Kai'Sa"", 'Lee Sin', 'Lissandra', 'Maokai', 'Twisted Fate')",0,1,1
"('Akali', 'Fiora', 'Karthus', 'Seraphine', 'Zeri')",1,0,1
"('Kalista', 'Lee Sin', 'Orianna', 'Rumble', 'Tryndamere')",0,1,1
"('Corki', 'Fiora', 'Ivern', 'Jayce', 'Rell')",1,0,1
"('Ashe', 'Jax', 'LeBlanc', 'Lulu', 'Udyr')",1,0,1
"('Lee Sin', 'Nautilus', 'Twisted Fate', 'Varus', 'Zac')",0,1,1
"(""Kha'Zix"", 'LeBlanc', 'Mordekaiser', 'Neeko', 'Xayah')",1,0,1
"('Camille', 'Cassiopeia', 'Karthus', 'Skarner', 'Talon')",1,0,1
"('Aphelios', 'Azir', 'Graves', ""K'Sante"", 'Neeko')",0,1,1
"('Camille', 'Gragas', 'Kalista', 'Karthus', 'Yasuo')",1,0,1
"('Camille', 'Diana', 'Samira', 'Sylas', 'Yone')",0,1,1
"('Graves', 'Hwei', 'Lucian', 'Nami', 'Sion')",0,1,1
"('Aphelios', 'Aurelion Sol', 'Cassiopeia', 'Graves', 'Neeko')",1,0,1
"('Camille', 'Evelynn', ""Kai'Sa"", 'Nasus', 'Talon')",1,0,1
"('Camille', 'Jinx', ""K'Sante"", 'LeBlanc', 'Lee Sin')",1,0,1
"('Alistar', 'Irelia', 'Jhin', 'Shyvana', 'Talon')",1,0,1
"('Lillia', 'Sett', 'Tristana', 'Vayne', 'Zeri')",1,0,1
"('Nidalee', 'Pyke', 'Sivir', 'Tristana', 'Twisted Fate')",1,0,1
"('Fiora', 'Nidalee', 'Seraphine', 'Taliyah', 'Zeri')",1,0,1
"('Fiddlesticks', ""Kai'Sa"", 'Thresh', 'Twisted Fate', 'Zed')",0,1,1
"('Aatrox', 'Alistar', 'Galio', ""Kai'Sa"", 'Viego')",0,1,1
"('Blitzcrank', 'Cassiopeia', ""Kai'Sa"", 'Twisted Fate', 'Udyr')",0,1,1
"('Ashe', 'Camille', 'Orianna', 'Singed', 'Viego')",0,1,1
"('Jhin', 'Taliyah', 'Tristana', 'Twisted Fate', 'Zoe')",0,1,1
"('Graves', 'Lulu', 'Neeko', 'Xin Zhao', 'Zeri')",1,0,1
"('Aatrox', 'Akali', ""Kai'Sa"", 'Lee Sin', 'Rell')",1,0,1
"('Ezreal', 'Heimerdinger', ""Kha'Zix"", 'Shaco', 'Talon')",1,0,1
"('Ashe', 'Nidalee', 'Rell', 'Skarner', 'Tristana')",0,1,1
"('Lillia', 'Seraphine', 'Tristana', 'Varus', 'Volibear')",1,0,1
"('Braum', ""Kai'Sa"", 'Twisted Fate', 'Viego', 'Yone')",0,1,1
"('Aphelios', 'Nautilus', 'Orianna', 'Poppy', 'Viego')",0,1,1
"('Ashe', 'Nautilus', 'Nidalee', 'Tristana', 'Zac')",0,1,1
"('Diana', 'Fiora', 'Jhin', ""Kha'Zix"", 'Soraka')",0,1,1
"('Ashe', 'Braum', 'Katarina', 'Lillia', 'Sett')",0,1,1
"('Corki', 'Maokai', 'Rengar', 'Sion', 'Taliyah')",0,1,1
"('Alistar', 'Anivia', 'Lee Sin', 'Nilah', 'Zac')",1,0,1
"('Ashe', 'Soraka', 'Twisted Fate', 'Xerath', 'Xin Zhao')",1,0,1
"('Draven', 'Mordekaiser', 'Neeko', 'Vi', 'Viego')",0,1,1
"('Aurelion Sol', ""Bel'Veth"", 'Jayce', 'Soraka', 'Zeri')",1,0,1
"('Lucian', 'Nami', 'Nidalee', 'Pantheon', 'Viego')",0,1,1
"('Diana', 'Lee Sin', 'Neeko', 'Tryndamere', 'Varus')",1,0,1
"('Camille', 'LeBlanc', 'Miss Fortune', 'Viego', 'Warwick')",1,0,1
"('Camille', 'Kalista', 'Rumble', 'Twisted Fate', 'Viego')",1,0,1
"('Caitlyn', 'Lux', 'Shaco', 'Skarner', 'Taliyah')",1,0,1
"('Corki', 'Gragas', ""Rek'Sai"", 'Urgot', 'Zoe')",1,0,1
"('Akshan', 'Draven', 'Jax', 'Poppy', 'Rumble')",1,0,1
"('Camille', 'Graves', ""Kai'Sa"", 'Yone', 'Zoe')",1,0,1
"(""Bel'Veth"", 'Caitlyn', 'Gragas', 'Lux', 'Viktor')",1,0,1
"('Akali', 'Jinx', 'Thresh', 'Twisted Fate', 'Viego')",1,0,1
"('Gnar', 'Hwei', 'Jinx', 'Thresh', 'Xin Zhao')",1,0,1
"('Brand', 'Gwen', 'Poppy', 'Smolder', 'Viego')",0,1,1
"('Jhin', 'Kennen', 'Lee Sin', 'Leona', 'Lux')",0,1,1
"('Jinx', 'Kennen', ""Kha'Zix"", 'Nautilus', 'Neeko')",0,1,1
"('Anivia', 'Rakan', 'Skarner', 'Viego', 'Zeri')",1,0,1
"(""Kai'Sa"", 'Karthus', 'Nautilus', 'Teemo', 'Yasuo')",1,0,1
"('Corki', 'Rell', 'Rumble', 'Sylas', 'Yasuo')",1,0,1
"('Camille', 'Jhin', 'Syndra', 'Viego', 'Zyra')",1,0,1
"('Corki', 'Elise', 'Hwei', 'Irelia', 'Jhin')",1,0,1
"('Aurelion Sol', 'Corki', 'Lee Sin', 'Rumble', 'Sett')",0,1,1
"('Jinx', 'Karthus', 'Renekton', 'Thresh', 'Viego')",1,0,1
"('Camille', 'Hwei', ""Kai'Sa"", 'Poppy', 'Shaco')",0,1,1
"('Aurelion Sol', 'Braum', 'Graves', 'Lucian', 'Olaf')",1,0,1
"('Diana', 'Nautilus', 'Renekton', 'Viego', 'Zeri')",1,0,1
"('Diana', 'Jinx', ""Vel'Koz"", 'Viego', 'Zac')",0,1,1
"('Akali', 'Camille', 'Jayce', 'Kalista', 'Nidalee')",1,0,1
"('Caitlyn', 'Gwen', 'Sejuani', 'Thresh', 'Tristana')",1,0,1
"('Akali', 'Camille', ""Kai'Sa"", 'Sett', 'Vi')",0,1,1
"('Kindred', 'Rumble', 'Taric', 'Twitch', 'Zoe')",1,0,1
"('Graves', 'Nautilus', 'Rumble', 'Samira', 'Sylas')",1,0,1
"(""Bel'Veth"", 'Kayle', 'Samira', 'Viego', 'Zac')",0,1,1
"('Aphelios', 'Camille', 'Nidalee', 'Rengar', 'Zoe')",0,1,1
"('Darius', 'Elise', 'Jhin', 'Neeko', 'Talon')",1,0,1
"('Camille', 'Nasus', 'Twisted Fate', 'Wukong', 'Zeri')",0,1,1
"('Corki', 'Irelia', 'Jax', 'Maokai', 'Rakan')",1,0,1
"('Camille', 'Gragas', 'Jinx', 'Wukong', 'Zoe')",1,0,1
"('Camille', 'Gragas', 'Kalista', 'Lee Sin', 'Yasuo')",0,1,1
"('Ahri', 'Ashe', 'Braum', 'Camille', 'Xin Zhao')",1,0,1
"('Galio', ""Kai'Sa"", 'Rell', 'Taliyah', 'Vayne')",0,1,1
"(""Kai'Sa"", 'Karthus', 'Rell', 'Vayne', 'Yone')",0,1,1
"('Ahri', 'Braum', 'Twisted Fate', 'Viego', 'Zeri')",1,0,1
"('Braum', 'Hwei', 'Lucian', 'Pantheon', 'Skarner')",0,1,1
"('Camille', 'Rammus', 'Rell', 'Xayah', 'Zoe')",0,1,1
"('Alistar', 'Ashe', 'Galio', 'Hecarim', 'Tristana')",0,1,1
"('Aatrox', 'Ashe', 'Graves', 'Rumble', 'Twisted Fate')",0,1,1
"('Azir', 'Kennen', 'Seraphine', 'Skarner', 'Smolder')",1,0,1
"('Anivia', 'Gnar', 'Heimerdinger', 'Rammus', 'Zeri')",0,1,1
"('Corki', 'Hwei', 'Nautilus', 'Twisted Fate', 'Viego')",1,0,1
"('Katarina', 'Lucian', 'Nami', 'Pantheon', 'Poppy')",1,0,1
"('Galio', 'Jax', 'Nautilus', 'Pantheon', 'Senna')",0,1,1
"('Ashe', 'Galio', 'Graves', 'Rumble', 'Tryndamere')",0,1,1
"('Hecarim', 'Skarner', 'Vex', 'Yuumi', 'Zeri')",1,0,1
"('Corki', 'Jax', 'Lillia', 'Pantheon', 'Rakan')",1,0,1
"('Ashe', 'Illaoi', 'Lillia', 'Seraphine', 'Tristana')",1,0,1
"('Anivia', 'Irelia', 'Jhin', 'Lillia', 'Milio')",1,0,1
"('Corki', 'Hwei', 'Jayce', 'Lillia', 'Yasuo')",0,1,1
"('Draven', 'Ekko', 'Rell', 'Tristana', 'Vayne')",1,0,1
"('Galio', 'Illaoi', 'Kindred', 'Nautilus', 'Varus')",1,0,1
"('Graves', 'LeBlanc', 'Nautilus', 'Olaf', 'Zeri')",1,0,1
"('Aurelion Sol', 'Camille', 'Hecarim', 'Jinx', 'Rell')",0,1,1
"('Jayce', 'Jinx', 'Lillia', 'Seraphine', 'Shen')",0,1,1
"('Ahri', 'Blitzcrank', 'Cassiopeia', 'Hecarim', 'Jinx')",1,0,1
"(""Kai'Sa"", 'Katarina', ""Rek'Sai"", 'Rumble', 'Thresh')",1,0,1
"('Aatrox', 'Blitzcrank', 'Brand', 'Kalista', 'Pantheon')",0,1,1
"('Akshan', 'Blitzcrank', ""Kai'Sa"", 'Karthus', 'Skarner')",1,0,1
"('Ashe', 'Blitzcrank', 'Hecarim', 'Kennen', 'Yasuo')",0,1,1
"('Jayce', 'Nidalee', 'Olaf', 'Seraphine', 'Tristana')",0,1,1
"('Camille', 'Hecarim', 'Jinx', 'Maokai', 'Sylas')",0,1,1
"('Camille', 'Cassiopeia', 'Hecarim', 'Jhin', 'Rumble')",0,1,1
"('Caitlyn', 'Gragas', 'Hecarim', 'Hwei', 'Morgana')",0,1,1
"('Hecarim', 'Nautilus', 'Rumble', 'Varus', 'Zoe')",1,0,1
"('Jax', ""Kog'Maw"", ""Rek'Sai"", 'Rumble', 'Seraphine')",1,0,1
"('Gwen', 'Hecarim', 'Lulu', 'Tristana', 'Varus')",1,0,1
"('Ashe', 'Corki', 'Hecarim', 'Pantheon', 'Rumble')",0,1,1
"('Gwen', 'Hecarim', 'Jhin', 'Sona', 'Zoe')",1,0,1
"('Hwei', 'Karthus', 'Smolder', 'Tristana', 'Zac')",0,1,1
"('Hecarim', 'Jax', ""Kai'Sa"", 'Orianna', 'Thresh')",1,0,1
"('Blitzcrank', 'Hecarim', 'Hwei', ""Kai'Sa"", 'Zac')",1,0,1
"('Ahri', 'Blitzcrank', 'Nasus', 'Tristana', 'Viego')",0,1,1
"('Gragas', 'Heimerdinger', 'Kindred', 'Pyke', 'Renekton')",1,0,1
"('Blitzcrank', 'Camille', ""Kai'Sa"", 'Taliyah', 'Viego')",1,0,1
"('Galio', 'Jinx', 'Thresh', 'Twisted Fate', 'Viego')",1,0,1
"('Alistar', 'Kindred', 'Neeko', 'Samira', 'Twisted Fate')",1,0,1
"('Hecarim', 'Jax', 'Rell', 'Syndra', 'Zeri')",0,1,1
"('Corki', 'Kindred', 'Orianna', 'Renata Glasc', 'Udyr')",0,1,1
"('Hwei', 'Jinx', ""Kha'Zix"", 'Lulu', 'Tahm Kench')",0,1,1
"('Ahri', 'Kennen', 'Taric', 'Twitch', 'Xin Zhao')",1,0,1
"('Cassiopeia', 'Draven', 'Kindred', 'Skarner', 'Taric')",0,1,1
"('Ekko', 'Jayce', 'Jhin', 'Nunu & Willump', 'Rakan')",0,1,1
"('Caitlyn', 'Jax', 'Lux', 'Orianna', ""Rek'Sai"")",0,1,1
"('Kalista', 'Kindred', 'Singed', 'Taric', 'Twisted Fate')",0,1,1
"('Aurelion Sol', 'Camille', 'Corki', 'Kennen', 'Rumble')",0,1,1
"('Kalista', 'Nautilus', 'Syndra', 'Twisted Fate', 'Viego')",0,1,1
"('Blitzcrank', 'Katarina', 'Twisted Fate', 'Varus', 'Viego')",0,1,1
"('Fiora', 'Heimerdinger', 'Qiyana', 'Taliyah', 'Xerath')",1,0,1
"('Ahri', 'Corki', 'Karma', 'Lee Sin', 'Twisted Fate')",1,0,1
"('Ahri', 'Fiora', ""Kai'Sa"", 'Rell', 'Xin Zhao')",0,1,1
"('Akali', 'Corki', ""Kai'Sa"", 'Rell', 'Skarner')",0,1,1
"('Cassiopeia', ""Kha'Zix"", 'Pyke', 'Zeri', 'Zoe')",1,0,1
"('Elise', ""Kai'Sa"", 'Pantheon', 'Pyke', 'Viego')",1,0,1
"('Ahri', 'Darius', 'Jinx', 'Lillia', 'Swain')",0,1,1
"('Aatrox', 'Hwei', 'Jhin', 'Kindred', 'Pyke')",1,0,1
"(""Kai'Sa"", 'Lillia', 'Pyke', 'Twisted Fate', 'Zed')",1,0,1
"('Anivia', 'Lillia', 'Lucian', 'Maokai', 'Quinn')",0,1,1
"('Bard', 'Jhin', ""K'Sante"", 'Katarina', 'Kindred')",0,1,1
"('Ezreal', 'Hecarim', 'Hwei', 'Jax', 'Seraphine')",1,0,1
"('Jinx', 'Lillia', 'Skarner', 'Talon', 'Thresh')",1,0,1
"('Aurelion Sol', 'Jinx', 'Malphite', 'Nautilus', 'Viego')",1,0,1
"('Akali', 'Hecarim', 'Leona', 'Sejuani', 'Zeri')",1,0,1
"(""Bel'Veth"", ""Kai'Sa"", 'Nautilus', 'Tryndamere', 'Viego')",1,0,1
"('Ahri', 'Ashe', 'Jax', 'Kindred', 'Rakan')",0,1,1
"('Aphelios', 'Kennen', 'Nautilus', 'Viego', 'Vladimir')",1,0,1
"('Aatrox', 'Aphelios', 'Ekko', 'Nautilus', 'Tristana')",1,0,1
"('Ahri', 'Gragas', 'Hecarim', 'Jinx', 'Nautilus')",1,0,1
"('Lillia', 'Rell', 'Samira', 'Skarner', 'Viego')",1,0,1
"('Camille', 'Hecarim', 'Karma', 'LeBlanc', 'Vayne')",1,0,1
"('Alistar', 'Corki', 'Galio', 'Kindred', 'Riven')",0,1,1
"('Ashe', 'Ekko', 'Jayce', 'Nautilus', 'Sett')",0,1,1
"('Diana', 'Jinx', ""K'Sante"", 'Nautilus', 'Yone')",1,0,1
"('Jinx', 'Riven', 'Taliyah', 'Thresh', 'Viego')",1,0,1
"('Anivia', 'Bard', 'Gnar', 'Graves', 'Jhin')",1,0,1
"('Camille', ""Kha'Zix"", 'Rumble', 'Taliyah', 'Varus')",0,1,1
"('Ashe', 'Braum', 'Ornn', 'Taliyah', 'Viego')",1,0,1
"('Jayce', 'Nocturne', 'Orianna', 'Rell', 'Varus')",1,0,1
"('Jinx', 'Lillia', 'Pantheon', 'Rell', 'Skarner')",1,0,1
"('Karthus', 'Mordekaiser', 'Qiyana', 'Rell', 'Tristana')",1,0,1
"('Ahri', 'Camille', ""Kai'Sa"", ""Rek'Sai"", 'Rell')",1,0,1
"('Aatrox', 'Ashe', 'Karthus', 'Nunu & Willump', 'Rell')",1,0,1
"('Ashe', 'Rell', 'Syndra', 'Tryndamere', 'Viego')",1,0,1
"('Aphelios', 'Braum', 'Gragas', 'Syndra', 'Viego')",0,1,1
"('Elise', 'Irelia', 'Jinx', 'Nautilus', 'Tristana')",1,0,1
"('Jax', 'Lucian', 'Nidalee', 'Rakan', 'Yone')",0,1,1
"('Ashe', ""Bel'Veth"", 'Jhin', 'Qiyana', 'Taliyah')",1,0,1
"('Ashe', 'Fiddlesticks', 'Jayce', 'Varus', 'Viktor')",0,1,1
"('Gragas', 'Rakan', 'Viego', 'Vladimir', 'Zeri')",1,0,1
"('Caitlyn', 'Corki', 'Mordekaiser', 'Taliyah', 'Thresh')",1,0,1
"('Aurelion Sol', ""Rek'Sai"", 'Rell', 'Twisted Fate', ""Vel'Koz"")",1,0,1
"('Hwei', ""Kai'Sa"", 'Ornn', 'Rell', 'Viego')",0,1,1
"('Irelia', 'Lee Sin', 'Orianna', 'Rakan', 'Varus')",1,0,1
"('Ashe', 'Gwen', 'Hwei', 'Lee Sin', 'Thresh')",1,0,1
"('Irelia', ""Kai'Sa"", 'Mordekaiser', 'Rell', 'Viego')",0,1,1
"('Aurelion Sol', 'Neeko', 'Nilah', ""Rek'Sai"", 'Rell')",1,0,1
"('Ashe', 'Camille', 'Jarvan IV', 'Orianna', 'Rell')",1,0,1
"('Ashe', 'Camille', 'Jax', 'Taliyah', 'Twisted Fate')",1,0,1
"('Graves', 'Jayce', ""Kai'Sa"", 'Katarina', 'Nautilus')",0,1,1
"(""Kai'Sa"", 'LeBlanc', 'Lee Sin', 'Nautilus', 'Twisted Fate')",0,1,1
"('Ezreal', 'Sylas', 'Twisted Fate', 'Viego', 'Xerath')",0,1,1
"(""Kog'Maw"", 'Milio', 'Rengar', 'Twisted Fate', 'Viktor')",1,0,1
"('Ashe', 'Camille', 'Jarvan IV', 'Rumble', 'Twisted Fate')",1,0,1
"('Kalista', 'Kennen', 'Rell', 'Sylas', 'Viego')",0,1,1
"('Ashe', 'Poppy', 'Rell', 'Viego', 'Viktor')",0,1,1
"('Camille', 'Karthus', 'Lucian', 'Malzahar', 'Nami')",1,0,1
"('Corki', 'Jayce', 'Nidalee', 'Rell', 'Viktor')",0,1,1
"('Irelia', 'Lee Sin', 'Rell', 'Samira', 'Sylas')",1,0,1
"('Kalista', 'Lee Sin', 'Rell', 'Taliyah', 'Yone')",1,0,1
"('Darius', 'Lux', 'Rell', 'Samira', 'Viego')",0,1,1
"('Ekko', 'Olaf', 'Qiyana', 'Rell', 'Samira')",1,0,1
"('Corki', ""K'Sante"", 'Nidalee', 'Rell', 'Samira')",0,1,1
"('Ashe', 'Irelia', 'Jinx', 'Swain', 'Viego')",0,1,1
"('Azir', 'Dr. Mundo', ""Kha'Zix"", 'Lulu', 'Zeri')",1,0,1
"('Hwei', 'Kalista', 'Poppy', 'Rell', 'Xin Zhao')",0,1,1
"('Jinx', 'Nautilus', 'Nidalee', 'Twisted Fate', 'Vayne')",1,0,1
"('Akali', 'Ashe', ""Bel'Veth"", 'Braum', 'Kennen')",1,0,1
"('Heimerdinger', ""Kai'Sa"", 'Nautilus', 'Rengar', 'Tristana')",0,1,1
"('Akshan', 'Kindred', 'Nautilus', 'Rengar', 'Swain')",0,1,1
"('Gragas', 'Nautilus', 'Rengar', 'Viktor', 'Xayah')",1,0,1
"('Hwei', ""Kai'Sa"", 'Kindred', 'Rengar', 'Seraphine')",0,1,1
"('Jhin', 'Karthus', 'Skarner', 'Viego', 'Yone')",0,1,1
"('Akali', 'Braum', 'Caitlyn', 'Lee Sin', 'Nasus')",0,1,1
"('Gragas', 'Ivern', ""K'Sante"", ""Kai'Sa"", 'Twisted Fate')",1,0,1
"('Aphelios', 'Aurelion Sol', 'Sona', 'Twisted Fate', 'Viego')",1,0,1
"('Akshan', 'Gragas', ""Rek'Sai"", 'Smolder', 'Soraka')",1,0,1
"('Aphelios', 'Graves', 'Neeko', 'Pyke', 'Riven')",1,0,1
"('Ekko', 'Kalista', 'Kayle', 'Kayn', 'Thresh')",1,0,1
"('Ashe', 'Rell', 'Skarner', 'Taliyah', 'Yasuo')",1,0,1
"('Caitlyn', 'Jax', 'Lux', 'Nidalee', 'Tristana')",0,1,1
"('Blitzcrank', 'Jinx', 'Rengar', 'Twisted Fate', 'Vi')",0,1,1
"('Caitlyn', 'Gnar', 'Janna', 'Kindred', 'Taliyah')",1,0,1
"('Ashe', 'Pyke', 'Taliyah', 'Tryndamere', 'Zac')",0,1,1
"('Kalista', 'Neeko', 'Nidalee', 'Sett', 'Talon')",0,1,1
"('Malphite', 'Nautilus', 'Rengar', 'Rumble', 'Varus')",1,0,1
"('Heimerdinger', 'Lee Sin', 'Leona', 'Yone', 'Zeri')",1,0,1
"('Nautilus', 'Rengar', 'Taliyah', 'Yone', 'Zeri')",1,0,1
"('Ashe', 'Heimerdinger', 'Katarina', ""Rek'Sai"", 'Zeri')",0,1,1
"('Corki', 'Graves', 'Leona', 'Twisted Fate', 'Zoe')",1,0,1
"('Darius', 'Heimerdinger', 'Lee Sin', 'Tristana', 'Varus')",0,1,1
"('Fiddlesticks', ""K'Sante"", 'Rengar', 'Rumble', ""Vel'Koz"")",1,0,1
"('Alistar', 'Darius', 'Galio', 'Nidalee', 'Samira')",1,0,1
"('Ekko', ""Kai'Sa"", 'Maokai', 'Skarner', 'Tristana')",0,1,1
"('Jinx', 'Milio', ""Rek'Sai"", 'Tristana', 'Tryndamere')",0,1,1
"('Aphelios', ""K'Sante"", 'Karthus', 'Milio', 'Rengar')",1,0,1
"('Aatrox', 'Hwei', ""Kai'Sa"", 'Maokai', 'Rengar')",0,1,1
"('Gragas', 'Illaoi', 'Jhin', 'Rengar', 'Taliyah')",1,0,1
"('Malphite', 'Neeko', 'Rengar', 'Skarner', 'Varus')",0,1,1
"('Ahri', 'Gragas', 'Rakan', 'Rengar', 'Zeri')",0,1,1
"(""K'Sante"", ""Kai'Sa"", 'Qiyana', 'Rengar', 'Sona')",1,0,1
"('Draven', 'Gwen', 'Nautilus', 'Rengar', 'Zoe')",0,1,1
"(""Kai'Sa"", 'Nautilus', 'Neeko', 'Rengar', 'Sett')",0,1,1
"(""Kai'Sa"", 'Rakan', 'Rengar', 'Taliyah', 'Talon')",1,0,1
"('Ahri', ""Kai'Sa"", 'Rell', 'Sejuani', 'Twisted Fate')",1,0,1
"('Aphelios', 'Braum', 'Cassiopeia', 'Lee Sin', 'Pantheon')",0,1,1
"('Aphelios', 'LeBlanc', 'Nautilus', 'Skarner', 'Xin Zhao')",0,1,1
"('Camille', 'Corki', 'Kalista', 'Karthus', 'Maokai')",0,1,1
"(""Kai'Sa"", 'Lillia', 'Rakan', 'Skarner', 'Tristana')",0,1,1
"('Hwei', 'Jax', 'Pyke', 'Varus', 'Viego')",1,0,1
"('Ashe', 'Corki', 'Heimerdinger', 'LeBlanc', 'Lee Sin')",1,0,1
"('Ashe', 'Azir', 'Nasus', 'Pyke', 'Viego')",1,0,1
"('Akali', 'Kennen', 'Lucian', 'Nami', 'Warwick')",1,0,1
"('Gragas', 'Jayce', 'Karma', 'Taliyah', 'Zeri')",1,0,1
"('Akali', 'Blitzcrank', 'Corki', 'Kindred', 'Ornn')",0,1,1
"('Ashe', 'Braum', 'Gwen', 'Sejuani', 'Tristana')",1,0,1
"('Dr. Mundo', 'Hwei', 'Jinx', 'Nautilus', 'Shaco')",0,1,1
"('Azir', 'Kennen', 'Rakan', 'Shaco', 'Zeri')",1,0,1
"('Camille', 'Hwei', 'Irelia', 'Kindred', 'Varus')",1,0,1
"('Camille', 'Dr. Mundo', 'Kindred', 'Orianna', 'Tristana')",1,0,1
"('Aatrox', 'Kindred', 'Nautilus', 'Nunu & Willump', 'Samira')",1,0,1
"('Akali', 'Lee Sin', 'Rakan', 'Renekton', 'Xayah')",1,0,1
"('Graves', 'Orianna', 'Rakan', 'Shen', 'Sivir')",1,0,1
"('Caitlyn', 'Kennen', 'Nautilus', 'Orianna', 'Viego')",1,0,1
"('Akshan', 'Ashe', 'Jax', 'Lillia', 'Thresh')",1,0,1
"('Ashe', 'Lillia', 'Malphite', 'Rell', 'Tristana')",1,0,1
"('Jhin', 'Orianna', ""Rek'Sai"", 'Shaco', 'Zed')",0,1,1
"('Azir', 'Corki', 'Graves', 'Hwei', 'Skarner')",1,0,1
"(""K'Sante"", 'Karthus', 'Pyke', 'Tristana', 'Zoe')",0,1,1
"('Ashe', 'Corki', ""K'Sante"", 'Nunu & Willump', 'Seraphine')",1,0,1
"('Kled', 'LeBlanc', 'Lulu', 'Skarner', 'Zeri')",1,0,1
"('Ashe', 'Aurelion Sol', ""Bel'Veth"", 'Nautilus', 'Zac')",1,0,1
"(""Cho'Gath"", 'Fiora', ""Kai'Sa"", 'Rammus', 'Tristana')",1,0,1
"('Ashe', 'Braum', 'Hwei', ""Rek'Sai"", 'Twisted Fate')",1,0,1
"('Camille', 'Hwei', 'Lee Sin', 'Rell', 'Tristana')",1,0,1
"('Elise', 'Hwei', ""K'Sante"", 'Senna', 'Tryndamere')",0,1,1
"(""K'Sante"", 'Pyke', 'Qiyana', 'Taliyah', 'Varus')",0,1,1
"('Graves', 'Jinx', 'Lux', 'Rell', 'Yone')",1,0,1
"('Ezreal', 'Gragas', 'Karthus', 'Seraphine', 'Yone')",0,1,1
"('Corki', 'Milio', 'Skarner', 'Yone', 'Zac')",0,1,1
"('Jinx', 'LeBlanc', 'Lee Sin', 'Nautilus', 'Udyr')",0,1,1
"('Aphelios', 'Graves', 'Hwei', 'Kennen', 'Seraphine')",1,0,1
"('Akali', 'Lee Sin', 'Rakan', 'Zed', 'Zeri')",0,1,1
"('Azir', 'Braum', 'Lee Sin', 'Lucian', 'Renekton')",1,0,1
"('Gwen', 'Leona', 'Renekton', 'Tristana', 'Varus')",0,1,1
"('Fiddlesticks', 'Jax', 'Jhin', 'Maokai', 'Yone')",0,1,1
"('Corki', 'Fiddlesticks', 'Gragas', 'Heimerdinger', 'Varus')",0,1,1
"('Nautilus', 'Nidalee', 'Skarner', 'Varus', 'Xerath')",1,0,1
"('Graves', 'Jinx', 'Kennen', 'LeBlanc', 'Rell')",0,1,1
"('Nidalee', 'Rakan', 'Renekton', 'Twitch', 'Viego')",0,1,1
"('Camille', 'Corki', 'Lillia', 'Nautilus', 'Smolder')",0,1,1
"('Aurelion Sol', 'Camille', 'Lucian', 'Olaf', 'Tryndamere')",1,0,1
"('Ahri', 'Jinx', 'Lee Sin', 'Sejuani', 'Thresh')",0,1,1
"('Camille', 'Karma', 'Seraphine', 'Varus', 'Xin Zhao')",1,0,1
"(""Kai'Sa"", 'Kennen', 'Thresh', 'Vex', 'Vi')",1,0,1
"('Kalista', 'Kennen', 'Lee Sin', 'Orianna', 'Taric')",1,0,1
"('Ashe', 'Jhin', 'Kennen', ""Rek'Sai"", 'Rumble')",0,1,1
"('Camille', 'LeBlanc', 'Lee Sin', 'Miss Fortune', 'Nautilus')",0,1,1
"('Ahri', ""Kai'Sa"", 'Kennen', 'Pantheon', 'Pyke')",1,0,1
"('Camille', 'Corki', 'Nidalee', 'Tryndamere', 'Viego')",0,1,1
"('Akshan', 'Ekko', 'Jinx', 'Seraphine', 'Viego')",1,0,1
"('Ashe', 'Camille', 'Kayn', 'LeBlanc', 'Shen')",0,1,1
"('Kalista', 'Pantheon', ""Rek'Sai"", 'Taliyah', 'Twisted Fate')",1,0,1
"('Braum', 'Fiddlesticks', 'Lucian', 'Viego', 'Zoe')",0,1,1
"('Ashe', 'Camille', 'Hwei', 'Jinx', ""Rek'Sai"")",1,0,1
"('Gnar', ""Kai'Sa"", 'Orianna', ""Rek'Sai"", 'Rell')",1,0,1
"('Camille', 'Orianna', 'Sivir', 'Viego', 'Yuumi')",0,1,1
"('Pantheon', 'Rell', 'Samira', 'Taliyah', 'Urgot')",1,0,1
"('Graves', ""Kai'Sa"", 'Pyke', 'Skarner', 'Taliyah')",1,0,1
"('Lulu', 'Taliyah', 'Zed', 'Zeri', 'Zoe')",1,0,1
"('Blitzcrank', ""Kai'Sa"", 'Katarina', 'Orianna', ""Rek'Sai"")",0,1,1
"('Amumu', 'Blitzcrank', 'Caitlyn', 'Hwei', 'Yone')",0,1,1
"('Ashe', 'Maokai', 'Orianna', 'Rumble', 'Viego')",0,1,1
"('Aphelios', 'Ekko', 'Seraphine', 'Viktor', 'Zed')",0,1,1
"('Aphelios', 'Camille', 'Rumble', 'Taliyah', 'Thresh')",1,0,1
"('Ahri', ""Kai'Sa"", 'LeBlanc', 'Lee Sin', 'Swain')",0,1,1
"('Caitlyn', 'Nidalee', 'Pyke', 'Tristana', 'Wukong')",1,0,1
"('Aatrox', 'Aphelios', 'Jayce', 'Taliyah', 'Thresh')",1,0,1
"('Jinx', 'Lillia', 'Pantheon', 'Thresh', 'Zac')",1,0,1
"('Hwei', 'Jinx', 'Maokai', 'Viego', 'Zac')",0,1,1
"('Camille', 'Rakan', 'Tristana', 'Zac', 'Zeri')",1,0,1
"('Jinx', 'Nautilus', 'Sylas', 'Viego', 'Zac')",0,1,1
"('Lillia', 'Thresh', 'Varus', 'Yone', 'Zac')",0,1,1
"('Jinx', ""K'Sante"", 'Kindred', 'Taric', 'Zoe')",0,1,1
"('Aatrox', 'Annie', 'Ashe', 'Thresh', 'Xin Zhao')",1,0,1
"('Aatrox', 'Caitlyn', 'Lux', 'Taliyah', 'Twisted Fate')",0,1,1
"('Galio', ""Kai'Sa"", 'Kindred', 'Nautilus', 'Shen')",1,0,1
"('Bard', 'Caitlyn', 'Lee Sin', 'Neeko', 'Twisted Fate')",0,1,1
"('Ahri', 'Jinx', 'Skarner', 'Taric', 'Viego')",1,0,1
"('Aurelion Sol', 'Jhin', 'Singed', 'Viego', 'Zyra')",1,0,1
"('Alistar', 'Ashe', ""K'Sante"", 'Taliyah', 'Tristana')",1,0,1
"('Ahri', 'Graves', 'Jinx', 'Rell', 'Shen')",0,1,1
"('Akali', 'Jinx', 'Nunu & Willump', 'Senna', 'Zeri')",0,1,1
"('Akali', 'Irelia', 'Master Yi', 'Pyke', 'Ziggs')",1,0,1
"('Ashe', 'Camille', 'Lee Sin', 'Neeko', 'Senna')",1,0,1
"('Jax', 'Nidalee', 'Senna', 'Yone', 'Zeri')",0,1,1
"(""K'Sante"", 'Neeko', 'Sylas', 'Varus', 'Yone')",1,0,1
"('Bard', 'Hwei', 'Jinx', 'Skarner', 'Viego')",1,0,1
"('Akali', 'Rell', 'Rumble', 'Varus', 'Viego')",0,1,1
"('Corki', 'Ivern', 'Singed', 'Taric', 'Yone')",0,1,1
"('Aphelios', 'Renekton', 'Seraphine', 'Taliyah', 'Tristana')",0,1,1
"('Galio', 'Hecarim', ""Kai'Sa"", 'Rumble', 'Thresh')",0,1,1
"('Ashe', 'Azir', 'Elise', 'Jax', 'Rakan')",1,0,1
"('Hwei', 'Jinx', ""Kha'Zix"", 'Thresh', 'Udyr')",0,1,1
"('Jinx', 'Lillia', 'Rengar', 'Thresh', 'Tristana')",0,1,1
"('Ahri', 'Ashe', 'Jax', 'Nocturne', 'Xerath')",0,1,1
"('Anivia', 'Jinx', 'Nunu & Willump', 'Senna', 'Warwick')",0,1,1
"('Gragas', 'Irelia', 'Karthus', 'Ornn', 'Senna')",0,1,1
"('Irelia', 'Jinx', 'Lee Sin', 'Mordekaiser', 'Soraka')",1,0,1
"('Aurelion Sol', ""Bel'Veth"", 'Nocturne', 'Senna', 'Varus')",0,1,1
"('Brand', 'Corki', 'Jinx', 'Katarina', 'Senna')",0,1,1
"('Corki', 'Irelia', 'Poppy', 'Sejuani', 'Senna')",1,0,1
"('Ashe', 'Lillia', 'Senna', 'Skarner', 'Syndra')",0,1,1
"('Gragas', 'Kennen', 'Nautilus', 'Senna', 'Yasuo')",1,0,1
"('Azir', 'Corki', 'Jax', 'Malphite', 'Thresh')",0,1,1
"('Graves', 'Kalista', 'Rumble', 'Soraka', 'Talon')",1,0,1
"('Ashe', 'Janna', ""Rek'Sai"", 'Twisted Fate', 'Vex')",0,1,1
"('Jax', 'Jinx', 'Nautilus', 'Neeko', 'Viego')",1,0,1
"('Gragas', 'Hwei', 'Kindred', 'Nilah', 'Senna')",1,0,1
"('Alistar', 'Corki', 'Sett', 'Taliyah', 'Zed')",1,0,1
"('Corki', 'Nidalee', 'Seraphine', 'Tristana', 'Tryndamere')",1,0,1
"('Corki', 'Poppy', 'Thresh', 'Viego', 'Zoe')",0,1,1
"('Caitlyn', 'Fiora', 'Gragas', 'Senna', 'Yasuo')",0,1,1
"('Corki', 'Graves', 'Neeko', 'Senna', 'Varus')",1,0,1
"('Ahri', 'Heimerdinger', 'Jhin', ""Kha'Zix"", 'Skarner')",1,0,1
"('Caitlyn', ""Kha'Zix"", 'Senna', 'Syndra', 'Twisted Fate')",1,0,1
"('Ashe', 'Evelynn', 'Jayce', 'Nocturne', 'Seraphine')",0,1,1
"('Akali', 'Elise', 'Jinx', 'Thresh', 'Volibear')",1,0,1
"('Darius', 'Jhin', 'Nidalee', 'Shaco', 'Tristana')",1,0,1
"('Camille', 'Ekko', 'Hecarim', 'Jinx', 'Thresh')",1,0,1
"('Camille', 'Corki', 'Ekko', 'Graves', 'Thresh')",0,1,1
"('Ekko', 'Jax', 'Jhin', 'Karma', 'Kindred')",1,0,1
"('Ekko', 'Graves', 'Jax', ""Kai'Sa"", 'Nautilus')",0,1,1
"('Ekko', 'Jhin', ""Kha'Zix"", 'Rell', 'Skarner')",0,1,1
"('Ekko', 'Irelia', 'Senna', 'Skarner', 'Varus')",0,1,1
"('Ekko', 'Kindred', 'Renekton', 'Thresh', 'Varus')",1,0,1
"('Ashe', 'Ekko', 'Qiyana', 'Rammus', 'Varus')",0,1,1
"('Ekko', ""K'Sante"", 'Kindred', 'Rakan', 'Sivir')",0,1,1
"('Akali', ""Kai'Sa"", 'Nautilus', 'Rumble', 'Viego')",1,0,1
"('Ekko', 'Galio', 'Lee Sin', 'Samira', 'Varus')",0,1,1
"('Ekko', 'Jax', ""Kai'Sa"", 'Lee Sin', 'Nautilus')",0,1,1
"('Ashe', 'Ekko', 'Jayce', 'Rumble', 'Xin Zhao')",0,1,1
"('Amumu', 'Ekko', 'Gwen', 'Jinx', 'Soraka')",1,0,1
"('Ekko', 'Kalista', 'Nautilus', 'Viego', 'Yone')",1,0,1
"('Ekko', 'Jhin', 'Kindred', 'Leona', 'Teemo')",1,0,1
"('Ekko', 'Pyke', 'Taliyah', 'Tryndamere', 'Varus')",0,1,1
"('Graves', 'Hwei', 'Rakan', 'Renekton', 'Smolder')",0,1,1
"(""K'Sante"", 'Lissandra', 'Nautilus', 'Nidalee', 'Senna')",0,1,1
"('Jayce', ""Kai'Sa"", 'Lissandra', 'Nautilus', 'Nidalee')",0,1,1
"('Akali', 'Leona', 'Samira', 'Sylas', 'Viego')",1,0,1
"('Alistar', 'Graves', 'Hwei', 'Teemo', 'Zeri')",1,0,1
"('Ashe', 'Lulu', 'Nidalee', 'Taliyah', 'Tryndamere')",1,0,1
"('Ashe', 'Heimerdinger', 'Hwei', 'Nocturne', 'Pyke')",1,0,1
"('Corki', 'Galio', 'Hwei', 'Jayce', 'Lee Sin')",1,0,1
"('Gangplank', 'Graves', 'Rell', 'Smolder', 'Sylas')",1,0,1
"('Akali', 'Ezreal', 'Nautilus', 'Nidalee', 'Riven')",0,1,1
"('Jax', ""Kai'Sa"", 'LeBlanc', 'Nautilus', 'Vayne')",0,1,1
"('Hwei', 'Irelia', ""Kai'Sa"", 'Kindred', 'Thresh')",1,0,1
"('Gragas', 'Jax', ""Kai'Sa"", 'Rell', 'Yasuo')",0,1,1
"('Hwei', 'Kayn', 'Malphite', 'Thresh', 'Xayah')",0,1,1
"('Irelia', 'Jayce', 'Nidalee', 'Rell', 'Varus')",1,0,1
"('Graves', 'LeBlanc', 'Leona', 'Renekton', 'Varus')",0,1,1
"('Jinx', ""K'Sante"", 'Lulu', 'Nidalee', 'Tristana')",1,0,1
"(""Kai'Sa"", 'Malphite', 'Nautilus', 'Taliyah', 'Tristana')",1,0,1
"('Ekko', 'Ezreal', ""K'Sante"", 'Pyke', 'Twisted Fate')",1,0,1
"('Azir', 'Braum', 'Corki', 'Kindred', 'Rumble')",1,0,1
"('Akali', 'Ashe', 'Poppy', ""Rek'Sai"", 'Senna')",1,0,1
"('Galio', 'Jhin', 'Rumble', 'Senna', 'Viego')",1,0,1
"('Galio', 'Kennen', 'Lee Sin', 'Senna', 'Varus')",0,1,1
"('Alistar', 'Aurelion Sol', 'Jhin', 'Kled', 'Qiyana')",1,0,1
"('Lillia', 'Nautilus', 'Tristana', 'Tryndamere', 'Varus')",1,0,1
"('Ahri', 'Braum', ""Rek'Sai"", 'Sivir', 'Twisted Fate')",1,0,1
"('Lillia', 'Riven', 'Twisted Fate', 'Varus', 'Zilean')",1,0,1
"('Jayce', 'Orianna', 'Seraphine', 'Sivir', 'Skarner')",1,0,1
"('Irelia', 'Kalista', 'Nautilus', 'Nidalee', 'Talon')",1,0,1
"('Ahri', 'Illaoi', 'Leona', 'Sivir', 'Viego')",0,1,1
"('Aatrox', 'Kalista', 'Nautilus', 'Sett', 'Taliyah')",0,1,1
"('Brand', 'Darius', 'Kalista', 'Karma', 'Tristana')",1,0,1
"('Graves', 'Hwei', 'Jinx', 'Nautilus', 'Tryndamere')",0,1,1
"('Fiora', 'Jhin', 'Viego', 'Viktor', 'Zoe')",1,0,1
"('Akshan', 'Aurelion Sol', 'Jhin', 'Neeko', 'Nidalee')",1,0,1
"('Maokai', 'Seraphine', 'Sivir', 'Tristana', 'Twisted Fate')",0,1,1
"(""K'Sante"", 'Lulu', 'Sivir', 'Taliyah', 'Viego')",0,1,1
"('Blitzcrank', 'Gnar', 'Jhin', 'Karthus', 'Tristana')",0,1,1
"('Draven', 'Nidalee', 'Quinn', 'Sylas', 'Thresh')",1,0,1
"('Ashe', 'Graves', 'Hwei', 'Lux', 'Tryndamere')",1,0,1
"('Anivia', 'Graves', 'Kindred', 'Neeko', 'Rell')",1,0,1
"('Ahri', 'Lee Sin', 'Rakan', 'Varus', 'Volibear')",0,1,1
"('Caitlyn', 'LeBlanc', 'Lee Sin', 'Rumble', 'Thresh')",0,1,1
"('Akali', 'Caitlyn', 'Morgana', 'Nidalee', 'Tristana')",1,0,1
"('Ahri', 'Aphelios', 'Garen', 'Lee Sin', 'Thresh')",0,1,1
"('Braum', 'Jayce', ""K'Sante"", 'Sejuani', 'Twitch')",0,1,1
"('Ezreal', 'Master Yi', 'Pyke', 'Taliyah', 'Warwick')",0,1,1
"('Caitlyn', 'Jayce', 'Kennen', 'Lee Sin', 'Thresh')",0,1,1
"('Ahri', 'Caitlyn', 'Janna', 'Kindred', 'Skarner')",1,0,1
"('Braum', 'Jayce', ""Kog'Maw"", 'Olaf', 'Zac')",1,0,1
"('Alistar', 'Caitlyn', 'Jax', 'Shaco', 'Taliyah')",1,0,1
"('Gwen', 'Jayce', 'Nidalee', 'Pyke', 'Samira')",1,0,1
"('Aatrox', 'Fiddlesticks', 'Jayce', ""Kog'Maw"", 'Shen')",0,1,1
"('Pantheon', 'Riven', 'Rumble', 'Soraka', 'Varus')",1,0,1
"('Ahri', 'Poppy', ""Rek'Sai"", 'Soraka', 'Varus')",0,1,1
"('Aatrox', ""Bel'Veth"", 'Gwen', 'Taric', 'Varus')",0,1,1
"('Akali', 'Lee Sin', 'Nautilus', 'Twisted Fate', 'Varus')",1,0,1
"('Braum', 'Camille', 'Taliyah', 'Varus', 'Viego')",1,0,1
"('Gragas', 'Lillia', 'Nautilus', 'Varus', 'Yone')",1,0,1
"('Braum', 'Jax', 'Nidalee', 'Varus', 'Xerath')",1,0,1
"('Kalista', 'Nidalee', 'Rakan', 'Renekton', 'Tristana')",0,1,1
"('Caitlyn', 'Jax', 'Karma', 'Kindred', 'Lissandra')",0,1,1
"('Camille', 'Jhin', 'Orianna', 'Senna', 'Viego')",0,1,1
"('Annie', 'Kindred', 'Malphite', 'Senna', 'Smolder')",0,1,1
"('Hwei', ""Kog'Maw"", 'Lulu', 'Talon', 'Twisted Fate')",1,0,1
"('Corki', 'Irelia', 'Nidalee', 'Rell', 'Twisted Fate')",0,1,1
"('Draven', 'Hwei', 'Jhin', 'Nidalee', 'Senna')",0,1,1
"('Aurelion Sol', 'Corki', 'Jayce', 'Rell', 'Skarner')",0,1,1
"('Ahri', 'Ashe', 'Corki', 'Lee Sin', 'Nasus')",0,1,1
"('Akali', 'Hwei', ""Kai'Sa"", 'Lee Sin', 'Senna')",1,0,1
"('Annie', 'Ezreal', 'Lee Sin', 'Renekton', 'Senna')",0,1,1
"('Ashe', 'LeBlanc', 'Skarner', 'Thresh', 'Viego')",0,1,1
"('Camille', 'Galio', 'Nidalee', 'Skarner', 'Twitch')",1,0,1
"('Karthus', 'Nautilus', 'Renekton', 'Senna', 'Yone')",1,0,1
"('Graves', 'Hwei', 'Lucian', 'Senna', 'Vayne')",0,1,1
"('Aatrox', 'Corki', 'LeBlanc', 'Nautilus', 'Nidalee')",1,0,1
"('Lucian', 'Malphite', 'Olaf', 'Senna', 'Syndra')",1,0,1
"('Ashe', 'Galio', 'Irelia', 'Senna', 'Viego')",1,0,1
"('Jhin', 'Nidalee', 'Tristana', 'Twisted Fate', 'Zilean')",0,1,1
"('Malphite', 'Nautilus', 'Qiyana', 'Senna', 'Sylas')",1,0,1
"('Elise', ""Kai'Sa"", 'Seraphine', 'Tristana', 'Viego')",1,0,1
"('Camille', 'Galio', 'Gnar', ""Kai'Sa"", 'Taliyah')",1,0,1
"('Jhin', 'Nautilus', 'Taliyah', 'Tristana', 'Zyra')",1,0,1
"('Hwei', 'Jhin', 'Lee Sin', 'Rell', 'Rumble')",0,1,1
"('Camille', 'Jhin', 'Nidalee', 'Rakan', 'Tristana')",1,0,1
"('Azir', 'Graves', 'Heimerdinger', 'Kalista', 'Pyke')",0,1,1
"('Kindred', 'Rakan', 'Skarner', 'Twitch', 'Vex')",0,1,1
"('Hwei', 'Jhin', 'Nautilus', 'Nidalee', 'Skarner')",0,1,1
"('Azir', 'Bard', 'Caitlyn', 'Graves', ""K'Sante"")",1,0,1
"('Dr. Mundo', 'Janna', 'Jinx', 'Katarina', 'Xin Zhao')",0,1,1
"('Akshan', ""Kai'Sa"", 'Lillia', 'Nautilus', 'Skarner')",1,0,1
"('Katarina', 'Lee Sin', 'Senna', 'Skarner', 'Zeri')",1,0,1
"('Irelia', 'Kalista', 'Lillia', 'Qiyana', 'Seraphine')",1,0,1
"('Gnar', 'Jhin', 'Rumble', 'Taliyah', 'Tristana')",1,0,1
"(""Kai'Sa"", 'Karthus', 'Leona', 'Skarner', 'Viego')",0,1,1
"('Aurelion Sol', 'Kalista', 'Lee Sin', 'Thresh', 'Udyr')",1,0,1
"('Blitzcrank', 'Camille', ""Kai'Sa"", 'Sylas', 'Viktor')",1,0,1
"('Camille', 'Corki', 'Karthus', 'Pyke', 'Yone')",1,0,1
"('Hwei', 'Jarvan IV', ""Kog'Maw"", 'Rakan', 'Zac')",0,1,1
"('Jarvan IV', ""Kai'Sa"", 'Lissandra', 'Nautilus', 'Udyr')",0,1,1
"('Camille', 'Cassiopeia', 'Corki', 'Jax', 'Varus')",1,0,1
"('Corki', 'Nidalee', 'Rumble', 'Skarner', 'Yone')",0,1,1
"('Karthus', 'Lucian', 'Thresh', 'Urgot', 'Viego')",0,1,1
"('Akshan', 'Ashe', 'Braum', 'Cassiopeia', 'Lee Sin')",1,0,1
"('Aatrox', 'Kindred', 'Lucian', 'Nami', 'Orianna')",1,0,1
"('Alistar', 'Gnar', 'Hwei', 'Lee Sin', 'Varus')",1,0,1
"('Akshan', 'Camille', ""Kai'Sa"", 'Nidalee', 'Rakan')",1,0,1
"('Aphelios', 'Blitzcrank', 'Ekko', ""K'Sante"", 'Tristana')",1,0,1
"('Cassiopeia', 'Jayce', 'Nautilus', 'Veigar', 'Xin Zhao')",0,1,1
"('Lucian', 'Nami', 'Taliyah', 'Yone', 'Zac')",0,1,1
"('Lillia', 'Qiyana', 'Rakan', 'Varus', 'Viego')",0,1,1
"('Aphelios', 'Ashe', 'Gragas', 'Tahm Kench', 'Zed')",1,0,1
"('Aphelios', 'Karthus', 'Kled', 'Lulu', 'Yasuo')",0,1,1
"('Aphelios', 'Camille', 'Janna', 'Kindred', 'Zoe')",0,1,1
"('Aphelios', ""K'Sante"", 'Katarina', 'Nidalee', 'Pyke')",0,1,1
"('Ashe', 'Camille', 'Jhin', 'Lissandra', 'Nidalee')",0,1,1
"('Ashe', 'Dr. Mundo', 'Jayce', 'Orianna', 'Zac')",1,0,1
"('Fiora', 'Graves', 'Hwei', 'Nautilus', 'Varus')",1,0,1
"('Jhin', 'Skarner', 'Taliyah', 'Xin Zhao', 'Zoe')",0,1,1
"('Ahri', ""Bel'Veth"", ""Kai'Sa"", 'Lee Sin', 'Rell')",0,1,1
"('Ashe', 'Twisted Fate', 'Varus', 'Viego', 'Zoe')",1,0,1
"('Kindred', 'Lucian', 'Neeko', 'Rakan', 'Varus')",1,0,1
"('Dr. Mundo', ""Kog'Maw"", 'Rakan', ""Vel'Koz"", 'Viego')",1,0,1
"('Aatrox', 'Ahri', 'Nidalee', 'Senna', 'Swain')",0,1,1
"(""K'Sante"", 'Nidalee', 'Thresh', 'Twisted Fate', 'Xayah')",1,0,1
"('Jayce', ""Kai'Sa"", 'Karthus', 'Shaco', 'Tristana')",0,1,1
"('Camille', 'Jhin', 'Lee Sin', 'Rell', 'Yasuo')",1,0,1
"('Braum', 'Fiddlesticks', 'Jinx', 'Renekton', 'Twisted Fate')",1,0,1
"('Akshan', 'Lillia', 'Lucian', 'Nami', 'Twisted Fate')",0,1,1
"('Akali', 'Cassiopeia', ""Cho'Gath"", 'Graves', 'Senna')",1,0,1
"('Ashe', 'Caitlyn', 'LeBlanc', 'Rumble', 'Viego')",1,0,1
"('Akali', 'Gragas', 'Skarner', 'Viego', 'Zeri')",1,0,1
"('Corki', 'Fiora', 'Hwei', 'Taliyah', 'Yone')",0,1,1
"('Camille', 'Graves', 'Hwei', ""Kai'Sa"", 'Pyke')",1,0,1
"('Alistar', 'Ezreal', 'Hwei', 'Kennen', 'Skarner')",1,0,1
"('Aphelios', 'Graves', 'Kennen', 'Lulu', 'Yone')",1,0,1
"('Akali', 'Ivern', 'Rell', 'Tristana', 'Zeri')",0,1,1
"('Corki', 'Gragas', 'Jinx', 'Thresh', 'Yasuo')",0,1,1
"('Camille', 'Qiyana', 'Rell', 'Sivir', 'Taliyah')",1,0,1
"('Camille', 'Heimerdinger', 'Ivern', 'Jhin', 'Zed')",0,1,1
"('Dr. Mundo', 'Neeko', 'Senna', 'Varus', 'Volibear')",0,1,1
"('Hwei', 'Jayce', ""Kai'Sa"", 'Viego', 'Zoe')",1,0,1
"('Camille', 'Nautilus', 'Nidalee', 'Samira', 'Tristana')",0,1,1
"('Camille', 'Ezreal', 'Gragas', 'Hwei', ""K'Sante"")",0,1,1
"(""Kai'Sa"", 'Rell', 'Teemo', 'Zac', 'Zed')",0,1,1
"('Garen', 'Graves', 'Varus', 'Volibear', 'Zoe')",0,1,1
"('Jinx', 'Nautilus', 'Nidalee', 'Renekton', 'Zac')",1,0,1
"('Kennen', 'Rell', 'Viego', 'Zac', 'Zeri')",1,0,1
"(""Bel'Veth"", 'Jhin', 'Rakan', 'Riven', 'Zac')",0,1,1
"('Ashe', 'Malphite', 'Skarner', 'Viego', 'Zac')",1,0,1
"('Heimerdinger', 'Jinx', ""K'Sante"", 'Sett', 'Viego')",1,0,1
"(""Bel'Veth"", 'Blitzcrank', 'Jayce', 'Lucian', 'Zac')",0,1,1
"('Irelia', ""Kai'Sa"", 'Nautilus', 'Rumble', 'Zac')",1,0,1
"('Draven', 'Garen', 'Karthus', 'Soraka', 'Twisted Fate')",1,0,1
"('Darius', 'Miss Fortune', 'Rakan', 'Volibear', 'Zac')",0,1,1
"('Aurelion Sol', 'Galio', 'Gnar', 'Varus', 'Zac')",0,1,1
"('Camille', ""K'Sante"", 'Kalista', 'Nidalee', 'Zac')",1,0,1
"('Hecarim', 'Ornn', 'Seraphine', 'Sivir', 'Zac')",1,0,1
"('Braum', 'Lucian', 'Rumble', 'Tristana', 'Zac')",0,1,1
"(""K'Sante"", ""Kai'Sa"", ""Kha'Zix"", 'Pyke', 'Zac')",1,0,1
"('Cassiopeia', 'Ezreal', 'Nami', 'Vayne', 'Zac')",0,1,1
"('Lillia', 'Lucian', 'Nami', 'Skarner', 'Zac')",1,0,1
"(""Rek'Sai"", 'Varus', 'Yone', 'Zac', 'Zyra')",1,0,1
"('Akshan', 'Lillia', 'Senna', 'Skarner', 'Varus')",0,1,1
"('Braum', 'Camille', ""Kai'Sa"", 'Sylas', 'Zac')",1,0,1
"('Camille', 'Jax', 'LeBlanc', 'Lee Sin', 'Lucian')",1,0,1
"('Ahri', 'Graves', 'Thresh', 'Twisted Fate', 'Varus')",0,1,1
"('Corki', 'Hwei', 'Kayn', 'Thresh', 'Twisted Fate')",1,0,1
"(""Kai'Sa"", 'Pyke', 'Ryze', 'Taliyah', 'Zed')",1,0,1
"('Hwei', 'Jinx', 'Lillia', 'Nautilus', 'Vayne')",0,1,1
"('Ashe', 'Fiora', 'Hwei', 'Soraka', 'Zac')",1,0,1
"('Jhin', 'Sylas', 'Thresh', 'Vayne', 'Zac')",1,0,1
"('Blitzcrank', 'Jinx', 'Orianna', 'Rumble', 'Zac')",1,0,1
"('Kayn', 'Nautilus', 'Tristana', 'Tryndamere', 'Zac')",1,0,1
"('Dr. Mundo', 'Neeko', 'Tristana', 'Zac', 'Zed')",1,0,1
"('Jinx', 'Pantheon', 'Twisted Fate', 'Viego', 'Zac')",1,0,1
"('Brand', 'Jinx', 'Poppy', 'Rakan', 'Zac')",1,0,1
"('Fiora', 'Hwei', 'Lillia', 'Rakan', 'Xayah')",1,0,1
"('Camille', ""Kai'Sa"", 'Kassadin', 'Taliyah', 'Zac')",1,0,1
"('Braum', 'Corki', 'Taliyah', 'Warwick', 'Zac')",1,0,1
"('Braum', 'Nocturne', 'Tristana', 'Warwick', 'Zac')",1,0,1
"('Akshan', 'Jhin', 'Olaf', 'Senna', 'Taliyah')",1,0,1
"('Alistar', 'Gragas', 'Hwei', 'Lee Sin', 'Yasuo')",0,1,1
"('Aphelios', 'Azir', 'Gragas', ""Rek'Sai"", 'Thresh')",1,0,1
"('Nidalee', 'Skarner', 'Thresh', 'Tristana', 'Twisted Fate')",0,1,1
"('Lee Sin', 'Nautilus', 'Rumble', 'Senna', 'Viego')",0,1,1
"('Ashe', 'Kennen', 'Lee Sin', 'Smolder', 'Yasuo')",1,0,1
"('Azir', 'Nautilus', 'Senna', 'Skarner', 'Viego')",0,1,1
"('Akali', 'Ashe', 'Blitzcrank', 'Nasus', 'Viego')",1,0,1
"('Ashe', 'Braum', 'Lillia', 'Renekton', 'Yone')",0,1,1
"('Heimerdinger', 'Hwei', 'Kindred', 'Skarner', 'Tristana')",1,0,1
"('Alistar', 'Camille', 'Karthus', 'Viego', 'Zeri')",0,1,1
"('Lee Sin', 'Lillia', 'Rakan', 'Tristana', 'Xayah')",1,0,1
"('Hwei', ""Kog'Maw"", 'Lee Sin', 'Lulu', 'Poppy')",0,1,1
"('Lillia', 'Rell', 'Skarner', 'Tristana', 'Xayah')",0,1,1
"('Blitzcrank', 'Corki', 'Draven', 'Poppy', 'Taliyah')",0,1,1
"('Evelynn', 'Jinx', 'Pantheon', 'Seraphine', 'Tristana')",0,1,1
"('Akali', 'Hecarim', 'Mordekaiser', 'Neeko', 'Varus')",0,1,1
"('Corki', 'Draven', 'Lillia', 'Pyke', 'Yasuo')",0,1,1
"('Ashe', 'Jax', 'Nidalee', 'Soraka', 'Tristana')",1,0,1
"(""Kai'Sa"", 'Karthus', 'Pyke', 'Ryze', 'Tristana')",1,0,1
"('Cassiopeia', 'Seraphine', 'Sivir', 'Tristana', 'Warwick')",1,0,1
"('Ashe', 'Gwen', 'Irelia', 'Kalista', 'Ornn')",1,0,1
"('Alistar', 'Lillia', 'Ornn', 'Swain', 'Yone')",1,0,1
"('Alistar', 'Camille', 'Hwei', ""Kai'Sa"", 'Lee Sin')",1,0,1
"('Ekko', 'Kalista', 'Nautilus', 'Rumble', 'Xin Zhao')",1,0,1
"('Camille', 'Corki', 'Hwei', 'Rell', 'Viego')",1,0,1
"('Nautilus', 'Nilah', 'Skarner', 'Taliyah', 'Yasuo')",1,0,1
"('Corki', 'Nautilus', 'Renekton', 'Taliyah', 'Twisted Fate')",1,0,1
"('Bard', 'Caitlyn', 'Karthus', 'Renekton', 'Talon')",1,0,1
"('Corki', 'Nautilus', 'Qiyana', 'Rengar', 'Rumble')",0,1,1
"('Jinx', 'Karthus', 'Qiyana', 'Thresh', 'Vladimir')",0,1,1
"('Akshan', 'Aphelios', 'Gwen', 'Lillia', 'Nautilus')",1,0,1
"('Bard', 'LeBlanc', 'Lee Sin', 'Riven', 'Twitch')",1,0,1
"('Darius', 'Draven', 'Elise', 'Thresh', 'Zed')",0,1,1
"('Alistar', 'Jinx', 'Renekton', 'Taliyah', 'Yone')",1,0,1
"('Diana', 'Nautilus', 'Skarner', 'Viego', 'Xayah')",0,1,1
"('Kalista', 'Kennen', 'Pantheon', 'Renata Glasc', 'Yone')",1,0,1
"('Jax', 'Rumble', 'Syndra', 'Varus', 'Viego')",0,1,1
"('Akali', 'Blitzcrank', 'Corki', 'Graves', 'Viego')",1,0,1
"('Ahri', 'Camille', ""Kai'Sa"", 'Skarner', 'Xin Zhao')",0,1,1
"('Aatrox', ""Bel'Veth"", 'Hwei', 'Poppy', 'Varus')",0,1,1
"('Akali', 'Blitzcrank', 'Jinx', 'Rumble', 'Warwick')",1,0,1
"('Ashe', 'Irelia', 'Seraphine', 'Sylas', 'Tristana')",0,1,1
"('Ashe', 'Braum', 'Gwen', 'Tristana', 'Viego')",0,1,1
"('Gragas', 'Rakan', 'Sivir', 'Tristana', 'Viego')",0,1,1
"(""Kai'Sa"", 'Malphite', 'Orianna', 'Rakan', 'Shaco')",0,1,1
"('Ashe', 'Gragas', 'Lulu', 'Olaf', 'Tristana')",1,0,1
"('Aatrox', 'Lillia', 'Seraphine', ""Vel'Koz"", 'Zeri')",1,0,1
"('Alistar', 'Jayce', ""Kai'Sa"", 'Lillia', 'Zac')",0,1,1
"('Jinx', 'Rumble', 'Thresh', 'Tristana', 'Wukong')",0,1,1
"('Braum', 'Gnar', 'Jhin', 'Karthus', 'Tristana')",0,1,1
"('Ashe', 'Corki', 'Nidalee', 'Shen', 'Zac')",1,0,1
"(""Kai'Sa"", 'Kennen', 'Nautilus', 'Tristana', 'Vi')",1,0,1
"('Jinx', 'Katarina', 'Lillia', 'Olaf', 'Thresh')",1,0,1
"('Akali', 'Braum', 'Corki', 'Urgot', 'Xin Zhao')",1,0,1
"('Ashe', 'Karthus', 'Mordekaiser', 'Pyke', 'Tristana')",1,0,1
"('Kennen', 'LeBlanc', 'Lee Sin', 'Rell', 'Tristana')",1,0,1
"('Fiddlesticks', ""K'Sante"", ""Kai'Sa"", 'Tristana', 'Zac')",1,0,1
"('LeBlanc', 'Rakan', ""Rek'Sai"", 'Twisted Fate', 'Zeri')",0,1,1
"('Cassiopeia', 'Neeko', 'Tristana', 'Viego', 'Zeri')",0,1,1
"('Jhin', 'Rammus', 'Senna', 'Skarner', 'Tristana')",1,0,1
"('Dr. Mundo', 'Rell', 'Rumble', 'Smolder', 'Tristana')",1,0,1
"('Alistar', 'Ashe', 'Kennen', ""Rek'Sai"", 'Tristana')",1,0,1
"('Fiora', 'Karma', 'Orianna', 'Rengar', 'Varus')",1,0,1
"('Alistar', 'Aurelion Sol', 'Corki', 'Nunu & Willump', 'Vayne')",1,0,1
"('Jayce', 'Sivir', 'Viego', 'Viktor', 'Zoe')",1,0,1
"('Akali', 'Ezreal', 'Lillia', 'Seraphine', 'Yone')",1,0,1
"('Hwei', ""Kai'Sa"", 'Renekton', 'Taliyah', 'Tristana')",1,0,1
"('Heimerdinger', 'Pyke', 'Shen', 'Tristana', 'Viego')",0,1,1
"('Camille', 'Elise', 'Kalista', 'Shen', 'Tristana')",1,0,1
"('Aphelios', 'Diana', 'Nautilus', 'Quinn', 'Tristana')",1,0,1
"('Blitzcrank', 'Karthus', 'Lucian', 'Singed', 'Tristana')",1,0,1
"('Ekko', 'Nautilus', 'Tristana', 'Twisted Fate', 'Varus')",1,0,1
"('Ekko', 'Lulu', 'Rumble', 'Tristana', 'Zeri')",1,0,1
"('Ekko', 'Leona', 'Quinn', 'Tristana', 'Twisted Fate')",0,1,1
"('Ivern', 'Lucian', 'Nami', 'Tristana', 'Twisted Fate')",1,0,1
"('Gnar', 'Jinx', 'Thresh', 'Yasuo', 'Zac')",0,1,1
"('Aatrox', 'Camille', 'Graves', 'Tristana', 'Ziggs')",1,0,1
"('Lillia', 'Rell', 'Renekton', 'Tristana', 'Xayah')",0,1,1
"('Malphite', 'Nautilus', 'Samira', 'Taliyah', 'Tristana')",1,0,1
"('Braum', 'Camille', 'LeBlanc', 'Varus', 'Viego')",0,1,1
"('Ashe', 'Braum', 'Karthus', 'Renekton', 'Zac')",1,0,1
"('Brand', 'Jax', 'Jinx', 'Rell', 'Zac')",1,0,1
"('Aatrox', 'Nautilus', 'Varus', 'Viego', 'Zac')",0,1,1
"('Jinx', 'Lee Sin', 'Nautilus', 'Skarner', 'Zac')",1,0,1
"('Ashe', 'Irelia', 'Lee Sin', 'Seraphine', 'Syndra')",1,0,1
"('Alistar', 'Ashe', 'Gragas', 'Hwei', 'Shaco')",0,1,1
"('Gragas', 'Nautilus', 'Shaco', 'Taliyah', 'Zeri')",0,1,1
"('Brand', 'Draven', 'Kennen', 'Nautilus', 'Yone')",1,0,1
"('Irelia', 'Rell', 'Samira', 'Skarner', 'Taliyah')",1,0,1
"('Akali', 'Corki', 'Graves', 'Jax', 'Nautilus')",1,0,1
"('Jax', 'Jayce', 'Jinx', 'Nidalee', 'Thresh')",1,0,1
"('Graves', 'Nautilus', 'Renekton', 'Samira', 'Twisted Fate')",1,0,1
"('Renekton', 'Seraphine', 'Twisted Fate', 'Viego', 'Zeri')",1,0,1
"('Corki', 'Jinx', 'Master Yi', 'Renekton', 'Thresh')",0,1,1
"('Corki', ""Kai'Sa"", 'Skarner', 'Twisted Fate', 'Xin Zhao')",1,0,1
"('Ezreal', 'Hwei', ""Rek'Sai"", 'Skarner', 'Zyra')",1,0,1
"('Camille', 'Hwei', 'Nilah', 'Rakan', 'Vi')",1,0,1
"('Aatrox', 'Corki', 'Diana', 'Jhin', 'Nautilus')",1,0,1
"('Nidalee', 'Renekton', 'Thresh', 'Tristana', 'Zeri')",1,0,1
"('Corki', 'Darius', 'Lee Sin', 'Rell', 'Samira')",1,0,1
"('Skarner', 'Taliyah', 'Thresh', 'Tristana', 'Yasuo')",0,1,1
"('Blitzcrank', 'Irelia', ""Kai'Sa"", 'Olaf', 'Taliyah')",1,0,1
"(""K'Sante"", ""Kai'Sa"", 'Nautilus', 'Nidalee', 'Qiyana')",0,1,1
"('Gragas', 'Irelia', 'Lillia', 'Lulu', 'Zeri')",0,1,1
"('Cassiopeia', 'Jhin', ""Rek'Sai"", 'Rell', 'Twisted Fate')",0,1,1
"('Aurelion Sol', 'Jayce', 'Lee Sin', 'Nautilus', 'Samira')",0,1,1
"('Blitzcrank', 'Jinx', 'Karthus', 'Kled', 'Tristana')",0,1,1
"('Draven', 'Jinx', 'Kindred', 'Mordekaiser', 'Pyke')",1,0,1
"('Kayn', 'Kennen', 'Rumble', 'Tryndamere', 'Varus')",1,0,1
"('Lillia', 'Rell', 'Samira', 'Tristana', 'Vladimir')",0,1,1
"('Gragas', 'Hwei', ""Kai'Sa"", 'Kennen', 'Viego')",1,0,1
"('Irelia', 'Nidalee', 'Rakan', 'Tristana', 'Zeri')",0,1,1
"('Nidalee', 'Rakan', 'Sett', 'Yone', 'Zeri')",0,1,1
"('Hecarim', ""Kai'Sa"", 'LeBlanc', 'Rell', 'Vayne')",0,1,1
"('Ashe', 'Jax', 'Nautilus', 'Tristana', 'Zyra')",1,0,1
"('Graves', 'Hwei', 'Kalista', 'Nautilus', 'Skarner')",0,1,1
"('Aphelios', 'Camille', 'Ekko', 'Gnar', 'Tristana')",1,0,1
"('Ekko', 'Graves', ""Kai'Sa"", 'Nautilus', 'Twisted Fate')",0,1,1
"('Draven', 'Elise', 'Irelia', 'Lulu', 'Mordekaiser')",1,0,1
"('Fiddlesticks', 'Irelia', 'Lucian', 'Nami', 'Twisted Fate')",0,1,1
"('Akali', 'Caitlyn', 'Camille', 'Nautilus', 'Rumble')",1,0,1
"('Camille', 'Hwei', 'Lulu', 'Talon', 'Zeri')",1,0,1
"('Akali', 'Ashe', 'Pantheon', 'Sivir', 'Taliyah')",0,1,1
"('Aphelios', 'Elise', 'Hwei', 'Kled', 'Viego')",0,1,1
"('Gangplank', 'Jinx', 'LeBlanc', 'Lulu', ""Rek'Sai"")",0,1,1
"(""Bel'Veth"", 'Blitzcrank', 'Hwei', ""Kai'Sa"", 'Twisted Fate')",0,1,1
"('Camille', 'Graves', 'Hwei', 'Rumble', 'Zeri')",1,0,1
"('Draven', 'Hwei', ""K'Sante"", 'Nautilus', 'Viego')",0,1,1
"('Aurelion Sol', 'Heimerdinger', 'Jhin', 'Quinn', 'Viego')",0,1,1
"('Draven', 'LeBlanc', 'Lee Sin', 'Renata Glasc', 'Urgot')",0,1,1
"('Ahri', 'Blitzcrank', ""K'Sante"", 'Kindred', 'Smolder')",1,0,1
"('Camille', 'Kalista', 'Pyke', 'Sejuani', 'Tristana')",0,1,1
"('Azir', 'Camille', 'Elise', 'Jinx', 'Kayn')",0,1,1
"('Ashe', ""Bel'Veth"", 'Kalista', 'Lissandra', 'Smolder')",0,1,1
"('Camille', 'Ezreal', 'Orianna', 'Udyr', 'Vladimir')",0,1,1
"('Ashe', 'Hwei', 'Rumble', 'Twisted Fate', 'Viego')",1,0,1
"('Akali', 'Aphelios', 'Thresh', 'Viego', 'Warwick')",1,0,1
"('Cassiopeia', 'Graves', ""Kai'Sa"", 'LeBlanc', 'Leona')",0,1,1
"('Aurelion Sol', 'Poppy', 'Rumble', 'Samira', 'Vi')",1,0,1
"('Fiora', 'Janna', 'LeBlanc', 'Viego', 'Zeri')",0,1,1
"('Ashe', 'Jax', 'Leona', 'Taliyah', 'Tristana')",0,1,1
"('Corki', 'Draven', 'Hecarim', 'Malphite', 'Zoe')",0,1,1
"('Ezreal', 'Galio', 'Gnar', ""Kai'Sa"", 'Nidalee')",1,0,1
"('Aphelios', 'Karthus', 'Leona', 'Tristana', 'Zac')",0,1,1
"('Swain', 'Tristana', ""Vel'Koz"", 'Viego', 'Yasuo')",0,1,1
"('Graves', 'Jayce', 'Poppy', 'Rumble', 'Veigar')",0,1,1
"('Brand', 'Corki', 'Rell', 'Rengar', 'Zeri')",1,0,1
"(""Bel'Veth"", 'Elise', 'Hwei', 'Jayce', 'Varus')",1,0,1
"(""Kai'Sa"", 'Lillia', 'Nautilus', 'Rengar', 'Twisted Fate')",0,1,1
"('Camille', 'Draven', 'Irelia', 'Nidalee', 'Taric')",1,0,1
"('Alistar', 'Corki', 'Nasus', ""Vel'Koz"", 'Vi')",1,0,1
"('Alistar', 'Jinx', 'Pantheon', 'Rengar', 'Ryze')",0,1,1
"('Akali', 'Lucian', 'Rakan', 'Sejuani', 'Xin Zhao')",1,0,1
"('Ashe', 'Kennen', 'Lillia', 'Qiyana', 'Seraphine')",0,1,1
"('Corki', 'Jinx', 'Nidalee', 'Rakan', 'Skarner')",0,1,1
"('Hwei', ""Kai'Sa"", 'Leona', 'Nidalee', 'Urgot')",1,0,1
"(""Kai'Sa"", 'Nautilus', 'Pantheon', 'Taliyah', 'Viego')",1,0,1
"('Akali', 'Irelia', 'Nautilus', 'Senna', 'Viego')",0,1,1
"('Draven', 'Gragas', 'Karthus', 'Pantheon', 'Thresh')",1,0,1
"('Cassiopeia', 'Lee Sin', 'Lucian', 'Poppy', 'Varus')",1,0,1
"('Cassiopeia', 'Gragas', 'Lucian', 'Rakan', 'Xin Zhao')",1,0,1
"('Aphelios', 'Brand', 'Camille', 'Corki', 'Rumble')",1,0,1
"('Heimerdinger', 'Irelia', 'Lillia', 'Nautilus', 'Pantheon')",1,0,1
"('Akshan', 'Camille', 'Fiddlesticks', 'Rumble', 'Varus')",1,0,1
"('Aurelion Sol', 'Jhin', 'Lee Sin', 'Shen', 'Swain')",0,1,1
"('Leona', 'Shaco', 'Swain', 'Tristana', 'Twisted Fate')",0,1,1
"('Kindred', 'Rumble', 'Senna', 'Swain', 'Zoe')",0,1,1
"(""K'Sante"", 'Nautilus', 'Nidalee', 'Swain', 'Viego')",1,0,1
"('Camille', 'Karthus', 'Nautilus', 'Swain', 'Yone')",0,1,1
"(""Bel'Veth"", ""K'Sante"", 'Swain', 'Twisted Fate', ""Vel'Koz"")",1,0,1
"('Graves', 'Rell', 'Skarner', 'Swain', 'Yasuo')",1,0,1
"('Camille', 'Swain', 'Taliyah', 'Taric', 'Tristana')",0,1,1
"('Hwei', 'Jayce', 'Lee Sin', 'Swain', 'Varus')",0,1,1
"('Evelynn', 'Quinn', 'Soraka', 'Swain', 'Tristana')",1,0,1
"('Brand', 'Camille', 'Swain', 'Wukong', 'Zed')",0,1,1
"('Anivia', 'Camille', 'Nocturne', 'Swain', 'Thresh')",1,0,1
"('Bard', 'Gragas', 'Jarvan IV', 'Swain', 'Tristana')",0,1,1
"('Camille', 'Ekko', 'Jayce', 'Skarner', 'Swain')",0,1,1
"('Akshan', 'Lulu', 'Swain', 'Twitch', 'Viego')",1,0,1
"('Aatrox', 'Akshan', 'Jinx', 'Lillia', 'Swain')",0,1,1
"('Ezreal', 'Jax', 'Nidalee', 'Rumble', 'Swain')",0,1,1
"('Gnar', 'Kindred', 'Orianna', 'Pyke', 'Swain')",1,0,1
"('Ashe', 'Gwen', 'Rell', 'Swain', 'Vayne')",0,1,1
"('Aatrox', 'LeBlanc', 'Lee Sin', 'Swain', 'Thresh')",1,0,1
"('Annie', 'Skarner', 'Soraka', 'Swain', 'Wukong')",0,1,1
"('Alistar', 'Corki', 'Hecarim', 'Yasuo', 'Zac')",1,0,1
"('Corki', 'Kindred', 'Nautilus', 'Urgot', 'Zac')",0,1,1
"('Jinx', 'Nautilus', 'Urgot', 'Xin Zhao', 'Zac')",0,1,1
"('Gragas', ""Kai'Sa"", 'Singed', 'Tristana', 'Zac')",1,0,1
"('Blitzcrank', 'Jax', ""Kai'Sa"", 'LeBlanc', 'Zac')",1,0,1
"('Camille', 'Corki', ""K'Sante"", 'Swain', 'Viego')",0,1,1
"('Blitzcrank', ""Rek'Sai"", 'Swain', 'Tristana', 'Vladimir')",1,0,1
"('Akshan', 'Jayce', 'Skarner', 'Smolder', 'Swain')",0,1,1
"('Graves', 'Samira', 'Sion', 'Swain', 'Sylas')",1,0,1
"('Akali', 'LeBlanc', 'Nautilus', 'Qiyana', 'Swain')",1,0,1
"('Kindred', 'Pantheon', 'Poppy', 'Senna', 'Swain')",1,0,1
"('Fiora', 'Galio', 'Kindred', 'Leona', 'Swain')",1,0,1
"('Camille', 'Katarina', 'Master Yi', 'Nautilus', 'Swain')",0,1,1
"('Aatrox', 'Kindred', 'Rell', 'Swain', 'Taliyah')",1,0,1
"('Graves', 'Hwei', 'Morgana', 'Singed', 'Swain')",0,1,1
"('Akshan', 'Cassiopeia', 'Neeko', 'Swain', 'Viego')",1,0,1
"('Skarner', 'Swain', 'Thresh', 'Viego', 'Yone')",0,1,1
"('Nautilus', 'Nidalee', 'Renekton', 'Swain', 'Yasuo')",1,0,1
"('Darius', 'Graves', 'Senna', 'Swain', 'Twisted Fate')",0,1,1
"('Akshan', 'Kennen', 'Master Yi', 'Swain', 'Zyra')",1,0,1
"('Bard', 'Nidalee', 'Riven', 'Swain', 'Tristana')",1,0,1
"('Akali', 'Gangplank', 'Kindred', 'Swain', 'Twitch')",0,1,1
"('Lillia', 'Poppy', 'Swain', 'Varus', 'Yone')",1,0,1
"('Hwei', 'Irelia', 'Senna', 'Swain', 'Viego')",1,0,1
"('Galio', 'Gragas', 'Kalista', 'Swain', 'Viego')",1,0,1
"('Ashe', 'Gnar', 'Graves', 'Lissandra', 'Swain')",0,1,1
"('Akshan', 'Camille', 'Senna', 'Swain', 'Taliyah')",1,0,1
"('Jayce', 'Nautilus', 'Swain', 'Sylas', 'Viego')",0,1,1
"('Heimerdinger', 'Leona', ""Rek'Sai"", 'Swain', 'Tristana')",1,0,1
"('Olaf', 'Pantheon', 'Rakan', 'Swain', 'Vladimir')",1,0,1
"('Akali', ""Bel'Veth"", 'Camille', 'Senna', 'Swain')",1,0,1
"('Graves', ""K'Sante"", 'Lulu', 'Swain', 'Tristana')",0,1,1
"('Fiora', 'Hecarim', 'Nautilus', 'Qiyana', 'Swain')",1,0,1
"('Graves', 'Gwen', 'Jax', 'Swain', 'Zoe')",1,0,1
"('Graves', 'Nasus', 'Senna', 'Swain', 'Zoe')",1,0,1
"('Lucian', 'Rakan', 'Swain', 'Syndra', 'Warwick')",0,1,1
"('Gwen', 'Irelia', 'Jax', 'Maokai', 'Swain')",0,1,1
"('Jayce', ""K'Sante"", 'Rumble', 'Swain', 'Xerath')",0,1,1
"('Akali', 'Graves', 'Nautilus', 'Swain', 'Yone')",1,0,1
"('Galio', 'Kindred', 'Rumble', 'Senna', 'Swain')",1,0,1
"('Gragas', ""Kai'Sa"", 'Rengar', 'Senna', 'Swain')",1,0,1
"('Graves', 'Pyke', 'Swain', 'Yone', 'Zac')",1,0,1
"('Alistar', 'Jayce', 'Swain', 'Twisted Fate', 'Viego')",0,1,1
"('Cassiopeia', 'Graves', 'Nautilus', 'Swain', 'Twisted Fate')",1,0,1
"('Leona', 'Rumble', 'Swain', 'Vi', 'Yasuo')",1,0,1
"('Rakan', 'Rumble', 'Swain', 'Twisted Fate', 'Xin Zhao')",1,0,1
"('Camille', 'Corki', 'Nunu & Willump', 'Rengar', 'Swain')",1,0,1
"('Camille', 'Kindred', 'Nautilus', 'Orianna', 'Swain')",0,1,1
"('Graves', 'Irelia', 'Nautilus', 'Rumble', 'Swain')",1,0,1
"('Galio', ""Kai'Sa"", 'Kindred', 'Skarner', 'Swain')",1,0,1
"('Fiddlesticks', 'Kled', 'Swain', 'Varus', 'Zyra')",1,0,1
"('Kindred', 'Nautilus', 'Poppy', 'Swain', 'Viktor')",1,0,1
"('Graves', 'Ivern', 'Lissandra', 'Swain', 'Yone')",0,1,1
"('Kindred', 'LeBlanc', 'Renekton', 'Swain', 'Thresh')",1,0,1
"('Ahri', 'Dr. Mundo', 'Lee Sin', 'Rell', 'Swain')",1,0,1
"('Camille', 'Ezreal', 'Pantheon', 'Swain', 'Taliyah')",1,0,1
"('Aatrox', 'Jayce', 'Jinx', 'Karthus', 'Lulu')",0,1,1
"('Corki', ""Kha'Zix"", 'LeBlanc', 'Poppy', 'Renata Glasc')",1,0,1
"('Bard', 'Caitlyn', 'Diana', 'Tahm Kench', 'Yasuo')",1,0,1
"('Camille', ""Kai'Sa"", 'Lillia', 'Rell', 'Yone')",1,0,1
"('Aurelion Sol', 'Lucian', 'Rumble', 'Viego', 'Zac')",0,1,1
"('Braum', 'Camille', 'Twisted Fate', 'Varus', 'Viego')",0,1,1
"('LeBlanc', 'Lee Sin', 'Renekton', 'Seraphine', 'Varus')",0,1,1
"('Aurelion Sol', 'Jax', 'Nidalee', 'Pyke', 'Varus')",1,0,1
"('Hwei', 'Jhin', 'Nidalee', 'Rell', 'Renekton')",0,1,1
"('Akali', 'Corki', 'Gnar', 'Pyke', 'Viego')",1,0,1
"('Ashe', 'Nidalee', 'Renekton', 'Soraka', 'Syndra')",1,0,1
"('Ahri', 'Aphelios', ""Rek'Sai"", 'Rumble', 'Thresh')",0,1,1
"('Corki', 'Graves', 'Renekton', 'Ryze', 'Senna')",1,0,1
"('Blitzcrank', ""K'Sante"", 'Lillia', 'Lucian', 'Tryndamere')",0,1,1
"('Fiora', 'Rell', 'Shaco', 'Taliyah', 'Zeri')",1,0,1
"('Aatrox', 'Lillia', 'Lucian', 'Pyke', 'Zac')",1,0,1
"('Aatrox', 'Aphelios', 'Nautilus', 'Ryze', 'Sylas')",0,1,1
"('Ahri', 'Ashe', 'Braum', 'Neeko', 'Vayne')",1,0,1
"('Lucian', 'Poppy', 'Sylas', 'Twisted Fate', 'Xin Zhao')",1,0,1
"('Corki', 'Karthus', 'Pyke', 'Twisted Fate', 'Yasuo')",0,1,1
"('Shaco', 'Skarner', 'Smolder', 'Taliyah', 'Vayne')",1,0,1
"('Aphelios', 'Master Yi', 'Sylas', 'Thresh', 'Zoe')",1,0,1
"('Graves', 'Lucian', 'Milio', 'Rumble', 'Ryze')",1,0,1
"('Akshan', 'Aphelios', 'Leona', 'Taliyah', 'Viego')",1,0,1
"('Bard', 'Darius', ""Rek'Sai"", 'Varus', 'Vex')",1,0,1
"('Brand', 'Braum', 'Gwen', 'Jinx', 'Yone')",1,0,1
"('Alistar', 'Graves', 'Gwen', 'Jhin', 'Twisted Fate')",1,0,1
"('Camille', 'Nidalee', 'Seraphine', 'Twisted Fate', 'Varus')",0,1,1
"('Corki', 'Jax', 'Katarina', 'Lee Sin', 'Rell')",0,1,1
"(""Kai'Sa"", 'Rakan', ""Rek'Sai"", 'Renekton', 'Vex')",0,1,1
"('Caitlyn', 'Camille', 'Galio', 'Morgana', ""Rek'Sai"")",1,0,1
"('Irelia', 'Lucian', 'Nami', ""Rek'Sai"", 'Xerath')",0,1,1
"('Corki', 'Maokai', 'Pantheon', 'Skarner', 'Sylas')",0,1,1
"('Evelynn', 'Jayce', 'Jinx', 'Rell', 'Renekton')",0,1,1
"('Ezreal', 'Jayce', 'Pantheon', 'Viego', 'Yuumi')",0,1,1
"('Jinx', 'Katarina', 'Olaf', 'Pantheon', 'Seraphine')",1,0,1
"('Aatrox', 'Ashe', 'Pantheon', ""Rek'Sai"", 'Rumble')",0,1,1
"('Akali', 'Aphelios', 'Gragas', ""Rek'Sai"", 'Rell')",1,0,1
"('Akali', ""Kai'Sa"", 'Nautilus', 'Pantheon', ""Rek'Sai"")",0,1,1
"('Aatrox', 'Ahri', 'Lee Sin', 'Shen', 'Zeri')",0,1,1
"('Annie', 'Talon', 'Viego', 'Zac', 'Zeri')",0,1,1
"('Ashe', 'Smolder', 'Viego', 'Volibear', 'Zed')",0,1,1
"('Bard', 'Jayce', 'Nidalee', 'Smolder', 'Talon')",1,0,1
"('Akshan', 'Nidalee', 'Skarner', 'Smolder', 'Zeri')",0,1,1
"(""Kai'Sa"", 'LeBlanc', 'Lee Sin', 'Poppy', 'Twisted Fate')",1,0,1
"('Jax', 'Jinx', 'Thresh', 'Viego', 'Zoe')",0,1,1
"('Ashe', 'Aurelion Sol', 'Garen', 'Leona', 'Taliyah')",1,0,1
"('Annie', 'Karthus', 'Olaf', 'Renata Glasc', 'Zeri')",1,0,1
"('Ashe', 'Lee Sin', 'Seraphine', 'Vex', 'Volibear')",0,1,1
"('Akshan', 'Alistar', 'Lillia', 'Tryndamere', 'Zeri')",1,0,1
"('Jayce', 'Jhin', 'Leona', 'Sejuani', 'Twisted Fate')",0,1,1
"('Ashe', 'Hwei', ""Kha'Zix"", 'Nautilus', 'Soraka')",1,0,1
"('Ashe', 'Brand', 'Braum', 'Lee Sin', 'Lulu')",1,0,1
"(""Kai'Sa"", 'Nasus', 'Nautilus', 'Taliyah', 'Zed')",1,0,1
"('Ashe', 'Hwei', ""Rek'Sai"", 'Seraphine', 'Urgot')",1,0,1
"('Kennen', 'Qiyana', 'Rengar', 'Seraphine', 'Zeri')",0,1,1
"('Corki', 'Irelia', 'Nidalee', 'Rakan', 'Zeri')",1,0,1
"('Fiddlesticks', ""K'Sante"", 'Nilah', 'Seraphine', 'Zoe')",0,1,1
"('Aphelios', 'Kennen', 'Leona', 'Tristana', 'Viego')",0,1,1
"('Lucian', 'Poppy', 'Taliyah', 'Talon', 'Zeri')",1,0,1
"('Ashe', 'Ezreal', 'Kled', 'Orianna', 'Viego')",1,0,1
"('Jinx', 'Kassadin', 'Lee Sin', 'Lulu', 'Twisted Fate')",0,1,1
"('Azir', 'Jhin', 'Kindred', 'Rumble', 'Shaco')",0,1,1
"('Karthus', 'Rakan', 'Skarner', 'Zed', 'Zeri')",1,0,1
"('Braum', 'Kindred', 'Renekton', 'Zeri', 'Zoe')",1,0,1
"('Brand', 'Caitlyn', 'Lee Sin', 'Rell', 'Volibear')",1,0,1
"('Brand', 'Corki', ""K'Sante"", 'Leona', 'Viego')",1,0,1
"('Karthus', 'Qiyana', 'Smolder', 'Taric', 'Vayne')",1,0,1
"('Ahri', 'Corki', 'Lee Sin', 'Rell', 'Twisted Fate')",0,1,1
"('Ashe', 'Katarina', 'Pantheon', 'Rumble', 'Skarner')",0,1,1
"('Alistar', 'Corki', ""Kai'Sa"", 'Malphite', 'Nidalee')",1,0,1
"('Darius', 'Jinx', ""K'Sante"", 'Nautilus', 'Taliyah')",1,0,1
"('Graves', 'Irelia', 'Kalista', 'LeBlanc', 'Pantheon')",1,0,1
"('Fiora', 'Hwei', 'Jinx', 'Lee Sin', 'Thresh')",0,1,1
"('Ashe', 'Diana', 'Gragas', 'Kindred', 'Maokai')",0,1,1
"('Aatrox', 'Karma', 'Nidalee', 'Tristana', 'Varus')",0,1,1
"('Ashe', 'Braum', 'Kindred', 'Syndra', 'Twisted Fate')",0,1,1
"('LeBlanc', 'Rell', 'Skarner', 'Talon', 'Zeri')",0,1,1
"('Ashe', 'Cassiopeia', 'Nautilus', 'Nidalee', 'Urgot')",1,0,1
"('Ashe', 'Blitzcrank', 'Kled', 'Nidalee', 'Twisted Fate')",0,1,1
"('Brand', 'Darius', ""Kai'Sa"", 'Rumble', 'Zed')",0,1,1
"('Camille', 'Kennen', 'Skarner', 'Tristana', 'Viego')",0,1,1
"('Gwen', 'Nautilus', 'Rengar', 'Varus', 'Zoe')",0,1,1
"('Fizz', ""K'Sante"", 'Tristana', 'Viego', 'Zoe')",1,0,1
"('Hwei', 'Jax', 'Lee Sin', 'Varus', 'Zyra')",1,0,1
"('Draven', 'Jax', 'Pyke', 'Taliyah', 'Yone')",1,0,1
"('Blitzcrank', ""K'Sante"", 'Kalista', 'Lee Sin', 'Lissandra')",1,0,1
"('Ashe', 'Braum', 'Graves', 'Ryze', 'Twisted Fate')",0,1,1
"('Blitzcrank', 'Corki', ""Kha'Zix"", 'Qiyana', 'Twisted Fate')",1,0,1
"('Camille', 'Gwen', 'Nilah', 'Soraka', 'Yone')",0,1,1
"('Aphelios', 'Ekko', 'Irelia', 'Kennen', 'Thresh')",1,0,1
"('Jhin', 'Pyke', 'Taliyah', 'Talon', 'Urgot')",1,0,1
"('Caitlyn', 'Irelia', 'Lux', 'Qiyana', 'Taliyah')",1,0,1
"('Aatrox', 'Corki', 'Graves', 'Janna', 'Twisted Fate')",1,0,1
"('Graves', 'Kennen', 'Lissandra', 'Pyke', 'Varus')",0,1,1
"('Ashe', 'Graves', 'Janna', 'Kennen', 'Sylas')",1,0,1
"('Jax', ""Kai'Sa"", 'Karthus', 'Pyke', 'Tristana')",1,0,1
"('Gragas', ""Kha'Zix"", 'Leona', 'Varus', 'Xerath')",1,0,1
"('Gragas', ""Kai'Sa"", 'Poppy', 'Pyke', 'Yone')",0,1,1
"('Ahri', 'Jhin', 'Lee Sin', 'Shaco', 'Tryndamere')",1,0,1
"('Ahri', 'Braum', 'Graves', 'Jax', 'Jinx')",0,1,1
"('Ashe', 'Camille', 'Galio', 'Hecarim', 'Rakan')",1,0,1
"('Caitlyn', 'Cassiopeia', 'Graves', 'Pyke', 'Tristana')",1,0,1
"('Aatrox', 'Brand', 'Caitlyn', 'Lux', 'Yone')",0,1,1
"(""Kai'Sa"", 'Karthus', 'Pantheon', 'Pyke', 'Rengar')",0,1,1
"('Hwei', 'Irelia', 'Lillia', 'Nami', 'Skarner')",0,1,1
"('Brand', 'Corki', 'Hwei', 'Jax', 'Miss Fortune')",0,1,1
"('Akshan', 'Aphelios', 'Aurelion Sol', 'Thresh', 'Volibear')",1,0,1
"('Aatrox', 'Corki', 'Nautilus', 'Nunu & Willump', 'Viego')",0,1,1
"('Ahri', 'Caitlyn', 'Galio', 'Lee Sin', 'Lux')",0,1,1
"('Ashe', 'Graves', 'Hwei', 'Rell', 'Twisted Fate')",0,1,1
"('Akali', 'Blitzcrank', 'Corki', ""Rek'Sai"", 'Renekton')",1,0,1
"('Ashe', 'Elise', 'Jayce', 'Karma', 'Sylas')",1,0,1
"('Camille', 'Corki', 'Hwei', 'Jax', 'Maokai')",0,1,1
"('Alistar', 'Corki', 'Ezreal', 'Morgana', 'Twisted Fate')",1,0,1
"('Aatrox', 'Jhin', 'Lee Sin', 'Thresh', 'Twisted Fate')",1,0,1
"('Akali', 'Corki', 'Lee Sin', 'Rakan', 'Vayne')",1,0,1
"('Hwei', ""Kai'Sa"", 'Kindred', 'Nautilus', 'Ornn')",1,0,1
"('Corki', 'Jax', 'Leona', 'Nidalee', 'Tristana')",0,1,1
"('Gnar', 'Graves', 'Leona', 'Sylas', 'Tristana')",0,1,1
"('Camille', ""K'Sante"", 'Tristana', 'Viego', 'Viktor')",1,0,1
"('Akali', 'Camille', 'Corki', 'Kindred', 'Twisted Fate')",1,0,1
"('Ahri', 'Ashe', 'Jax', 'Seraphine', 'Viego')",1,0,1
"('Diana', ""Kai'Sa"", ""Kha'Zix"", 'Singed', 'Skarner')",0,1,1
"(""Kai'Sa"", 'Kled', 'Nidalee', 'Pyke', 'Renekton')",1,0,1
"('Jayce', 'Kennen', 'Nidalee', 'Thresh', 'Zeri')",1,0,1
"('Ezreal', 'Jax', 'Karma', 'Malphite', 'Rengar')",0,1,1
"('Jax', ""Kai'Sa"", 'Maokai', 'Nunu & Willump', 'Renekton')",1,0,1
"('Brand', 'Gragas', 'Jayce', 'Seraphine', 'Smolder')",1,0,1
"('Gragas', 'Jayce', 'Katarina', 'Rell', 'Zeri')",0,1,1
"('Ashe', 'Camille', 'Gragas', ""K'Sante"", 'Yone')",0,1,1
"('Braum', 'Hwei', 'Nidalee', 'Varus', 'Vayne')",0,1,1
"('Gragas', 'Nilah', 'Pyke', 'Sion', 'Tristana')",1,0,1
"('Ahri', 'Jhin', 'Nidalee', 'Pantheon', 'Renekton')",0,1,1
"('Lee Sin', 'Mordekaiser', 'Ornn', 'Rell', 'Zeri')",1,0,1
"('Ahri', 'Kindred', 'Nautilus', 'Renekton', 'Zeri')",1,0,1
"('Camille', 'Lillia', 'Lucian', 'Maokai', 'Tristana')",0,1,1
"('Azir', 'Galio', 'Gwen', 'Lee Sin', 'Varus')",1,0,1
"('Ahri', 'Camille', 'Corki', 'Lee Sin', 'Seraphine')",1,0,1
"('Corki', 'Jax', 'Kalista', 'Nidalee', 'Renata Glasc')",1,0,1
"('Aurelion Sol', 'Jax', 'Lucian', 'Nami', 'Viego')",1,0,1
"('Camille', 'Jinx', 'Talon', 'Thresh', 'Twisted Fate')",1,0,1
"(""Bel'Veth"", ""Kai'Sa"", 'Katarina', 'Malphite', 'Pyke')",1,0,1
"('Graves', 'LeBlanc', 'Nautilus', 'Renekton', 'Senna')",0,1,1
"('Gragas', 'Nautilus', 'Rumble', 'Varus', 'Yasuo')",1,0,1
"('Lee Sin', 'Lux', 'Rell', 'Rumble', 'Varus')",0,1,1
"('Ahri', 'Aphelios', 'Braum', 'Jax', 'Lee Sin')",1,0,1
"('Blitzcrank', 'Hecarim', 'Twisted Fate', 'Xerath', 'Zeri')",1,0,1
"('Ahri', 'Aphelios', 'Brand', ""K'Sante"", 'Thresh')",0,1,1
"('Ashe', 'Gangplank', 'Hwei', 'Milio', 'Nidalee')",1,0,1
"('Ashe', 'Irelia', 'Rell', 'Vex', 'Zac')",0,1,1
"('Jhin', 'Nunu & Willump', 'Pyke', 'Skarner', 'Yasuo')",1,0,1
"('Corki', 'Irelia', ""Kai'Sa"", 'Karthus', 'Nautilus')",0,1,1
"('Camille', 'Jayce', 'Lucian', 'Nidalee', 'Rumble')",1,0,1
"('Aphelios', 'Milio', 'Nidalee', 'Riven', 'Singed')",1,0,1
"('Aatrox', 'Ahri', 'Rell', 'Vi', 'Zeri')",1,0,1
"('Alistar', 'Irelia', 'Jinx', 'Kassadin', 'Zac')",0,1,1
"('Akshan', 'Jax', ""Kai'Sa"", 'Lulu', 'Nidalee')",1,0,1
"('Gragas', 'Lucian', 'Nautilus', 'Tahm Kench', 'Zeri')",1,0,1
"('Jayce', ""Kai'Sa"", 'Karthus', 'Nasus', 'Nautilus')",1,0,1
"('Diana', 'Irelia', ""Kai'Sa"", 'Nautilus', 'Yasuo')",0,1,1
"('Ashe', 'Lee Sin', 'Taric', 'Tryndamere', 'Yasuo')",1,0,1
"('Ashe', 'Jax', 'Nidalee', 'Rell', 'Yasuo')",1,0,1
"('Aatrox', 'Ashe', 'Fiddlesticks', 'Lee Sin', 'Maokai')",1,0,1
"('Corki', 'Master Yi', 'Nautilus', 'Neeko', 'Nidalee')",0,1,1
"('Ivern', 'Jax', 'Jinx', 'Rakan', 'Zoe')",1,0,1
"('Graves', 'Lee Sin', 'Pyke', 'Rumble', 'Varus')",1,0,1
"('Jhin', 'Karma', 'Nidalee', 'Nunu & Willump', 'Shen')",0,1,1
"('Aurelion Sol', 'Corki', 'Jayce', 'Neeko', 'Viego')",0,1,1
"('Gnar', 'Hwei', 'Jinx', 'Thresh', 'Viego')",1,0,1
"('Kindred', ""Kog'Maw"", 'Neeko', 'Renekton', 'Zilean')",0,1,1
"('Hwei', 'Jinx', 'Lee Sin', 'Twisted Fate', 'Zilean')",1,0,1
"('Camille', 'Corki', 'Jhin', 'Nidalee', 'Zilean')",1,0,1
"('Hwei', ""Kha'Zix"", 'Skarner', 'Zeri', 'Zilean')",1,0,1
"('Gnar', 'Jhin', 'Nidalee', 'Yone', 'Zilean')",1,0,1
"('Aphelios', 'Azir', 'Irelia', 'Viego', 'Zilean')",0,1,1
"('Aphelios', 'Azir', 'Camille', 'Tristana', 'Zilean')",0,1,1
"('Aatrox', 'Azir', 'Jinx', 'Lee Sin', 'Zilean')",1,0,1
"('Corki', 'Lissandra', 'Ornn', 'Viego', 'Zilean')",0,1,1
"('Cassiopeia', 'Corki', 'Nidalee', 'Smolder', 'Zilean')",1,0,1
"('Jayce', 'Jinx', 'Xin Zhao', 'Zilean', 'Zyra')",1,0,1
"('Corki', 'Jayce', 'Nasus', 'Taliyah', 'Yuumi')",0,1,1
"('Ashe', 'Hwei', ""K'Sante"", 'Kindred', 'Zilean')",1,0,1
"('Lee Sin', 'Pyke', 'Syndra', 'Varus', 'Vladimir')",0,1,1
"('Graves', ""K'Sante"", ""Kai'Sa"", 'LeBlanc', 'Nautilus')",1,0,1
"('Aatrox', ""Kai'Sa"", 'Orianna', ""Rek'Sai"", 'Rell')",1,0,1
"('Blitzcrank', 'Hwei', 'Jinx', ""Rek'Sai"", 'Vayne')",1,0,1
"(""Kai'Sa"", 'Lee Sin', 'Nautilus', 'Taliyah', 'Vayne')",0,1,1
"('Aatrox', 'Braum', ""Kog'Maw"", 'Lee Sin', 'Vladimir')",0,1,1
"('Gwen', 'Jax', 'Kalista', 'Renata Glasc', 'Yasuo')",1,0,1
"('Jhin', 'Karma', 'Skarner', 'Taliyah', 'Viego')",1,0,1
"('Akshan', ""Kai'Sa"", 'Lillia', 'Rakan', 'Renekton')",0,1,1
"('Camille', ""K'Sante"", 'Lillia', 'Samira', 'Tristana')",1,0,1
"('Aurelion Sol', 'Camille', ""K'Sante"", 'Lucian', 'Nidalee')",1,0,1
"('Hwei', 'Lucian', 'Nautilus', 'Rengar', 'Vayne')",1,0,1
"('Alistar', 'Jinx', 'Kindred', 'Yasuo', 'Zoe')",1,0,1
"('Akshan', 'Hwei', 'Nilah', 'Renekton', 'Taliyah')",1,0,1
"('Hwei', ""Kai'Sa"", 'Kindred', 'Pyke', 'Renekton')",0,1,1
"('Azir', ""Kai'Sa"", 'Nautilus', ""Rek'Sai"", 'Vayne')",1,0,1
"('Anivia', 'Gnar', 'Jinx', 'Skarner', 'Soraka')",0,1,1
"('Ashe', 'Gwen', 'LeBlanc', 'Nautilus', 'Viego')",1,0,1
"('Ashe', 'Gwen', 'Lee Sin', 'Rell', 'Taliyah')",0,1,1
"(""Kai'Sa"", 'Kindred', 'LeBlanc', 'Rell', 'Renekton')",0,1,1
"('Ashe', 'Jayce', 'Taliyah', 'Twisted Fate', 'Zilean')",1,0,1
"('Jayce', 'Karthus', 'Varus', 'Zed', 'Zilean')",0,1,1
"('Taliyah', 'Twisted Fate', ""Vel'Koz"", 'Viego', 'Zilean')",1,0,1
"('Fiora', 'Jinx', 'Talon', 'Thresh', 'Zac')",1,0,1
"('Graves', 'Orianna', 'Rumble', 'Varus', 'Zilean')",1,0,1
"('Ashe', 'Gangplank', 'Nasus', 'Taliyah', 'Zilean')",0,1,1
"('Miss Fortune', 'Poppy', 'Taliyah', 'Viego', 'Zilean')",0,1,1
"('Ashe', 'Graves', 'Skarner', 'Veigar', 'Zilean')",0,1,1
"('Ahri', 'Rumble', 'Varus', 'Warwick', 'Zilean')",0,1,1
"(""Kai'Sa"", 'Karma', ""Kha'Zix"", 'LeBlanc', 'Renekton')",0,1,1
"('Hwei', 'Nasus', 'Seraphine', 'Skarner', 'Vayne')",0,1,1
"('Graves', 'Katarina', 'Senna', 'Tryndamere', 'Varus')",1,0,1
"('Hwei', 'Renekton', 'Sivir', 'Xin Zhao', 'Zilean')",1,0,1
"('Gnar', 'Graves', ""Kai'Sa"", 'Leona', 'Taliyah')",0,1,1
"('Ezreal', 'Orianna', 'Rumble', 'Tryndamere', 'Viego')",0,1,1
"('Lillia', 'Rammus', 'Skarner', 'Syndra', 'Zeri')",0,1,1
"('Garen', 'Lee Sin', 'Lucian', 'Nami', 'Zoe')",1,0,1
"('Brand', 'Graves', 'Nasus', 'Renata Glasc', 'Varus')",0,1,1
"('Graves', 'Rell', 'Taliyah', 'Twisted Fate', 'Varus')",1,0,1
"('Graves', 'Lissandra', 'Skarner', 'Twitch', 'Yuumi')",1,0,1
"('Ahri', 'Braum', 'Pantheon', 'Varus', 'Viego')",1,0,1
"('Draven', 'Fiora', 'Jayce', 'Nidalee', 'Zilean')",0,1,1
"('Hwei', 'Jinx', 'Warwick', 'Xin Zhao', 'Zilean')",0,1,1
"('Draven', 'Neeko', 'Viego', 'Yone', 'Zilean')",0,1,1
"('Aphelios', 'Brand', 'Kled', 'Pantheon', 'Zilean')",0,1,1
"('Lillia', 'Lucian', 'Olaf', 'Zed', 'Zilean')",0,1,1
"('Darius', ""Kai'Sa"", 'Karthus', 'Qiyana', 'Zilean')",0,1,1
"('Fiora', 'Nidalee', 'Qiyana', 'Zeri', 'Zilean')",1,0,1
"('Corki', 'Draven', 'Kennen', 'Pantheon', 'Zilean')",0,1,1
"('Aurelion Sol', 'Gwen', 'Jinx', ""Rek'Sai"", 'Zilean')",1,0,1
"('Draven', 'Katarina', 'Taliyah', 'Urgot', 'Zilean')",1,0,1
"('Akshan', 'Ashe', 'Skarner', 'Taliyah', 'Zilean')",1,0,1
"('Gnar', 'Jhin', 'Katarina', ""Rek'Sai"", 'Zilean')",1,0,1
"('Galio', 'Kalista', 'Taliyah', 'Warwick', 'Zilean')",1,0,1
"('Aphelios', 'Corki', 'Renekton', 'Zac', 'Zilean')",1,0,1
"('Camille', 'Ezreal', 'Katarina', 'Zac', 'Zilean')",0,1,1
"('Jayce', 'Syndra', 'Taliyah', 'Tristana', 'Zilean')",0,1,1
"('Jayce', 'Kennen', 'Poppy', 'Varus', 'Zilean')",0,1,1
"(""Bel'Veth"", 'Hwei', 'Kled', 'Sivir', 'Zilean')",0,1,1
"('Corki', 'Katarina', ""Rek'Sai"", 'Skarner', 'Zilean')",1,0,1
"('Aurelion Sol', 'Braum', 'Gwen', 'Hecarim', 'Jinx')",0,1,1
"('Ashe', 'Gnar', 'Morgana', 'Rumble', 'Yone')",0,1,1
"('Ashe', 'Caitlyn', 'LeBlanc', 'Lee Sin', 'Rumble')",1,0,1
"('Aatrox', 'Katarina', 'Swain', 'Varus', 'Viego')",1,0,1
"('Braum', 'Lee Sin', 'Orianna', 'Skarner', 'Zeri')",1,0,1
"('Elise', 'Lee Sin', 'Neeko', 'Riven', 'Smolder')",0,1,1
"('Corki', 'Skarner', 'Taliyah', 'Taric', 'Xerath')",1,0,1
"('Graves', 'Kalista', 'Mordekaiser', 'Nautilus', 'Orianna')",1,0,1
"('Azir', 'Caitlyn', 'Lillia', 'Nautilus', 'Volibear')",1,0,1
"('Bard', 'Gragas', 'Graves', 'Twitch', 'Zoe')",1,0,1
"('Lee Sin', 'Lissandra', 'Lucian', 'Malphite', 'Nami')",0,1,1
"(""Kai'Sa"", 'Kennen', 'Lee Sin', 'Rell', 'Tristana')",1,0,1
"('Ashe', 'Gwen', 'Irelia', 'Rumble', 'Xin Zhao')",1,0,1
"('Draven', ""K'Sante"", 'Karthus', 'Rell', 'Tristana')",1,0,1
"('Draven', 'Lillia', 'Pyke', 'Renekton', 'Yasuo')",0,1,1
"('Aphelios', 'Cassiopeia', 'Galio', 'Lee Sin', 'Taric')",0,1,1
"('Akali', 'Draven', 'Graves', 'Gwen', 'Thresh')",1,0,1
"('Aatrox', 'Alistar', 'Aphelios', 'Talon', 'Warwick')",0,1,1
"('Caitlyn', 'Hwei', 'Lissandra', 'Nidalee', 'Pantheon')",1,0,1
"(""Bel'Veth"", 'Jax', 'Jinx', 'Lulu', 'Twisted Fate')",0,1,1
"('Draven', 'Kindred', 'Renekton', 'Rumble', 'Vladimir')",1,0,1
"('Ashe', 'Fiora', 'Lee Sin', 'Lulu', 'Malzahar')",1,0,1
"('Jayce', ""Kai'Sa"", 'LeBlanc', 'Lee Sin', 'Rell')",1,0,1
"('Blitzcrank', 'Hwei', 'Jax', ""Kai'Sa"", 'Lee Sin')",0,1,1
"('Caitlyn', 'Pantheon', 'Riven', 'Taliyah', 'Thresh')",0,1,1
"('Akshan', 'Kennen', 'Renata Glasc', 'Varus', 'Viego')",0,1,1
"('Ashe', 'Azir', 'Illaoi', 'Lee Sin', 'Varus')",0,1,1
"('Ahri', 'Draven', 'Graves', 'Nasus', 'Pyke')",0,1,1
"('Diana', 'Jinx', ""K'Sante"", 'Kindred', 'Rell')",0,1,1
"('Ashe', 'Heimerdinger', 'Jayce', ""K'Sante"", 'Lillia')",0,1,1
"('Akali', 'Jinx', 'Renekton', 'Shaco', 'Thresh')",0,1,1
"('Heimerdinger', ""K'Sante"", 'Karthus', 'Leona', 'Skarner')",1,0,1
"('Akali', 'Ezreal', 'Graves', 'Renekton', 'Sona')",0,1,1
"('Aurelion Sol', 'Jax', 'Lee Sin', 'Nautilus', 'Zeri')",1,0,1
"('Graves', 'Kalista', 'Rell', 'Skarner', 'Vex')",1,0,1
"('Camille', 'Ezreal', 'Lee Sin', 'Neeko', 'Seraphine')",1,0,1
"(""Kai'Sa"", 'Katarina', 'Kindred', 'Volibear', 'Zac')",0,1,1
"('Braum', 'Graves', 'LeBlanc', 'Malphite', 'Varus')",1,0,1
"('Aatrox', 'Akali', 'Lee Sin', 'Yuumi', 'Zeri')",1,0,1
"('Camille', 'Shaco', 'Taliyah', 'Varus', 'Viego')",0,1,1
"('Akali', 'Galio', 'Graves', 'Soraka', 'Varus')",0,1,1
"('Galio', 'Graves', 'Rumble', 'Seraphine', 'Varus')",1,0,1
"('Fiddlesticks', 'Galio', 'Rell', 'Samira', 'Viego')",1,0,1
"('Alistar', 'Ashe', 'Brand', 'Skarner', 'Talon')",1,0,1
"('Gragas', 'Rakan', 'Taliyah', 'Twisted Fate', 'Yone')",0,1,1
"('Gnar', 'Irelia', 'Lillia', 'Yuumi', 'Zeri')",0,1,1
"('Fiddlesticks', 'Graves', 'Skarner', 'Thresh', 'Zeri')",1,0,1
"('Hwei', 'Lee Sin', 'Nasus', 'Rell', 'Zeri')",1,0,1
"('Ashe', 'Diana', 'Jayce', 'Seraphine', 'Yasuo')",1,0,1
"('Ashe', 'Nidalee', 'Rell', 'Sion', 'Yasuo')",0,1,1
"('Jayce', 'Jhin', 'Katarina', 'Nautilus', 'Sylas')",0,1,1
"('Akshan', 'Alistar', 'Lee Sin', 'Rumble', 'Twisted Fate')",1,0,1
"('Aurelion Sol', 'Leona', 'Lillia', 'Skarner', 'Twisted Fate')",1,0,1
"('Hwei', ""Kai'Sa"", 'Lee Sin', 'Nautilus', 'Tryndamere')",0,1,1
"('Azir', 'Lillia', 'Lucian', 'Milio', 'Renekton')",0,1,1
"('Corki', 'Jax', 'Lucian', 'Nami', 'Skarner')",1,0,1
"('Camille', 'Graves', ""K'Sante"", 'Katarina', 'Miss Fortune')",0,1,1
"('Ashe', 'Corki', 'Kennen', 'Skarner', 'Viego')",1,0,1
"('Jinx', 'LeBlanc', 'Nautilus', 'Nidalee', 'Renekton')",1,0,1
"('Jhin', 'LeBlanc', 'Lee Sin', 'Vayne', 'Xerath')",0,1,1
"('Azir', 'Corki', 'Nautilus', 'Nidalee', 'Vayne')",0,1,1
"('Aatrox', 'Ashe', 'Braum', 'Hwei', 'Nidalee')",1,0,1
"('Blitzcrank', 'Lulu', 'Nidalee', 'Twitch', 'Yone')",0,1,1
"('Brand', 'Camille', 'Draven', 'Nautilus', 'Twisted Fate')",1,0,1
"('Lulu', 'Renekton', 'Taliyah', 'Tristana', 'Yone')",1,0,1
"('Galio', 'Irelia', 'Kalista', 'Nidalee', 'Rell')",0,1,1
"('Gragas', ""Kai'Sa"", 'Ornn', 'Poppy', 'Talon')",0,1,1
"('Blitzcrank', ""Kai'Sa"", 'Nunu & Willump', 'Shen', 'Twisted Fate')",0,1,1
"('Blitzcrank', ""Kai'Sa"", 'Poppy', 'Tristana', 'Vladimir')",1,0,1
"(""Kai'Sa"", 'Rengar', 'Seraphine', 'Taliyah', 'Zeri')",1,0,1
"('Akali', 'Camille', ""Kha'Zix"", 'Rell', 'Zeri')",0,1,1
"('Hecarim', ""Kai'Sa"", 'Sett', 'Taliyah', 'Zyra')",0,1,1
"('Aatrox', 'Draven', 'Maokai', 'Rengar', 'Twisted Fate')",0,1,1
"('Gragas', 'Kalista', 'Pyke', 'Rengar', 'Volibear')",0,1,1
"('Akshan', 'Karthus', 'Nautilus', 'Twisted Fate', 'Zeri')",1,0,1
"('Anivia', ""Bel'Veth"", 'Draven', 'Jayce', 'Taric')",0,1,1
"('Aatrox', 'Ashe', 'Hecarim', 'LeBlanc', 'Rell')",1,0,1
"('Gnar', 'Gwen', 'Hwei', ""Kai'Sa"", 'Rell')",0,1,1
"('Annie', 'Lucian', 'Nautilus', ""Rek'Sai"", 'Zac')",1,0,1
"('Alistar', 'Graves', 'Hwei', ""Kai'Sa"", 'Twisted Fate')",1,0,1
"(""Kai'Sa"", 'Kennen', 'Nautilus', 'Orianna', ""Rek'Sai"")",0,1,1
"('Ezreal', 'Jax', 'Lillia', 'Pyke', 'Talon')",0,1,1
"('Poppy', 'Tristana', 'Viego', 'Viktor', 'Vladimir')",1,0,1
"('Aatrox', 'Corki', 'Neeko', 'Taliyah', 'Viktor')",1,0,1
"('Ashe', ""Kha'Zix"", 'Thresh', 'Viego', 'Vladimir')",1,0,1
"(""Kai'Sa"", 'Lee Sin', 'Ryze', 'Taric', 'Vex')",1,0,1
"('Corki', 'Irelia', 'Karthus', 'Pyke', 'Zeri')",0,1,1
"('Kalista', 'Lillia', 'Rumble', 'Skarner', 'Tristana')",1,0,1
"('Graves', 'Gwen', 'Hwei', 'Jhin', 'Rakan')",1,0,1
"('Graves', 'Hwei', ""Kog'Maw"", 'Lulu', 'Nasus')",0,1,1
"('Ezreal', 'Gwen', 'Hwei', ""K'Sante"", 'Karma')",1,0,1
"('Galio', 'Hwei', 'Rumble', 'Varus', 'Viego')",1,0,1
"('Corki', 'Hwei', 'Taric', 'Twisted Fate', 'Zac')",0,1,1
"('Hwei', 'Tryndamere', 'Zac', 'Zeri', 'Zyra')",0,1,1
"('Ahri', 'Kindred', 'Rell', 'Sivir', 'Tryndamere')",1,0,1
"('Aatrox', 'Corki', 'Hwei', 'Rengar', 'Taric')",0,1,1
"('Ahri', 'Jinx', 'Lee Sin', 'Rakan', 'Skarner')",0,1,1
"('Blitzcrank', 'Hwei', 'Jax', 'Kindred', 'Varus')",1,0,1
"('Ahri', 'Alistar', 'Ashe', 'Jax', 'Poppy')",1,0,1
"('Aatrox', 'Alistar', 'Hwei', 'Kalista', 'Nidalee')",0,1,1
"('Alistar', 'Graves', 'Heimerdinger', 'Hwei', 'Renekton')",0,1,1
"('Graves', 'Jinx', ""K'Sante"", 'Rakan', 'Syndra')",0,1,1
"('Lillia', 'Rumble', 'Tristana', 'Twisted Fate', 'Varus')",0,1,1
"('Akshan', ""Kai'Sa"", 'Rell', 'Rengar', 'Vladimir')",1,0,1
"('Camille', ""Kai'Sa"", 'Lee Sin', 'Skarner', 'Zoe')",1,0,1
"('Aphelios', 'Gwen', 'Lillia', 'Lulu', 'Pantheon')",1,0,1
"('Hwei', 'Jax', 'Rell', 'Tristana', 'Viego')",0,1,1
"(""K'Sante"", 'Senna', 'Sylas', 'Viego', 'Zeri')",0,1,1
"('Aatrox', 'Orianna', 'Rell', 'Vi', 'Ziggs')",0,1,1
"('Graves', 'Hwei', 'Pantheon', 'Renekton', 'Varus')",1,0,1
"('Draven', 'Jayce', 'Pyke', 'Veigar', 'Viego')",1,0,1
"(""Kai'Sa"", 'Katarina', 'Nautilus', 'Vayne', 'Viego')",1,0,1
"('Akshan', 'Nautilus', 'Samira', 'Taliyah', 'Twisted Fate')",1,0,1
"('Karthus', 'Malphite', 'Nautilus', 'Pantheon', 'Samira')",1,0,1
"('Graves', 'Hwei', 'Nautilus', 'Sivir', 'Teemo')",1,0,1
"('Akshan', 'Diana', ""Kha'Zix"", 'Sivir', 'Skarner')",1,0,1
"(""Kai'Sa"", 'Lillia', 'Renata Glasc', 'Skarner', 'Tristana')",0,1,1
"('Hwei', ""Kai'Sa"", 'Karthus', 'Skarner', 'Tristana')",1,0,1
"('Kindred', 'Orianna', 'Seraphine', 'Tristana', 'Zac')",1,0,1
"('Akali', 'Kalista', 'Olaf', 'Teemo', 'Thresh')",1,0,1
"('Alistar', 'Jhin', 'Nidalee', 'Syndra', 'Yorick')",0,1,1
"('Aphelios', 'Graves', 'Hwei', 'Skarner', 'Thresh')",0,1,1
"('Ahri', 'Draven', 'Nidalee', 'Taric', 'Yone')",0,1,1
"('Gragas', 'Hwei', 'Jayce', 'Lulu', 'Vayne')",1,0,1
"('Ahri', 'Darius', 'Jhin', 'Shaco', 'Viego')",0,1,1
"('Fiora', 'Hwei', 'Kalista', 'Pyke', 'Viego')",1,0,1
"('Ashe', 'Kindred', 'Pyke', 'Twisted Fate', 'Vex')",1,0,1
"('Akali', 'Briar', 'Jinx', ""K'Sante"", 'Thresh')",1,0,1
"(""Kai'Sa"", 'Katarina', 'Olaf', 'Pyke', 'Viego')",1,0,1
"(""Kai'Sa"", 'Karthus', 'Nautilus', 'Tristana', 'Twisted Fate')",0,1,1
"('Caitlyn', 'Camille', 'Lee Sin', 'Nautilus', 'Viktor')",0,1,1
"('Ezreal', 'Irelia', 'Nidalee', 'Seraphine', 'Viego')",1,0,1
"('Braum', 'Gragas', 'Rengar', 'Varus', 'Viego')",0,1,1
"('Alistar', 'Irelia', 'Katarina', 'Lillia', 'Varus')",0,1,1
"('Blitzcrank', 'Sion', 'Taliyah', 'Twisted Fate', 'Varus')",0,1,1
"('Ahri', ""Kai'Sa"", 'Maokai', 'Nidalee', 'Twisted Fate')",0,1,1
"('Camille', 'Graves', 'Hwei', ""Kai'Sa"", 'Rell')",0,1,1
"('Ashe', 'Kennen', ""Kha'Zix"", 'Seraphine', 'Tristana')",1,0,1
"('Lucian', 'Nidalee', 'Pyke', 'Twisted Fate', 'Viego')",1,0,1
"('Akshan', 'Alistar', 'Jax', 'Kalista', 'Taliyah')",1,0,1
"('Ezreal', 'Jayce', 'Leona', 'Lillia', 'Renekton')",0,1,1
"('Camille', 'Graves', ""Kai'Sa"", 'Nautilus', 'Olaf')",1,0,1
"('Ashe', 'Kindred', 'Senna', 'Shen', 'Tristana')",0,1,1
"('Ashe', 'Draven', 'Elise', 'Maokai', 'Talon')",1,0,1
"('Ahri', 'Corki', 'Graves', 'Shaco', 'Skarner')",1,0,1
"('Aatrox', 'Aphelios', 'Lulu', 'Skarner', 'Vex')",1,0,1
"('Ashe', 'Gwen', 'Hwei', 'Kalista', 'Renekton')",1,0,1
"('Bard', 'Hecarim', 'Hwei', 'Jayce', 'Jinx')",0,1,1
"('Blitzcrank', 'Graves', 'Hwei', 'Illaoi', 'Varus')",1,0,1
"('Ahri', 'Graves', 'Nautilus', 'Poppy', 'Varus')",1,0,1
"('Graves', 'Hwei', ""K'Sante"", ""Kai'Sa"", 'Nautilus')",1,0,1
"('Draven', 'Renekton', 'Taliyah', 'Viego', 'Zoe')",0,1,1
"('Hwei', 'Nautilus', 'Nidalee', 'Sett', 'Varus')",0,1,1
"('Diana', 'Gwen', ""Kai'Sa"", 'Pyke', 'Viego')",0,1,1
"('Annie', 'Ashe', 'Fiddlesticks', 'Jax', 'Renata Glasc')",1,0,1
"('Hwei', 'Jax', 'Jhin', 'Lissandra', 'Skarner')",0,1,1
"('Ashe', 'Braum', ""K'Sante"", 'Maokai', 'Tristana')",1,0,1
"('Hwei', 'Jax', 'Nautilus', 'Varus', 'Viego')",1,0,1
"('Jayce', ""K'Sante"", 'Kalista', 'Nidalee', 'Varus')",0,1,1
"('Akshan', ""Kai'Sa"", 'Lillia', 'Rell', 'Skarner')",0,1,1
"(""Kai'Sa"", 'Rell', 'Rumble', 'Viego', 'Yasuo')",0,1,1
"('Braum', 'Ezreal', 'Gnar', 'Irelia', 'Karthus')",1,0,1
"('Galio', 'Lucian', 'Ryze', 'Sona', 'Viego')",1,0,1
"('Braum', ""Kai'Sa"", 'Orianna', 'Poppy', 'Viego')",0,1,1
"('Alistar', ""Kai'Sa"", 'Renekton', 'Twisted Fate', 'Viego')",0,1,1
"('Diana', 'Gnar', 'Kalista', 'Rell', 'Yasuo')",1,0,1
"('Corki', 'Nautilus', 'Renekton', 'Sylas', 'Viego')",1,0,1
"('Akali', 'Akshan', 'Kayn', 'Lucian', 'Nami')",0,1,1
"('Ashe', 'Kindred', 'Lissandra', 'Poppy', 'Rumble')",0,1,1
"('Camille', 'Jhin', 'Nunu & Willump', 'Rumble', 'Tristana')",0,1,1
"('Bard', 'Jax', 'Orianna', 'Renekton', 'Sivir')",1,0,1
"('Blitzcrank', 'Cassiopeia', 'Nunu & Willump', 'Tristana', 'Varus')",1,0,1
"('Akali', 'Fiora', 'Nautilus', 'Xayah', 'Xin Zhao')",0,1,1
"('Ashe', 'Kalista', 'Karthus', 'Tristana', 'Vladimir')",1,0,1
"('Akali', ""Bel'Veth"", 'Jhin', 'Qiyana', 'Zilean')",0,1,1
"('Jinx', 'Kindred', 'Pyke', 'Skarner', 'Sylas')",0,1,1
"('Galio', 'Jhin', 'Kindred', 'Mordekaiser', 'Rakan')",1,0,1
"('Jhin', ""K'Sante"", 'Kennen', 'Pantheon', 'Shaco')",1,0,1
"('Caitlyn', 'Hwei', 'Morgana', 'Riven', 'Xin Zhao')",1,0,1
"('Alistar', 'Corki', 'Kalista', 'Nunu & Willump', ""Rek'Sai"")",0,1,1
"('Jinx', 'Orianna', 'Skarner', 'Sona', 'Talon')",1,0,1
"('Camille', 'Jayce', 'Kalista', 'Rumble', 'Yone')",1,0,1
"('Jinx', 'Kassadin', 'Riven', 'Thresh', 'Viego')",0,1,1
"('Caitlyn', 'Fiddlesticks', ""K'Sante"", ""Rek'Sai"", 'Tristana')",1,0,1
"('Blitzcrank', 'Jinx', 'LeBlanc', 'Rumble', 'Xin Zhao')",1,0,1
"('Ashe', 'Corki', 'Draven', ""K'Sante"", 'Nidalee')",1,0,1
"('Aphelios', 'Camille', 'Lulu', 'Malzahar', 'Rumble')",1,0,1
"('Aurelion Sol', 'Jinx', 'Thresh', 'Vi', 'Warwick')",1,0,1
"('Darius', 'Jinx', 'Kindred', 'Orianna', 'Thresh')",1,0,1
"('Aphelios', 'Kennen', 'Kindred', 'Thresh', 'Tristana')",1,0,1
"('Ahri', 'Corki', 'Maokai', 'Nidalee', 'Renekton')",1,0,1
"('Blitzcrank', 'Camille', 'Skarner', 'Taliyah', 'Twitch')",1,0,1
"('Cassiopeia', 'Corki', 'Graves', 'Rell', 'Syndra')",0,1,1
"('Gwen', 'Jhin', ""Kha'Zix"", 'Rakan', 'Yasuo')",0,1,1
"('Draven', 'Hwei', 'Kayn', 'Nautilus', 'Quinn')",0,1,1
"('Alistar', ""Kog'Maw"", 'Lee Sin', 'Neeko', 'Rumble')",1,0,1
"('Akali', 'Graves', 'Pyke', 'Sion', 'Zeri')",1,0,1
"('Aphelios', 'Diana', 'Kennen', 'Thresh', 'Yasuo')",0,1,1
"('Jhin', 'Poppy', 'Rumble', 'Taliyah', 'Viego')",1,0,1
"(""Cho'Gath"", 'Ezreal', 'Tahm Kench', 'Taliyah', 'Talon')",0,1,1
"('Camille', 'Jhin', 'Lee Sin', 'Orianna', 'Rumble')",1,0,1
"('Caitlyn', 'Neeko', 'Skarner', 'Taliyah', 'Vi')",0,1,1
"('Akali', 'Kindred', 'Rell', 'Twisted Fate', 'Varus')",1,0,1
"('Blitzcrank', 'Corki', 'Lee Sin', 'Orianna', 'Twisted Fate')",1,0,1
"('Caitlyn', 'Corki', ""K'Sante"", 'Lee Sin', 'Sona')",0,1,1
"('Graves', 'Rumble', 'Taliyah', 'Taric', 'Twitch')",0,1,1
"('Graves', 'Ryze', 'Smolder', 'Tahm Kench', 'Tristana')",0,1,1
"('Bard', 'Hwei', 'Jax', 'Viego', 'Zeri')",1,0,1
"('Jinx', ""K'Sante"", 'Orianna', 'Rumble', 'Viego')",1,0,1
"('Ahri', 'Aphelios', 'Braum', 'Skarner', 'Vi')",1,0,1
"('Akali', 'Nautilus', 'Riven', 'Viego', 'Xayah')",1,0,1
"('Annie', 'Galio', 'Jinx', ""Kha'Zix"", 'Skarner')",1,0,1
"('Blitzcrank', 'Taliyah', 'Twitch', 'Viego', 'Volibear')",0,1,1
"('Ahri', 'Nautilus', 'Twisted Fate', 'Varus', 'Vi')",0,1,1
"('Gragas', 'Jinx', 'Nautilus', 'Taliyah', 'Viego')",0,1,1
"('Lee Sin', 'Leona', 'Orianna', 'Sivir', 'Varus')",0,1,1
"('Gragas', 'Jayce', 'Rakan', 'Yone', 'Zeri')",1,0,1
"('Lee Sin', 'Malphite', 'Neeko', 'Taliyah', 'Zeri')",0,1,1
"('Akali', 'Jayce', 'Lucian', 'Nami', 'Taliyah')",0,1,1
"('Hwei', 'Kalista', 'Renata Glasc', 'Rumble', 'Viego')",1,0,1
"('Aurelion Sol', 'Irelia', 'Renata Glasc', 'Varus', 'Viego')",1,0,1
"('Blitzcrank', 'Jax', 'Jinx', 'Neeko', 'Viego')",1,0,1
"('Ahri', 'Olaf', 'Rakan', 'Twitch', 'Viego')",0,1,1
"('Lulu', 'Malphite', 'Taliyah', 'Tristana', 'Varus')",1,0,1
"('Aphelios', 'Bard', 'Nidalee', 'Skarner', 'Tristana')",1,0,1
"('Corki', 'Maokai', 'Orianna', 'Rengar', 'Skarner')",0,1,1
"('Corki', 'Nautilus', 'Poppy', 'Rumble', 'Volibear')",1,0,1
"('Alistar', 'Azir', 'Draven', 'Poppy', 'Viego')",1,0,1
"('Ashe', 'Jax', 'Kalista', 'Taliyah', 'Yone')",1,0,1
"('Braum', 'Jayce', 'Mordekaiser', 'Nidalee', 'Zeri')",0,1,1
"('Camille', 'Ekko', 'Tristana', 'Vayne', 'Yone')",0,1,1
"('Camille', 'Kalista', 'Nautilus', 'Nidalee', 'Tristana')",0,1,1
"('Nasus', 'Pyke', 'Rumble', 'Twitch', 'Yasuo')",1,0,1
"('Corki', 'Hwei', 'Nunu & Willump', 'Rakan', 'Vayne')",0,1,1
"('Aatrox', 'Aphelios', 'Karthus', 'Thresh', 'Yone')",0,1,1
"('Aphelios', 'Hwei', 'Kindred', 'Nautilus', 'Ryze')",1,0,1
"('Aurelion Sol', 'Fiora', 'Graves', ""Kai'Sa"", 'Rell')",0,1,1
"('Aurelion Sol', 'Corki', 'Ornn', 'Thresh', 'Udyr')",1,0,1
"('Aurelion Sol', 'Kennen', 'Seraphine', 'Varus', 'Viego')",0,1,1
"('Ezreal', 'Hwei', ""Rek'Sai"", 'Seraphine', 'Viego')",1,0,1
"('Aatrox', ""Kai'Sa"", 'Leona', 'Taliyah', 'Varus')",1,0,1
"('Ahri', 'Braum', 'Ezreal', 'Graves', 'Renekton')",1,0,1
"('Blitzcrank', 'Fiddlesticks', ""K'Sante"", ""Kai'Sa"", 'Tristana')",1,0,1
"('Azir', 'Jax', ""Kai'Sa"", 'Poppy', 'Rakan')",1,0,1
"(""Kai'Sa"", 'Katarina', 'Leona', 'Rumble', 'Viego')",1,0,1
"('Akshan', 'Ashe', 'Karthus', 'Nautilus', 'Renekton')",1,0,1
"('Ahri', 'Aphelios', 'Ashe', 'Jax', ""Kha'Zix"")",0,1,1
"('Camille', 'Graves', 'Jayce', ""Kai'Sa"", 'Katarina')",0,1,1
"('Jinx', 'Karthus', 'Pantheon', 'Shen', 'Thresh')",0,1,1
"(""Kai'Sa"", 'Lillia', 'Pantheon', 'Rell', 'Tristana')",1,0,1
"('Fiddlesticks', 'Katarina', 'Pantheon', 'Rell', 'Sivir')",1,0,1
"('Camille', 'Pantheon', 'Twisted Fate', 'Varus', 'Viego')",0,1,1
"('Karma', 'Kennen', 'Pantheon', 'Varus', 'Vi')",0,1,1
"('Aphelios', 'Cassiopeia', 'Elise', 'Pantheon', 'Skarner')",1,0,1
"('Akali', 'Blitzcrank', 'Jhin', 'Pantheon', 'Viego')",1,0,1
"('Ezreal', 'Pantheon', 'Rakan', 'Sylas', 'Yasuo')",1,0,1
"('Corki', 'Nidalee', 'Pantheon', 'Pyke', 'Sylas')",0,1,1
"('Pantheon', 'Rakan', 'Smolder', 'Viego', 'Viktor')",0,1,1
"('Akshan', 'Ashe', 'Blitzcrank', 'Pantheon', 'Taliyah')",1,0,1
"('Lucian', 'Pantheon', 'Pyke', 'Taliyah', 'Tristana')",0,1,1
"('Alistar', 'Pantheon', 'Taliyah', 'Vi', 'Vladimir')",1,0,1
"(""Kai'Sa"", 'Kindred', 'Pantheon', 'Seraphine', 'Vladimir')",1,0,1
"('Akali', ""Kai'Sa"", 'Pantheon', 'Udyr', 'Zyra')",1,0,1
"(""Kha'Zix"", 'LeBlanc', 'Pantheon', 'Rell', 'Samira')",0,1,1
"('Bard', 'Caitlyn', 'Kennen', 'Lee Sin', 'Pantheon')",0,1,1
"('Bard', 'Pantheon', 'Riven', 'Sivir', 'Taliyah')",1,0,1
"('Caitlyn', 'Nidalee', 'Pantheon', 'Senna', 'Yone')",0,1,1
"('Alistar', 'Anivia', 'Darius', 'Viego', 'Zeri')",0,1,1
"('Darius', 'Kalista', 'Lillia', 'Neeko', 'Qiyana')",1,0,1
"('Darius', 'Kalista', 'Rakan', 'Sylas', 'Viego')",1,0,1
"('Akali', 'Darius', 'Thresh', 'Varus', 'Viego')",0,1,1
"('Akali', 'Aphelios', 'Braum', 'Darius', 'Lee Sin')",0,1,1
"('Darius', 'Graves', ""Kai'Sa"", 'Nautilus', 'Orianna')",1,0,1
"('Ashe', 'Corki', 'Darius', 'Elise', 'Tristana')",1,0,1
"('Darius', 'Graves', 'Kalista', 'Nidalee', 'Zac')",1,0,1
"('Darius', 'Rakan', 'Taliyah', 'Tristana', 'Zeri')",1,0,1
"('Ahri', 'Graves', 'Nami', 'Pantheon', 'Varus')",1,0,1
"('Akshan', 'Ashe', 'Braum', 'Lillia', 'Pantheon')",0,1,1
"('Ashe', 'Galio', 'Graves', 'Pantheon', 'Pyke')",1,0,1
"('Brand', ""Kai'Sa"", 'Pantheon', 'Thresh', 'Yone')",1,0,1
"('Draven', 'Elise', 'Pantheon', 'Pyke', 'Renekton')",0,1,1
"('Corki', 'Heimerdinger', 'Kindred', 'Pantheon', 'Thresh')",1,0,1
"('Alistar', 'Aurelion Sol', 'Graves', ""Kai'Sa"", 'Pantheon')",0,1,1
"('Aphelios', 'Nidalee', 'Pantheon', 'Thresh', 'Twisted Fate')",1,0,1
"('Caitlyn', 'Lillia', 'Nautilus', 'Pantheon', 'Twisted Fate')",0,1,1
"('Ashe', 'Nidalee', 'Pantheon', 'Talon', 'Varus')",1,0,1
"('Anivia', 'Pantheon', 'Rakan', 'Viego', 'Zeri')",1,0,1
"('Ashe', 'Nidalee', 'Rell', 'Renekton', 'Yone')",1,0,1
"('Alistar', 'Gnar', 'Sylas', 'Varus', 'Yone')",1,0,1
"('Caitlyn', 'Lee Sin', 'Rell', 'Rumble', 'Yone')",1,0,1
"('Alistar', 'Elise', 'Gnar', 'Jinx', 'Yone')",0,1,1
"(""Kai'Sa"", 'Lee Sin', 'Maokai', 'Yone', 'Zac')",1,0,1
"('Corki', 'Jayce', 'Maokai', 'Nautilus', 'Yone')",0,1,1
"('Aatrox', 'Caitlyn', 'Gragas', 'Rell', 'Yone')",0,1,1
"('Corki', 'Nidalee', 'Renekton', 'Shaco', 'Yone')",1,0,1
"('Ashe', 'Camille', 'Elise', 'Gangplank', 'Yone')",1,0,1
"('Blitzcrank', 'Nidalee', 'Twitch', 'Wukong', 'Yone')",1,0,1
"('Lillia', 'Seraphine', 'Skarner', 'Smolder', 'Yone')",0,1,1
"('Corki', 'Gragas', 'Nautilus', 'Vayne', 'Yone')",1,0,1
"('Cassiopeia', 'Hecarim', ""Kai'Sa"", 'Seraphine', 'Yone')",1,0,1
"('Braum', ""K'Sante"", ""Kai'Sa"", 'Sylas', 'Viego')",1,0,1
"('Ashe', 'Jayce', 'Seraphine', 'Taliyah', 'Viego')",0,1,1
"('Alistar', 'Ashe', 'Jayce', 'Qiyana', 'Rumble')",1,0,1
"('Aatrox', 'Corki', 'Heimerdinger', 'Hwei', 'Sejuani')",1,0,1
"('Ashe', 'Gragas', 'Karthus', 'Xerath', 'Yone')",0,1,1
"('Aatrox', 'Corki', 'Leona', 'Lillia', 'Yone')",0,1,1
"('Jayce', 'Lucian', 'Nami', 'Pantheon', 'Rumble')",1,0,1
"('Janna', 'Kennen', 'Lillia', 'Samira', 'Yone')",1,0,1
"('Akali', 'Lucian', 'Nami', 'Pantheon', 'Viego')",0,1,1
"('Alistar', ""Kai'Sa"", 'Pantheon', ""Rek'Sai"", 'Taliyah')",1,0,1
"('Fiddlesticks', 'Katarina', 'Pantheon', 'Varus', 'Zyra')",1,0,1
"('Garen', 'Jinx', 'Nautilus', 'Taliyah', 'Viego')",0,1,1
"('Diana', 'Udyr', 'Yone', 'Yuumi', 'Zeri')",0,1,1
"('Irelia', 'Jax', 'Kalista', 'Nautilus', 'Taliyah')",0,1,1
"('Corki', ""K'Sante"", 'Nidalee', 'Rell', 'Yone')",0,1,1
"('Aphelios', 'Bard', 'Gwen', 'Skarner', 'Yone')",0,1,1
"('Kennen', 'Kindred', 'Rakan', 'Yone', 'Zeri')",0,1,1
"('Nidalee', 'Orianna', 'Rakan', 'Xayah', 'Yone')",0,1,1
"('Camille', 'Pyke', 'Sylas', 'Varus', 'Yone')",0,1,1
"('Jax', 'Pyke', 'Sejuani', 'Varus', 'Yone')",0,1,1
"('Cassiopeia', 'Jinx', 'Karma', 'Lee Sin', 'Yone')",1,0,1
"('Bard', 'Graves', 'Jhin', 'Rumble', 'Yone')",1,0,1
"('Galio', 'Gragas', 'Kalista', 'Pyke', 'Yone')",0,1,1
"('Ashe', 'Braum', 'Swain', 'Sylas', 'Yone')",0,1,1
"('Irelia', 'Lulu', 'Renekton', 'Taliyah', 'Zeri')",0,1,1
"('Darius', 'Nautilus', 'Taliyah', 'Varus', 'Vex')",0,1,1
"('Ahri', 'Darius', 'Taric', 'Varus', 'Vi')",0,1,1
"('Graves', ""K'Sante"", 'Lulu', 'Sylas', 'Varus')",0,1,1
"('Ashe', 'Caitlyn', 'Diana', ""Kha'Zix"", 'Ornn')",1,0,1
"('Lee Sin', 'Rell', 'Rumble', 'Tristana', 'Twisted Fate')",1,0,1
"('Ahri', 'Camille', 'Corki', 'Elise', 'Nautilus')",1,0,1
"('Blitzcrank', 'Gragas', 'Graves', 'LeBlanc', 'Varus')",1,0,1
"('Blitzcrank', 'Qiyana', 'Rengar', 'Rumble', 'Varus')",1,0,1
"(""K'Sante"", 'Karthus', 'Smolder', 'Thresh', 'Warwick')",0,1,1
"('Brand', ""K'Sante"", 'Nautilus', 'Taliyah', 'Varus')",1,0,1
"('Fiora', 'Jhin', 'Karma', 'Lee Sin', 'Lillia')",0,1,1
"('Ashe', 'Lillia', 'Renekton', 'Seraphine', 'Zed')",0,1,1
"('Garen', 'Graves', 'Jinx', 'Rakan', 'Vladimir')",1,0,1
"('Caitlyn', 'Camille', 'Karthus', 'Rell', 'Yone')",0,1,1
"('Gragas', 'Graves', 'LeBlanc', 'Thresh', 'Tristana')",0,1,1
"('Nidalee', 'Rell', 'Riven', 'Rumble', 'Xayah')",1,0,1
"('Hecarim', 'Skarner', 'Yuumi', 'Zeri', 'Zoe')",1,0,1
"('Hwei', ""Kai'Sa"", 'Nautilus', 'Rengar', 'Sett')",0,1,1
"('Darius', 'Graves', 'Hwei', 'Nautilus', 'Varus')",1,0,1
"('Ashe', 'Gnar', 'Nidalee', 'Senna', 'Tristana')",0,1,1
"('Hwei', ""K'Sante"", 'Seraphine', 'Xayah', 'Xin Zhao')",0,1,1
"('Alistar', 'Ashe', 'Jax', 'Nidalee', 'Qiyana')",0,1,1
"('Ashe', 'Corki', 'Jhin', 'Skarner', 'Zyra')",1,0,1
"('Akshan', 'Ezreal', 'Nami', 'Taliyah', 'Yone')",0,1,1
"('Draven', 'Gragas', 'Irelia', 'Senna', 'Tristana')",1,0,1
"('Jhin', 'Kennen', 'Nautilus', 'Qiyana', 'Vi')",1,0,1
"('Camille', 'Katarina', ""Kog'Maw"", 'Nidalee', 'Thresh')",0,1,1
"('Kennen', 'Lissandra', 'Olaf', 'Seraphine', 'Varus')",0,1,1
"('Ashe', 'Galio', 'Gragas', 'Rell', 'Vayne')",1,0,1
"('Alistar', 'Ashe', 'Galio', 'Gragas', 'Kindred')",0,1,1
"('Jayce', 'Lissandra', 'Nautilus', 'Nidalee', 'Zeri')",1,0,1
"('Ahri', 'Aphelios', 'Nautilus', 'Ornn', 'Viego')",1,0,1
"('Aatrox', 'Akshan', ""Kai'Sa"", 'Nautilus', 'Nidalee')",1,0,1
"('Elise', 'Irelia', 'Jhin', 'Rakan', 'Zac')",0,1,1
"('Camille', ""Kai'Sa"", 'Kindred', 'Rell', 'Tristana')",1,0,1
"('Camille', 'Irelia', 'Leona', 'Nidalee', 'Ziggs')",1,0,1
"('Akali', 'Aphelios', 'Nocturne', 'Renekton', 'Soraka')",1,0,1
"('Bard', 'Jhin', 'Lillia', 'Rumble', 'Viego')",1,0,1
"('Corki', 'Lillia', 'Nasus', 'Nautilus', 'Nocturne')",0,1,1
"('Darius', 'Jinx', 'LeBlanc', 'Taliyah', 'Thresh')",0,1,1
"('Darius', 'Karma', 'Nilah', 'Rell', 'Xin Zhao')",1,0,1
"('Caitlyn', 'Darius', 'Kindred', 'Lux', 'Zac')",1,0,1
"('Ashe', 'Graves', 'Kayle', 'Syndra', 'Thresh')",1,0,1
"('Akshan', 'Camille', 'Elise', 'Jinx', 'Thresh')",1,0,1
"('Camille', 'Nunu & Willump', 'Poppy', 'Varus', 'Zoe')",1,0,1
"('Anivia', 'Blitzcrank', 'Camille', 'Nilah', 'Viego')",0,1,1
"('Azir', 'Camille', 'Graves', 'Janna', 'Varus')",0,1,1
"('Ashe', 'Camille', 'Lissandra', 'Nautilus', ""Rek'Sai"")",0,1,1
"('Ashe', 'Hecarim', 'Kennen', 'Nautilus', 'Yasuo')",0,1,1
"('Jax', ""Kai'Sa"", 'Kennen', 'Skarner', 'Taliyah')",1,0,1
"('Brand', 'Darius', 'Karma', 'Tristana', 'Varus')",0,1,1
"('Camille', ""Kai'Sa"", 'Shaco', 'Soraka', 'Taliyah')",1,0,1
"('Darius', 'Jhin', ""Kha'Zix"", 'Pantheon', 'Zoe')",1,0,1
"('Darius', 'Jinx', 'Kindred', 'Thresh', 'Zoe')",0,1,1
"('Alistar', 'Azir', 'Darius', 'Jinx', 'Skarner')",0,1,1
"('Darius', 'Draven', 'Neeko', 'Rakan', 'Zac')",0,1,1
"('Corki', 'Darius', 'Nautilus', 'Nidalee', 'Ziggs')",0,1,1
"('Ahri', 'Caitlyn', 'Darius', 'Lee Sin', 'Pyke')",0,1,1
"('Darius', 'Nautilus', 'Taliyah', 'Varus', 'Viego')",1,0,1
"('Camille', 'Corki', 'Jayce', 'Karthus', 'Thresh')",1,0,1
"('Camille', 'Galio', 'Hwei', 'Lucian', 'Master Yi')",1,0,1
"('Darius', 'Kalista', ""Kha'Zix"", 'Rell', 'Vex')",0,1,1
"('Blitzcrank', 'Darius', ""Kai'Sa"", 'Syndra', 'Viego')",1,0,1
"('Ashe', 'Darius', 'Draven', 'Elise', 'Hwei')",0,1,1
"('Darius', 'Jhin', 'Mordekaiser', 'Rumble', 'Viego')",0,1,1
"('Corki', 'Darius', 'Nautilus', 'Taliyah', 'Zeri')",0,1,1
"('Caitlyn', 'Garen', ""Kha'Zix"", 'Shaco', 'Xerath')",1,0,1
"('Darius', 'LeBlanc', 'Rell', 'Varus', 'Viego')",1,0,1
"('Darius', 'Lucian', 'Nami', 'Taliyah', 'Viego')",0,1,1
"('Caitlyn', 'Darius', 'Lillia', 'Seraphine', 'Taliyah')",0,1,1
"('Darius', 'Jayce', 'Jinx', 'Nidalee', 'Thresh')",1,0,1
"('Azir', 'Ezreal', 'Renata Glasc', 'Ryze', 'Viego')",1,0,1
"('Braum', 'Darius', 'Nidalee', 'Tristana', 'Zeri')",0,1,1
"('Blitzcrank', 'Darius', 'Sejuani', 'Varus', 'Yone')",0,1,1
"('Cassiopeia', 'Darius', 'Leona', ""Rek'Sai"", 'Zeri')",0,1,1
"('Darius', 'Graves', ""Kai'Sa"", 'Karma', 'Katarina')",0,1,1
"('Darius', 'Nautilus', ""Rek'Sai"", 'Senna', 'Twisted Fate')",1,0,1
"('Darius', 'Graves', 'Rell', 'Twisted Fate', 'Zeri')",0,1,1
"('Akshan', 'Brand', 'Corki', 'Kennen', 'Zac')",1,0,1
"('Cassiopeia', 'Nasus', 'Nidalee', 'Rell', 'Twitch')",1,0,1
"('Hecarim', 'LeBlanc', 'Rumble', 'Skarner', 'Varus')",0,1,1
"('Ashe', 'Corki', 'Fiora', 'Lee Sin', 'Zac')",0,1,1
"('Aphelios', 'Kindred', 'Syndra', 'Thresh', 'Udyr')",1,0,1
"('Nidalee', 'Rakan', 'Renekton', 'Sivir', 'Syndra')",1,0,1
"('Graves', 'Jayce', ""Kai'Sa"", 'Rell', 'Syndra')",0,1,1
"('Ashe', 'Braum', 'Syndra', 'Xin Zhao', 'Zac')",1,0,1
"('Camille', 'Ezreal', 'Kindred', 'Seraphine', 'Taliyah')",0,1,1
"('Camille', 'Hwei', 'Lillia', 'Smolder', 'Viego')",1,0,1
"('Akshan', 'Garen', 'Janna', 'Taliyah', 'Zeri')",1,0,1
"('Akshan', 'Ashe', 'Brand', 'Jayce', 'Xerath')",0,1,1
"('Akshan', 'Ashe', 'Jax', 'Taliyah', 'Taric')",1,0,1
"('Aurelion Sol', ""Kai'Sa"", 'Kennen', 'Master Yi', 'Nautilus')",0,1,1
"('Akshan', 'Ashe', 'Jayce', 'Rell', 'Taliyah')",0,1,1
"('Akshan', 'Jinx', 'Lulu', ""Rek'Sai"", 'Rumble')",1,0,1
"('Graves', 'Rell', 'Smolder', 'Taliyah', 'Yone')",0,1,1
"(""Bel'Veth"", 'Hwei', 'Jhin', 'Malphite', 'Rumble')",0,1,1
"('Hwei', 'Karthus', 'Renekton', 'Swain', 'Zeri')",1,0,1
"('Aphelios', 'Braum', 'Hwei', 'Rengar', 'Singed')",0,1,1
"('Lee Sin', 'Lulu', 'Vex', 'Viego', 'Zeri')",0,1,1
"('Akshan', 'Ashe', 'Darius', 'Nidalee', 'Varus')",1,0,1
"(""K'Sante"", 'Lulu', ""Rek'Sai"", 'Syndra', 'Zeri')",1,0,1
"('Heimerdinger', ""Kai'Sa"", 'Lee Sin', 'Nautilus', 'Syndra')",1,0,1
"('Aphelios', 'Camille', 'Ekko', 'Leona', 'Syndra')",1,0,1
"(""K'Sante"", 'Pyke', 'Rumble', 'Syndra', 'Tristana')",1,0,1
"('Bard', 'Corki', 'Pantheon', 'Syndra', 'Viego')",1,0,1
"('Aphelios', ""Rek'Sai"", 'Syndra', 'Tryndamere', 'Zac')",1,0,1
"('Jax', 'Jinx', 'Morgana', 'Syndra', 'Taliyah')",0,1,1
"('Braum', 'Camille', 'Graves', 'Jinx', 'Syndra')",1,0,1
"('Ashe', 'Pantheon', 'Seraphine', 'Syndra', 'Vi')",0,1,1
"('Braum', 'Pantheon', 'Skarner', 'Syndra', 'Twitch')",1,0,1
"('Poppy', 'Syndra', 'Twisted Fate', 'Varus', 'Viego')",1,0,1
"('Corki', 'Elise', 'Nautilus', 'Syndra', 'Tryndamere')",1,0,1
"('Aatrox', 'Corki', ""Rek'Sai"", 'Sylas', 'Syndra')",1,0,1
"('Aphelios', 'Camille', 'Graves', 'Nautilus', 'Syndra')",0,1,1
"('Aphelios', ""K'Sante"", 'Nautilus', 'Syndra', 'Viego')",0,1,1
"('Jax', 'Jinx', 'Riven', 'Swain', 'Syndra')",0,1,1
"('Ashe', 'Pyke', ""Rek'Sai"", 'Sion', 'Syndra')",1,0,1
"('Graves', 'Skarner', 'Syndra', 'Thresh', 'Varus')",1,0,1
"('Camille', 'Lucian', 'Sona', 'Syndra', 'Viego')",1,0,1
"('Graves', 'Jinx', 'Pyke', 'Rumble', 'Syndra')",0,1,1
"('Akshan', 'Ashe', 'Lissandra', 'Nautilus', 'Nidalee')",1,0,1
"('Hwei', ""Kai'Sa"", ""Rek'Sai"", 'Rumble', 'Xerath')",0,1,1
"('Akshan', 'Bard', 'Kled', 'Rammus', 'Ziggs')",0,1,1
"('Corki', 'Jinx', 'Lillia', 'Nautilus', 'Renekton')",0,1,1
"('Diana', 'Jayce', 'Jinx', 'Lulu', 'Talon')",0,1,1
"('Kalista', 'Kennen', 'Rell', 'Taliyah', 'Vi')",1,0,1
"('Jax', ""Kai'Sa"", 'LeBlanc', 'Lee Sin', 'Pantheon')",1,0,1
"('Kalista', 'Neeko', 'Nunu & Willump', 'Vladimir', 'Yasuo')",0,1,1
"('Akali', 'Hecarim', ""Kai'Sa"", 'Rell', 'Zac')",1,0,1
"('Aphelios', 'Rakan', 'Rammus', 'Skarner', 'Yone')",1,0,1
"('Brand', 'Jinx', 'Olaf', 'Thresh', 'Zed')",0,1,1
"('Braum', 'Irelia', ""Kog'Maw"", 'Rumble', 'Yone')",0,1,1
"('Aatrox', 'Nasus', 'Talon', 'Thresh', 'Xayah')",1,0,1
"('Mordekaiser', 'Nidalee', 'Rakan', 'Yone', 'Zeri')",1,0,1
"('Lillia', 'Neeko', 'Renekton', 'Yone', 'Zeri')",0,1,1
"('Maokai', 'Singed', 'Taliyah', 'Twisted Fate', 'Zeri')",0,1,1
"('Braum', ""Kai'Sa"", 'Nidalee', 'Tristana', 'Volibear')",1,0,1
"('Camille', 'LeBlanc', 'Lillia', 'Pyke', 'Varus')",0,1,1
"('Kalista', 'Lee Sin', 'Rumble', 'Skarner', 'Twisted Fate')",0,1,1
"('Graves', 'Kalista', 'Pantheon', 'Thresh', 'Zoe')",0,1,1
"('Gragas', 'Jinx', 'Nasus', 'Thresh', 'Viego')",1,0,1
"('Fiddlesticks', 'Lucian', 'Nami', 'Olaf', 'Tristana')",1,0,1
"('Lillia', 'Pantheon', 'Poppy', 'Varus', 'Zed')",1,0,1
"('Braum', 'Hwei', 'Jax', 'Jinx', 'Viego')",1,0,1
"('Ashe', 'Riven', 'Seraphine', 'Viego', 'Viktor')",0,1,1
"('Alistar', 'Ezreal', 'Graves', 'Hwei', 'Viego')",1,0,1
"(""Kai'Sa"", 'Lee Sin', 'Nunu & Willump', 'Pantheon', 'Pyke')",1,0,1
"('Jax', 'Lucian', 'Nami', 'Pantheon', 'Taliyah')",1,0,1
"('Hwei', 'Poppy', 'Shen', 'Vex', 'Zeri')",0,1,1
"('Corki', 'Graves', 'Nautilus', 'Zac', 'Ziggs')",0,1,1
"('Hwei', ""Kai'Sa"", 'Nautilus', 'Singed', 'Skarner')",1,0,1
"('Hwei', 'Jax', 'Kalista', 'Renekton', 'Zyra')",0,1,1
"('Blitzcrank', 'Corki', 'Hwei', 'Irelia', 'Nidalee')",0,1,1
"('Akshan', 'Braum', 'Corki', 'Nidalee', 'Skarner')",1,0,1
"('Corki', 'Dr. Mundo', 'Graves', 'Hwei', 'Rell')",1,0,1
"(""Bel'Veth"", 'Camille', 'Rakan', 'Varus', 'Viktor')",0,1,1
"('Aatrox', 'Caitlyn', 'Gragas', 'Seraphine', 'Viego')",0,1,1
"('Ashe', 'Gwen', 'Jax', 'Neeko', 'Yone')",1,0,1
"('Aatrox', 'Graves', 'Jinx', 'Nautilus', 'Nidalee')",0,1,1
"('Blitzcrank', 'Gragas', 'Hwei', ""Rek'Sai"", 'Varus')",1,0,1
"('Jinx', 'Kled', 'Nautilus', 'Syndra', 'Viego')",1,0,1
"(""Kai'Sa"", 'Kindred', 'Skarner', 'Syndra', 'Thresh')",1,0,1
"(""Kai'Sa"", 'Kindred', 'Lux', 'Pyke', 'Twisted Fate')",1,0,1
"('Ezreal', 'Kennen', 'Kindred', 'Syndra', 'Thresh')",1,0,1
"('Graves', 'Jax', 'Lux', 'Miss Fortune', 'Rell')",1,0,1
"('Lux', 'Rell', 'Taliyah', 'Twisted Fate', 'Varus')",1,0,1
"('Blitzcrank', 'Jax', ""Kai'Sa"", 'Kindred', 'Lux')",1,0,1
"('Hecarim', 'Leona', 'Lux', 'Miss Fortune', 'Twisted Fate')",0,1,1
"('Braum', 'Draven', 'Lux', 'Talon', 'Twisted Fate')",0,1,1
"('Ashe', 'Hwei', 'Jax', 'Nidalee', 'Rell')",0,1,1
"('Azir', 'Blitzcrank', 'Kalista', 'Shaco', 'Skarner')",1,0,1
"('Blitzcrank', 'Cassiopeia', 'Darius', 'Graves', 'Zeri')",0,1,1
"('Ashe', 'Galio', 'Kindred', 'Pyke', 'Skarner')",0,1,1
"('Graves', ""Kai'Sa"", 'Leona', 'Skarner', 'Xerath')",1,0,1
"('Corki', 'Hwei', 'Lucian', 'Skarner', 'Taliyah')",0,1,1
"('Jayce', 'Jinx', 'Lillia', 'Skarner', 'Thresh')",0,1,1
"('Jinx', 'Lillia', 'Skarner', 'Thresh', 'Yone')",0,1,1
"('Camille', 'Graves', 'Hwei', 'Urgot', 'Ziggs')",0,1,1
"('Aphelios', 'Nidalee', 'Rakan', 'Skarner', 'Yasuo')",1,0,1
"('Draven', 'Thresh', 'Tryndamere', 'Vi', 'Viktor')",0,1,1
"('Gnar', 'Rell', 'Taliyah', 'Varus', 'Yasuo')",0,1,1
"('Gnar', 'Lux', 'Rakan', 'Varus', 'Viego')",1,0,1
"('Dr. Mundo', 'Lux', 'Nidalee', 'Varus', 'Yone')",0,1,1
"('Graves', ""Kai'Sa"", 'Lux', 'Skarner', 'Twisted Fate')",1,0,1
"('Lee Sin', 'Lux', 'Rumble', 'Vayne', 'Zeri')",1,0,1
"('Graves', 'Lux', 'Rell', 'Samira', 'Wukong')",1,0,1
"('Ashe', 'Caitlyn', 'Jax', 'Lux', 'Vi')",1,0,1
"('Karthus', 'Lux', 'Nautilus', 'Senna', 'Yasuo')",1,0,1
"('Hecarim', 'Hwei', 'Lux', 'Pantheon', 'Zeri')",0,1,1
"('Aatrox', 'Kalista', 'Lee Sin', 'Lux', 'Pyke')",0,1,1
"('Dr. Mundo', 'Heimerdinger', 'Lee Sin', 'Lux', 'Rakan')",1,0,1
"('Ashe', 'Elise', 'Lux', 'Senna', 'Volibear')",1,0,1
"('Ashe', ""Kha'Zix"", 'Lux', 'Rammus', 'Thresh')",1,0,1
"('Jayce', 'Lee Sin', 'Lux', 'Thresh', 'Varus')",1,0,1
"('Bard', 'Jhin', ""Kha'Zix"", 'Lux', 'Viego')",0,1,1
"('Amumu', ""Kai'Sa"", 'Lux', 'Nasus', 'Viego')",0,1,1
"('Aatrox', ""Bel'Veth"", ""Kai'Sa"", 'Lux', 'Rell')",1,0,1
"('Ashe', 'Braum', 'Lux', 'Rumble', 'Viego')",0,1,1
"('Graves', 'Lux', 'Rumble', 'Thresh', 'Varus')",1,0,1
"('Caitlyn', 'Irelia', 'Lux', 'Neeko', 'Shaco')",1,0,1
"('Alistar', 'Gnar', 'Lux', 'Nidalee', 'Varus')",1,0,1
"('Aatrox', 'Aphelios', 'Lillia', 'Thresh', 'Viego')",1,0,1
"('Nidalee', 'Nilah', 'Rell', 'Rumble', 'Yone')",1,0,1
"('Dr. Mundo', 'Ezreal', ""Rek'Sai"", 'Senna', 'Tristana')",0,1,1
"('Ashe', 'Corki', ""K'Sante"", 'Rakan', 'Taliyah')",1,0,1
"('Diana', 'Graves', 'Lucian', 'Nami', 'Tryndamere')",0,1,1
"('Karthus', 'Katarina', 'Senna', 'Shen', 'Zeri')",0,1,1
"('Aurelion Sol', 'Rakan', 'Renekton', 'Sivir', 'Taliyah')",1,0,1
"('Aatrox', 'Amumu', 'Jhin', 'Neeko', 'Rakan')",1,0,1
"('Aatrox', 'Hwei', 'Jinx', 'Lillia', 'Rakan')",1,0,1
"('Draven', 'Fiddlesticks', 'Skarner', 'Thresh', 'Yasuo')",1,0,1
"('Alistar', 'Lee Sin', 'Sivir', 'Smolder', 'Taliyah')",1,0,1
"('Aatrox', 'Caitlyn', ""Rek'Sai"", 'Rell', 'Syndra')",0,1,1
"('Akali', 'Kindred', 'Senna', 'Skarner', 'Twitch')",1,0,1
"('Rakan', 'Skarner', 'Syndra', 'Viego', 'Zeri')",1,0,1
"('Darius', 'Lucian', 'Soraka', 'Syndra', 'Viego')",0,1,1
"('Caitlyn', 'Nautilus', 'Rengar', 'Sett', 'Syndra')",0,1,1
"(""Bel'Veth"", 'Gwen', 'Sett', 'Syndra', 'Xayah')",1,0,1
"('Ashe', 'Graves', 'Kalista', 'Skarner', 'Syndra')",1,0,1
"('Aphelios', 'Blitzcrank', 'Olaf', 'Syndra', 'Viego')",0,1,1
"('Hecarim', 'Jax', ""Kai'Sa"", 'Pantheon', 'Syndra')",0,1,1
"('Aphelios', 'Darius', 'Thresh', 'Udyr', 'Viego')",1,0,1
"('Jhin', ""K'Sante"", 'Rengar', 'Rumble', 'Taliyah')",0,1,1
"('Jinx', 'Orianna', 'Rakan', ""Rek'Sai"", 'Urgot')",1,0,1
"('Ashe', 'LeBlanc', 'Master Yi', 'Renekton', 'Rumble')",1,0,1
"('Camille', 'Jinx', 'Rell', 'Viego', 'Viktor')",1,0,1
"('Ahri', 'Annie', 'Corki', 'Kindred', 'Twisted Fate')",0,1,1
"('Mordekaiser', 'Rell', 'Samira', 'Skarner', 'Yone')",0,1,1
"('Jhin', ""K'Sante"", 'Karthus', 'Qiyana', 'Skarner')",1,0,1
"('Lee Sin', 'Nautilus', 'Riven', 'Taliyah', 'Varus')",1,0,1
"('Aurelion Sol', 'Graves', 'Rakan', 'Rumble', 'Zeri')",1,0,1
"('Jayce', 'Jinx', ""K'Sante"", 'Karthus', 'Rell')",1,0,1
"('Draven', 'Karthus', 'Nautilus', 'Tristana', 'Twisted Fate')",1,0,1
"('Akshan', 'Braum', 'Gnar', 'Jinx', 'Taliyah')",0,1,1
"('Fiora', 'Hecarim', 'Hwei', 'Jinx', 'Seraphine')",0,1,1
"('Jhin', 'LeBlanc', 'Rengar', 'Rumble', 'Skarner')",0,1,1
"('Aphelios', 'Qiyana', 'Shen', 'Skarner', 'Taliyah')",1,0,1
"('Graves', ""K'Sante"", 'Kalista', 'Nautilus', 'Taliyah')",1,0,1
"('Akali', 'Aphelios', 'Irelia', 'Lee Sin', 'Thresh')",0,1,1
"('Graves', ""Kai'Sa"", 'Rakan', 'Renekton', 'Yasuo')",0,1,1
"('Ahri', 'Irelia', 'Lee Sin', 'Rakan', 'Zeri')",1,0,1
"('Fiddlesticks', 'Jayce', ""Kai'Sa"", 'Neeko', 'Skarner')",0,1,1
"('Ashe', 'Graves', 'Kennen', 'Pyke', 'Tristana')",1,0,1
"('Kennen', ""Kha'Zix"", 'Lux', 'Tryndamere', 'Zeri')",0,1,1
"('Jayce', 'Nidalee', 'Thresh', 'Tristana', 'Zeri')",1,0,1
"('Ashe', 'Graves', ""K'Sante"", ""Kai'Sa"", 'Zoe')",1,0,1
"('Akshan', 'Corki', ""K'Sante"", 'Nidalee', 'Rakan')",0,1,1
"('Ahri', 'Blitzcrank', 'Jinx', ""K'Sante"", 'Viego')",1,0,1
"('Ahri', 'Ashe', 'Nautilus', 'Rumble', 'Vi')",1,0,1
"('Anivia', 'Heimerdinger', ""K'Sante"", 'Kalista', 'Viego')",1,0,1
"('Graves', 'Nautilus', 'Teemo', 'Viktor', 'Zeri')",0,1,1
"('Ahri', 'Corki', ""K'Sante"", 'Nautilus', 'Viego')",0,1,1
"('Aatrox', 'Jhin', 'Qiyana', 'Zac', 'Zilean')",1,0,1
"('Jayce', 'Kindred', 'Pyke', 'Varus', 'Zoe')",0,1,1
"('Aatrox', 'Camille', 'Hwei', 'Lee Sin', 'Varus')",0,1,1
"('Heimerdinger', 'Irelia', 'Jayce', 'Karthus', 'Varus')",1,0,1
"('Ahri', 'Ashe', 'Braum', 'Taliyah', 'Twisted Fate')",1,0,1
"('Aatrox', 'Alistar', 'Jinx', ""Kha'Zix"", 'Twisted Fate')",1,0,1
"('Alistar', 'Jayce', ""K'Sante"", 'Nidalee', 'Varus')",0,1,1
"('Kalista', 'Renekton', 'Taliyah', 'Taric', 'Viego')",0,1,1
"('Ashe', 'Kindred', 'Renekton', 'Rumble', 'Viego')",1,0,1
"('Jayce', 'Neeko', 'Skarner', 'Zac', 'Zeri')",0,1,1
"('Lucian', 'Nami', 'Sion', 'Taliyah', 'Viego')",1,0,1
"('Braum', 'Corki', ""K'Sante"", ""Kai'Sa"", 'Lillia')",1,0,1
"('Akshan', 'Blitzcrank', 'Ekko', ""K'Sante"", 'Xayah')",0,1,1
"('Blitzcrank', ""Kha'Zix"", 'Olaf', 'Taliyah', 'Varus')",0,1,1
"('Camille', 'Jayce', 'Nidalee', 'Taric', 'Varus')",1,0,1
"('Gragas', 'Hwei', 'Nautilus', 'Samira', 'Viego')",0,1,1
"('Corki', 'Jax', 'Jayce', 'Lillia', 'Lulu')",0,1,1
"('Camille', 'Nidalee', 'Rammus', 'Tristana', 'Varus')",0,1,1
"('Corki', 'Leona', 'Lillia', 'Renekton', 'Tristana')",0,1,1
"('Ashe', 'Jax', 'Seraphine', 'Taliyah', 'Yasuo')",1,0,1
"('Graves', 'Jinx', 'Taliyah', 'Thresh', 'Vladimir')",0,1,1
"('Aurelion Sol', ""Kai'Sa"", 'Kled', 'Rell', 'Viego')",1,0,1
"('Ashe', 'Graves', 'Kennen', 'Xerath', 'Yone')",0,1,1
"('Neeko', 'Nidalee', 'Renekton', 'Tristana', 'Varus')",0,1,1
"('Bard', 'Hwei', 'Jhin', 'Lee Sin', 'Warwick')",0,1,1
"('Braum', 'Gragas', 'Jayce', 'Jinx', 'Lillia')",0,1,1
"('Lucian', 'Rell', 'Taliyah', 'Twisted Fate', 'Xayah')",0,1,1
"('Aurelion Sol', 'Fiora', 'Graves', 'Nautilus', 'Seraphine')",0,1,1
"('Aphelios', 'Gwen', 'Lee Sin', 'Thresh', 'Zoe')",1,0,1
"('Blitzcrank', 'Lillia', 'Sivir', 'Skarner', 'Vex')",0,1,1
"('Irelia', 'Jax', ""Kai'Sa"", 'Rumble', 'Taric')",1,0,1
"('Bard', 'Ezreal', 'Gangplank', ""K'Sante"", 'Karthus')",1,0,1
"('Leona', 'Pantheon', 'Rumble', 'Twisted Fate', 'Zeri')",0,1,1
"('Ashe', 'Elise', 'Rumble', 'Thresh', 'Yasuo')",1,0,1
"('Graves', 'Jax', ""Kai'Sa"", 'Rakan', 'Taliyah')",0,1,1
"('Akali', 'Lee Sin', 'Nautilus', 'Smolder', 'Tryndamere')",1,0,1
"('Camille', 'Illaoi', 'Neeko', 'Varus', 'Viego')",0,1,1
"('Akshan', 'Camille', 'Jinx', 'Riven', 'Taliyah')",1,0,1
"(""Kai'Sa"", 'Katarina', 'Rell', 'Riven', 'Viego')",1,0,1
"('Blitzcrank', 'Camille', 'Ekko', 'Graves', ""Kai'Sa"")",0,1,1
"('Heimerdinger', 'Irelia', 'Karthus', 'Nautilus', 'Udyr')",1,0,1
"('Graves', 'Jinx', 'Kled', 'LeBlanc', 'Rell')",0,1,1
"('Aatrox', 'Graves', 'Gwen', ""Kai'Sa"", 'Seraphine')",0,1,1
"('Ashe', 'Aurelion Sol', 'Dr. Mundo', 'Hecarim', 'Lux')",1,0,1
"('Anivia', 'Hecarim', 'Kennen', 'Pyke', 'Vayne')",1,0,1
"('Braum', 'Galio', 'Hecarim', 'Skarner', 'Smolder')",1,0,1
"('Ashe', 'Hecarim', 'Rell', 'Syndra', 'Tristana')",0,1,1
"('Hecarim', ""Kai'Sa"", 'Pantheon', 'Rakan', 'Vladimir')",1,0,1
"('Hecarim', 'Hwei', 'Jinx', 'Seraphine', 'Zac')",1,0,1
"('Akali', 'Braum', 'Hecarim', 'Jayce', 'Varus')",1,0,1
"('Lee Sin', 'Nautilus', 'Qiyana', 'Tryndamere', 'Ziggs')",1,0,1
"('Jayce', 'Kalista', 'Nidalee', 'Pyke', 'Riven')",0,1,1
"('Jinx', 'Mordekaiser', 'Nautilus', 'Taliyah', 'Talon')",0,1,1
"('Jinx', ""K'Sante"", 'Sylas', 'Talon', 'Taric')",0,1,1
"('Aphelios', 'Nidalee', 'Teemo', 'Thresh', 'Tristana')",0,1,1
"('Bard', 'Dr. Mundo', ""Kai'Sa"", 'Lillia', 'Lucian')",0,1,1
"('Ashe', 'Camille', 'Milio', 'Nidalee', 'Tristana')",1,0,1
"('Gwen', ""Kha'Zix"", 'LeBlanc', 'Miss Fortune', 'Seraphine')",1,0,1
"('Ashe', 'Gwen', 'Orianna', 'Seraphine', 'Xin Zhao')",1,0,1
"('Ashe', 'Nautilus', 'Rumble', 'Sett', 'Tristana')",1,0,1
"('Bard', 'Jhin', 'Nidalee', 'Tryndamere', 'Zoe')",1,0,1
"('Gragas', ""Kai'Sa"", 'Pyke', 'Riven', 'Talon')",1,0,1
"('Darius', 'Nocturne', 'Rell', 'Sylas', 'Varus')",0,1,1
"('Akali', 'Corki', 'Graves', 'Rell', 'Zeri')",1,0,1
"('Alistar', 'Azir', ""Bel'Veth"", 'Tristana', 'Xerath')",0,1,1
"('Corki', 'Hwei', 'Jax', ""Rek'Sai"", 'Shaco')",0,1,1
"('Aatrox', 'Irelia', 'Seraphine', 'Taliyah', 'Zeri')",0,1,1
"('Graves', 'Hwei', 'Jayce', 'Senna', 'Sivir')",0,1,1
"('Annie', 'Caitlyn', 'Karma', 'Kindred', 'Renekton')",1,0,1
"('Akshan', 'Ashe', 'Camille', 'Lillia', 'Rell')",1,0,1
"('Aphelios', ""K'Sante"", 'Karthus', 'Rell', 'Yone')",0,1,1
"('Camille', 'Nidalee', 'Rakan', 'Smolder', 'Yasuo')",0,1,1
"('Hwei', 'Kled', 'Lee Sin', 'Smolder', 'Thresh')",0,1,1
"('Akali', 'Janna', 'Jax', 'Lee Sin', ""Vel'Koz"")",0,1,1
"('Irelia', 'Karthus', 'Rakan', 'Skarner', 'Xayah')",1,0,1
"('Corki', 'Master Yi', 'Pantheon', 'Rell', 'Rumble')",0,1,1
"('Ashe', 'Qiyana', 'Rumble', 'Taliyah', 'Varus')",1,0,1
"('Corki', 'Galio', 'Jax', 'Kassadin', 'Viego')",1,0,1
"('Ahri', 'Corki', 'Olaf', 'Rell', 'Viego')",1,0,1
"('Corki', 'Kennen', 'Kled', 'Rakan', 'Viego')",1,0,1
"('Brand', ""K'Sante"", 'Nautilus', 'Seraphine', 'Yone')",0,1,1
"('Aphelios', 'Corki', 'Seraphine', 'Skarner', 'Zyra')",1,0,1
"('Corki', 'Jayce', 'Katarina', 'Rakan', ""Rek'Sai"")",1,0,1
"('Akshan', 'Corki', 'Ekko', ""Kog'Maw"", 'Rell')",1,0,1
"('Kayle', 'Qiyana', 'Rell', 'Taliyah', 'Varus')",1,0,1
"('Akali', 'Graves', 'Jax', ""Kai'Sa"", 'Rell')",1,0,1
"('Darius', 'Galio', 'Lillia', 'Tristana', 'Zeri')",0,1,1
"('Brand', 'Camille', 'Kalista', 'Rell', 'Yasuo')",0,1,1
"(""Kog'Maw"", 'Nunu & Willump', 'Rell', 'Renekton', 'Sylas')",1,0,1
"('Rell', 'Sejuani', 'Viego', 'Zeri', 'Zoe')",1,0,1
"('Ahri', 'Fiora', 'Jhin', ""Rek'Sai"", 'Rell')",1,0,1
"('Camille', 'Corki', 'Nidalee', 'Rell', 'Zeri')",0,1,1
"('Ekko', 'Jax', 'Jinx', 'Rell', 'Talon')",0,1,1
"('Darius', 'Lucian', 'Nami', 'Rumble', 'Viego')",1,0,1
"('Jhin', ""Kha'Zix"", 'Skarner', 'Syndra', 'Zoe')",1,0,1
"('Akali', 'Gnar', 'Karthus', 'Rakan', 'Zeri')",0,1,1
"('Nautilus', 'Nidalee', 'Pantheon', 'Skarner', 'Zeri')",0,1,1
"('Ahri', 'Caitlyn', 'Rell', 'Skarner', 'Viego')",1,0,1
"('Jhin', 'Katarina', 'Kennen', ""Rek'Sai"", 'Rell')",0,1,1
"('Corki', 'Jayce', 'Nidalee', 'Rell', 'Skarner')",1,0,1
"(""Kha'Zix"", 'Neeko', 'Olaf', 'Rell', 'Varus')",1,0,1
"('Corki', 'Gragas', 'Rell', 'Sylas', 'Tristana')",0,1,1
"('Camille', 'Ezreal', ""Rek'Sai"", 'Seraphine', 'Taliyah')",0,1,1
"('Ezreal', 'Lee Sin', 'Rakan', 'Singed', 'Syndra')",1,0,1
"('Anivia', 'Galio', 'Kindred', 'Lucian', 'Nami')",0,1,1
"('Aatrox', 'Lucian', 'Malzahar', 'Nami', 'Warwick')",0,1,1
"(""Kai'Sa"", 'Kayn', 'Rell', 'Renekton', 'Twisted Fate')",1,0,1
"('Lillia', 'Lulu', 'Rengar', 'Talon', 'Twitch')",1,0,1
"('Aatrox', 'Ashe', 'Galio', 'Nidalee', 'Rell')",0,1,1
"('Fizz', 'Jax', ""Kai'Sa"", 'Rell', 'Viego')",0,1,1
"('Ashe', 'Braum', 'Jax', 'Nidalee', 'Talon')",1,0,1
"('Hecarim', 'Lucian', 'Rell', 'Vayne', 'Vladimir')",1,0,1
"('Alistar', 'Ryze', 'Taliyah', 'Varus', 'Viego')",1,0,1
"('Aphelios', 'Camille', 'Graves', 'Hwei', 'Thresh')",1,0,1
"('Camille', 'Corki', 'Nunu & Willump', 'Seraphine', 'Sylas')",1,0,1
"('Aphelios', 'Hwei', 'Jax', 'Skarner', 'Thresh')",0,1,1
"('Corki', 'Hwei', ""K'Sante"", 'Qiyana', 'Rakan')",0,1,1
"('Camille', 'Heimerdinger', 'Hwei', 'Lee Sin', 'Viego')",1,0,1
"('Caitlyn', 'Hwei', 'Lee Sin', 'Rakan', 'Tryndamere')",1,0,1
"('Galio', 'Heimerdinger', 'Lucian', 'Nami', 'Viego')",0,1,1
"('Kalista', 'Nidalee', 'Pantheon', 'Rell', 'Seraphine')",1,0,1
"('Graves', 'Hwei', 'Jinx', 'Nautilus', 'Twisted Fate')",0,1,1
"('Darius', 'Draven', 'Galio', 'Lee Sin', 'Swain')",1,0,1
"('Akshan', 'Jax', 'Jhin', 'Rell', 'Taliyah')",1,0,1
"('Akshan', 'Jayce', 'Nidalee', 'Thresh', 'Twisted Fate')",1,0,1
"(""Bel'Veth"", 'Hwei', 'Nautilus', 'Renekton', 'Senna')",0,1,1
"('Hwei', 'Kindred', 'Senna', 'Skarner', 'Ziggs')",0,1,1
"('Galio', 'Graves', 'Jax', 'Pyke', ""Vel'Koz"")",1,0,1
"(""Kai'Sa"", 'Kayn', 'Orianna', 'Pyke', 'Sett')",1,0,1
"('Corki', 'Heimerdinger', 'Kindred', 'Poppy', 'Taliyah')",0,1,1
"('Aatrox', 'Akshan', 'Gragas', 'Jinx', 'Lillia')",1,0,1
"('Galio', ""Kai'Sa"", 'Nautilus', 'Tryndamere', 'Viego')",0,1,1
"('Akshan', 'Alistar', 'Jayce', 'Nidalee', 'Sion')",1,0,1
"('Camille', 'Cassiopeia', 'Hwei', 'Riven', 'Skarner')",0,1,1
"('Aatrox', 'Ashe', 'Jax', 'Lulu', 'Viego')",1,0,1
"('Akshan', 'Nautilus', 'Rumble', 'Taliyah', 'Xayah')",0,1,1
"('Fiddlesticks', 'Fiora', 'Janna', ""K'Sante"", 'Zeri')",0,1,1
"('Ezreal', 'Jayce', ""K'Sante"", 'Karma', 'Nidalee')",1,0,1
"('Galio', 'Irelia', 'Lee Sin', 'Rakan', 'Twitch')",0,1,1
"('Kalista', 'Skarner', 'Teemo', 'Vex', 'Viego')",1,0,1
"(""K'Sante"", ""Rek'Sai"", 'Rumble', 'Seraphine', 'Xayah')",1,0,1
"('Fiora', ""K'Sante"", 'Lucian', 'Nautilus', 'Nidalee')",1,0,1
"('Caitlyn', ""K'Sante"", 'Lee Sin', 'Lux', 'Vladimir')",0,1,1
"('Draven', 'Galio', 'Gragas', 'Rell', 'Viego')",1,0,1
"('Hwei', 'Jinx', 'Rakan', 'Shen', 'Xin Zhao')",1,0,1
"('Heimerdinger', 'Jayce', ""K'Sante"", 'Lillia', 'Rell')",1,0,1
"('Braum', 'Galio', 'Lee Sin', 'Rumble', 'Zeri')",0,1,1
"('Galio', ""Kai'Sa"", 'Nautilus', 'Rengar', 'Rumble')",0,1,1
"('Blitzcrank', ""K'Sante"", ""Kai'Sa"", 'Karthus', 'Pantheon')",0,1,1
"('Hwei', ""K'Sante"", ""Kha'Zix"", 'Maokai', 'Zeri')",1,0,1
"('Camille', 'Lee Sin', 'Lux', 'Rumble', 'Tristana')",1,0,1
"('Caitlyn', 'Irelia', 'Lux', 'Skarner', 'Taliyah')",0,1,1
"('Galio', 'Graves', ""Kai'Sa"", 'Rell', 'Skarner')",1,0,1
"('Blitzcrank', 'Fiddlesticks', 'Gnar', ""Kai'Sa"", 'Yone')",1,0,1
"('Galio', 'Graves', 'Jinx', 'Lulu', 'Vladimir')",1,0,1
"('Darius', 'Jinx', 'Nautilus', 'Nidalee', 'Pantheon')",0,1,1
"('Alistar', 'Aphelios', 'Jax', 'Taliyah', 'Twisted Fate')",1,0,1
"('Camille', 'Jhin', 'Nidalee', 'Thresh', 'Tristana')",1,0,1
"('Camille', 'Corki', 'Jax', 'Soraka', 'Syndra')",1,0,1
"('Akali', 'Camille', 'Jinx', 'Talon', 'Twisted Fate')",1,0,1
"('Akali', 'Braum', 'Camille', 'Nidalee', 'Varus')",1,0,1
"('Camille', 'Galio', 'Graves', 'Kled', 'Samira')",0,1,1
"('Graves', 'Gwen', 'Kalista', 'Rumble', 'Soraka')",1,0,1
"('Camille', 'Galio', 'Lucian', 'Nami', 'Taliyah')",1,0,1
"('Akali', 'Camille', 'Nidalee', 'Rell', 'Varus')",0,1,1
"('Camille', 'Fiddlesticks', ""Kai'Sa"", 'Rell', 'Yasuo')",0,1,1
"('Akshan', 'Camille', 'Lucian', 'Nidalee', 'Pantheon')",1,0,1
"('Anivia', 'Camille', 'Jinx', 'Shaco', 'Thresh')",1,0,1
"('Camille', 'Jayce', ""Kai'Sa"", 'Karthus', 'Twisted Fate')",1,0,1
"('Camille', 'Corki', 'Hwei', 'Lillia', 'Qiyana')",0,1,1
"('Aurelion Sol', 'Camille', 'Jayce', 'Jhin', 'Nidalee')",0,1,1
"('Braum', 'Corki', 'Katarina', 'Nidalee', 'Quinn')",1,0,1
"('Braum', 'Jinx', 'Renekton', 'Taliyah', 'Tristana')",1,0,1
"('Ashe', 'Ekko', 'Janna', 'Jayce', 'Malphite')",1,0,1
"('Ashe', 'Draven', 'Pantheon', 'Taliyah', 'Viktor')",0,1,1
"('Gwen', 'Irelia', 'Nautilus', 'Nidalee', 'Zeri')",1,0,1
"('Akali', 'Corki', 'Karthus', 'Kled', 'Nautilus')",1,0,1
"('Corki', 'Diana', 'Lulu', 'Skarner', 'Viktor')",1,0,1
"('Corki', 'Elise', 'Jayce', 'Nautilus', 'Renekton')",1,0,1
"('Akali', 'Hecarim', 'Jinx', 'Nautilus', 'Vladimir')",1,0,1
"('Cassiopeia', 'Corki', 'Rakan', ""Rek'Sai"", 'Zeri')",1,0,1
"('Camille', 'Nautilus', ""Rek'Sai"", 'Zeri', 'Zoe')",0,1,1
"('Alistar', 'Corki', 'Syndra', 'Viego', 'Warwick')",1,0,1
"('Draven', 'Ekko', 'Graves', 'Lee Sin', 'Milio')",1,0,1
"('Corki', 'Hwei', 'Rell', 'Renekton', 'Viego')",0,1,1
"('Aphelios', 'Braum', 'Jayce', 'Skarner', 'Taliyah')",0,1,1
"('Camille', ""Kog'Maw"", 'Rakan', ""Vel'Koz"", 'Xin Zhao')",0,1,1
"('Corki', 'Irelia', 'Janna', 'Karthus', 'Rumble')",0,1,1
"('Akshan', 'Jayce', 'Jinx', 'Lulu', 'Maokai')",1,0,1
"('Alistar', 'Jayce', 'Kindred', 'Nunu & Willump', 'Skarner')",0,1,1
"('Aphelios', 'Aurelion Sol', 'Braum', 'Graves', 'Malphite')",1,0,1
"('Camille', 'Corki', 'Master Yi', 'Twisted Fate', 'Zyra')",1,0,1
"('Camille', 'Jhin', 'Kindred', 'Rumble', 'Twisted Fate')",1,0,1
"('Amumu', 'Hwei', 'Lulu', 'Nasus', 'Varus')",0,1,1
"('Ahri', 'Camille', ""Kai'Sa"", 'Rakan', 'Xin Zhao')",0,1,1
"('Akali', 'Camille', 'Lee Sin', 'Talon', 'Zeri')",0,1,1
"('Gnar', 'Jinx', 'Lillia', 'Thresh', 'Zed')",0,1,1
"('Akali', ""Kai'Sa"", 'Lee Sin', 'Nautilus', 'Twisted Fate')",0,1,1
"('Camille', 'Fiora', 'Nidalee', 'Qiyana', 'Varus')",0,1,1
"('Ashe', 'Braum', 'Camille', 'Fiddlesticks', 'Lee Sin')",0,1,1
"('Camille', 'Kalista', 'Pantheon', ""Rek'Sai"", 'Syndra')",1,0,1
"('Kalista', 'Nasus', 'Nautilus', 'Sylas', 'Viego')",1,0,1
"('Aphelios', 'Camille', 'LeBlanc', 'Seraphine', 'Viego')",1,0,1
"('Gwen', 'Nidalee', 'Rell', 'Samira', 'Sylas')",1,0,1
"('Camille', 'Kennen', 'Lee Sin', 'Nunu & Willump', 'Tristana')",1,0,1
"('Camille', 'Irelia', ""Kai'Sa"", 'Orianna', 'Vi')",0,1,1
"('Camille', 'Galio', 'Graves', 'Lucian', 'Quinn')",0,1,1
"('Camille', 'Corki', 'Galio', 'Lee Sin', 'Renekton')",1,0,1
"('Camille', 'Gwen', 'Hwei', 'Jax', 'Zeri')",1,0,1
"('Camille', ""Cho'Gath"", 'Irelia', ""Kai'Sa"", 'Taliyah')",0,1,1
"('Camille', 'Gragas', ""Kai'Sa"", 'Kindred', 'Orianna')",0,1,1
"('Alistar', ""K'Sante"", 'Nunu & Willump', 'Twisted Fate', 'Zeri')",1,0,1
"('Hwei', ""Kha'Zix"", 'Nautilus', 'Riven', 'Tristana')",0,1,1
"('Aatrox', 'Camille', 'LeBlanc', 'Lucian', 'Taliyah')",1,0,1
"('Kayn', 'Rell', 'Tryndamere', 'Varus', 'Zoe')",1,0,1
"('Anivia', 'Camille', 'Draven', 'Graves', 'Viktor')",1,0,1
"('Camille', 'Jinx', 'Karthus', 'Naafiri', 'Rakan')",0,1,1
"('Camille', 'Galio', ""Kai'Sa"", 'Kindred', 'Renekton')",0,1,1
"('Caitlyn', 'Camille', 'Gragas', 'Kayn', 'Syndra')",0,1,1
"('Camille', 'Heimerdinger', 'Jayce', 'Kindred', 'Syndra')",1,0,1
"('Camille', 'Jinx', 'Karthus', ""Vel'Koz"", 'Xerath')",0,1,1
"('Aphelios', 'Fizz', 'Lulu', 'Olaf', 'Viego')",1,0,1
"('Camille', 'Jinx', 'Rell', 'Vex', 'Viego')",1,0,1
"('Aphelios', 'Blitzcrank', 'Gragas', 'Irelia', 'Rumble')",0,1,1
"('Fiddlesticks', 'Gnar', 'Miss Fortune', 'Yone', 'Zyra')",1,0,1
"('Camille', 'Hwei', 'Jinx', 'Master Yi', 'Thresh')",0,1,1
"('Aphelios', 'Kled', 'Sylas', 'Thresh', 'Viego')",1,0,1
"('Aphelios', 'Kled', 'LeBlanc', 'Nidalee', 'Thresh')",1,0,1
"('Azir', 'Kalista', 'Maokai', 'Riven', 'Senna')",0,1,1
"('Kennen', 'Nautilus', ""Rek'Sai"", 'Samira', 'Viego')",1,0,1
"('Aphelios', 'Jayce', 'Maokai', 'Veigar', 'Viego')",1,0,1
"('Ahri', 'Cassiopeia', 'Graves', 'Twitch', 'Wukong')",1,0,1
"('Cassiopeia', 'Jayce', 'Malphite', 'Neeko', ""Rek'Sai"")",1,0,1
"('Caitlyn', 'Lux', 'Renekton', 'Viego', 'Zoe')",0,1,1
"('Corki', 'Hwei', 'Kayn', 'Nautilus', 'Skarner')",0,1,1
"('Aatrox', 'Ashe', 'Karthus', 'Seraphine', 'Tristana')",1,0,1
"('Jinx', 'Lee Sin', 'Rakan', 'Shen', 'Taliyah')",0,1,1
"('Ashe', 'Corki', 'Gragas', 'Hwei', 'Viego')",0,1,1
"('Aatrox', 'Jayce', 'Nautilus', 'Nidalee', 'Smolder')",1,0,1
"('Gwen', 'Hwei', 'Kindred', 'Rumble', 'Varus')",1,0,1
"('Hwei', ""Kai'Sa"", 'Nidalee', 'Rell', 'Vayne')",0,1,1
"('Cassiopeia', 'Gnar', 'Graves', 'Leona', 'Tristana')",0,1,1
"('Corki', ""Kai'Sa"", 'Lee Sin', 'Pyke', 'Rumble')",1,0,1
"('Blitzcrank', 'Brand', 'Jayce', 'Malphite', 'Zeri')",1,0,1
"('Corki', ""K'Sante"", 'Lillia', 'Orianna', 'Pyke')",0,1,1
"('Camille', 'Corki', ""Kai'Sa"", 'Rumble', 'Viego')",1,0,1
"('Aurelion Sol', 'Caitlyn', 'Lee Sin', 'Poppy', 'Twisted Fate')",1,0,1
"('Camille', 'Diana', 'Jinx', 'Kennen', 'Yasuo')",1,0,1
"('Aurelion Sol', 'Camille', 'Senna', 'Smolder', 'Xin Zhao')",1,0,1
"('Akali', ""Bel'Veth"", 'Corki', 'Pyke', 'Rumble')",1,0,1
"('Camille', 'Kalista', 'Nidalee', 'Tristana', 'Volibear')",1,0,1
"('Aatrox', 'Akali', 'Brand', 'Draven', 'Gragas')",1,0,1
"('Ashe', 'Corki', 'Lee Sin', 'Nautilus', 'Skarner')",1,0,1
"('Akali', 'Draven', 'Lee Sin', 'Poppy', 'Zac')",0,1,1
"('Illaoi', 'Jinx', 'Lillia', 'Thresh', 'Tristana')",0,1,1
"('Corki', 'Jarvan IV', 'Rell', 'Riven', 'Taliyah')",1,0,1
"('Akshan', 'Anivia', 'Nautilus', 'Quinn', 'Viego')",1,0,1
"('Jax', 'Nidalee', 'Rakan', 'Talon', 'Zeri')",0,1,1
"('Ahri', 'Ezreal', 'Kennen', 'Lee Sin', 'Seraphine')",0,1,1
"('Kled', 'Nautilus', 'Sylas', 'Viego', 'Zeri')",0,1,1
"('Caitlyn', 'Corki', ""K'Sante"", 'Rell', 'Taliyah')",0,1,1
"('Brand', 'Hwei', 'Skarner', 'Varus', 'Yone')",1,0,1
"('Gnar', ""Kai'Sa"", 'Lillia', 'Nautilus', 'Tristana')",0,1,1
"('Aurelion Sol', 'Jinx', 'Thresh', 'Viego', 'Volibear')",1,0,1
"('Corki', 'Jayce', 'Rumble', 'Skarner', 'Thresh')",1,0,1
"('Alistar', ""Kog'Maw"", 'Nidalee', 'Renekton', 'Yone')",0,1,1
"('Azir', 'Fiora', 'Graves', 'Rakan', 'Twitch')",0,1,1
"('Caitlyn', 'Galio', 'Heimerdinger', 'Lee Sin', 'Renekton')",1,0,1
"('Azir', ""Bel'Veth"", 'Jinx', 'Rakan', 'Shen')",1,0,1
"('Azir', 'Corki', 'Graves', 'Rell', 'Renekton')",1,0,1
"('Annie', 'Corki', 'Lee Sin', 'Poppy', 'Riven')",1,0,1
"('Lucian', 'Nami', 'Riven', 'Taliyah', 'Yone')",1,0,1
"('Anivia', 'Camille', 'Jax', ""Kai'Sa"", 'Lee Sin')",1,0,1
"('Aatrox', 'Alistar', 'Caitlyn', 'LeBlanc', ""Rek'Sai"")",0,1,1
"('Camille', 'Jayce', 'Rumble', 'Taliyah', 'Tristana')",0,1,1
"('Braum', 'Jinx', 'Nidalee', 'Rumble', 'Tristana')",1,0,1
"('Corki', 'Kennen', 'Pyke', ""Rek'Sai"", 'Sylas')",1,0,1
"('Jayce', 'Jinx', 'Karthus', 'Sylas', 'Tahm Kench')",1,0,1
"('Diana', 'Jinx', 'Kindred', 'Nasus', 'Pyke')",1,0,1
"('Kayn', 'Lucian', 'Mordekaiser', 'Nami', 'Xerath')",0,1,1
"('Camille', ""Kai'Sa"", 'Nautilus', 'Nidalee', 'Viego')",1,0,1
"('Braum', 'Camille', 'Jinx', 'Lillia', 'Twisted Fate')",0,1,1
"('Akshan', 'Elise', ""K'Sante"", 'Lucian', 'Milio')",1,0,1
"('Alistar', 'Draven', ""Rek'Sai"", 'Twisted Fate', 'Yone')",0,1,1
"(""Kai'Sa"", 'Nautilus', 'Nidalee', 'Rumble', 'Yasuo')",1,0,1
"(""Kha'Zix"", 'Lucian', 'Milio', 'Skarner', 'Twisted Fate')",1,0,1
"('Aphelios', 'Katarina', 'Lillia', 'Nautilus', 'Vayne')",0,1,1
"(""Kai'Sa"", 'Kayle', 'LeBlanc', 'Lee Sin', 'Rakan')",0,1,1
"('Corki', 'Gragas', 'Graves', 'Nautilus', 'Zoe')",1,0,1
"('Akshan', 'Corki', 'Pyke', 'Rumble', 'Taliyah')",1,0,1
"('Alistar', ""Kai'Sa"", 'Malphite', 'Orianna', 'Wukong')",0,1,1
"('Corki', 'Fiddlesticks', 'Lucian', 'Shaco', 'Sion')",0,1,1
"('Akali', 'Ashe', 'Gragas', 'Kennen', 'Pantheon')",0,1,1
"('Draven', 'Gnar', 'Jayce', 'Nautilus', 'Taliyah')",0,1,1
"('Pyke', 'Qiyana', 'Renekton', 'Taliyah', 'Varus')",1,0,1
"('Akali', 'Camille', 'Jax', ""Kai'Sa"", ""Rek'Sai"")",1,0,1
"('Alistar', 'Gnar', 'Hecarim', 'Hwei', 'Varus')",1,0,1
"('Akali', 'Camille', 'Irelia', 'Lillia', 'Varus')",0,1,1
"('Camille', 'Nidalee', 'Renekton', 'Tristana', 'Varus')",1,0,1
"('Darius', 'Ezreal', 'Rakan', 'Viego', 'Zoe')",1,0,1
"('Diana', 'Kindred', 'Olaf', 'Senna', 'Xayah')",0,1,1
"('Blitzcrank', 'Jayce', ""Kai'Sa"", 'Sett', 'Taliyah')",1,0,1
"('Akshan', 'Ashe', 'Ezreal', 'Skarner', 'Taliyah')",0,1,1
"('Blitzcrank', 'Camille', 'Corki', 'Graves', 'Hwei')",0,1,1
"(""Bel'Veth"", 'Gragas', 'Hwei', 'Jinx', 'Pyke')",1,0,1
"('Bard', 'Graves', ""K'Sante"", 'Orianna', 'Varus')",1,0,1
"('Karthus', 'Taric', 'Tristana', 'Tryndamere', 'Warwick')",1,0,1
"('Blitzcrank', 'Jinx', 'Nidalee', 'Pantheon', 'Zoe')",1,0,1
"('Gnar', 'Lucian', 'Pyke', 'Syndra', 'Viego')",1,0,1
"('Jax', 'Kalista', 'Pyke', 'Qiyana', 'Taliyah')",0,1,1
"('Camille', 'Corki', 'Neeko', 'Ornn', 'Wukong')",0,1,1
"('Ashe', 'Rell', 'Rumble', 'Yasuo', 'Zac')",0,1,1
"('Braum', 'Camille', 'Jayce', 'Lucian', 'Nidalee')",0,1,1
"('Camille', ""Kai'Sa"", 'Nautilus', 'Syndra', 'Viego')",0,1,1
"('Alistar', 'Azir', 'Dr. Mundo', 'Draven', 'Elise')",1,0,1
"('Akshan', 'Ashe', 'Camille', 'Lillia', 'Zed')",1,0,1
"('Akshan', 'Ezreal', 'Fiora', 'Rell', 'Taliyah')",1,0,1
"('Ashe', 'Aurelion Sol', 'Gnar', 'Graves', 'Maokai')",1,0,1
"('Irelia', 'Janna', 'Taliyah', 'Twisted Fate', 'Varus')",1,0,1
"('Braum', 'Fiora', 'Graves', 'Jinx', 'Vex')",0,1,1
"('Aphelios', 'Braum', 'Nidalee', 'Renekton', 'Rumble')",0,1,1
"('Aurelion Sol', 'Corki', 'Graves', 'Irelia', 'Skarner')",0,1,1
"(""Kai'Sa"", 'Karma', 'Ornn', 'Sett', 'Viego')",0,1,1
"('Gragas', ""K'Sante"", 'Lulu', 'Taliyah', 'Zeri')",0,1,1
"('Diana', 'Graves', 'Rell', 'Sylas', 'Zeri')",0,1,1
"('Aatrox', 'Braum', 'Graves', 'Sylas', 'Tristana')",1,0,1
"('Braum', 'Graves', 'Jinx', 'Teemo', 'Twisted Fate')",1,0,1
"('Jayce', 'Nautilus', 'Nidalee', 'Twisted Fate', 'Varus')",0,1,1
"('Irelia', 'Jinx', 'Leona', 'Nidalee', 'Ryze')",1,0,1
"('Jhin', 'Nautilus', 'Nidalee', 'Orianna', 'Renekton')",1,0,1
"('Bard', 'Ezreal', 'Nidalee', 'Tristana', 'Tryndamere')",1,0,1
"('Ashe', 'Elise', 'Seraphine', 'Vayne', 'Yone')",1,0,1
"('Ashe', 'Irelia', 'Janna', 'Nidalee', 'Skarner')",1,0,1
"('Graves', 'Lux', 'Nautilus', 'Olaf', 'Zeri')",1,0,1
"(""K'Sante"", 'Taliyah', 'Yasuo', 'Yuumi', 'Zeri')",0,1,1
"('Graves', 'Jinx', 'Rakan', 'Skarner', 'Sylas')",0,1,1
"('Graves', 'Morgana', 'Rumble', 'Talon', 'Zeri')",1,0,1
"('Kennen', 'Leona', 'Rengar', 'Samira', 'Vex')",1,0,1
"('Annie', 'Graves', 'Kalista', 'Renata Glasc', 'Rumble')",1,0,1
"('Camille', 'Hwei', 'Kennen', 'Varus', 'Viego')",0,1,1
"('Aphelios', 'Jax', 'Leona', 'Lillia', 'Viktor')",0,1,1
"('Ashe', 'Aurelion Sol', 'Jinx', 'Shaco', 'Skarner')",1,0,1
"('Gragas', 'Lee Sin', 'Lucian', 'Olaf', 'Seraphine')",1,0,1
"('Bard', 'Caitlyn', 'Graves', 'Hwei', 'Rumble')",0,1,1
"('Camille', 'Graves', 'Gwen', 'Jinx', 'Zoe')",1,0,1
"('Gragas', 'Graves', 'Hwei', ""Kai'Sa"", 'Seraphine')",1,0,1
"('Blitzcrank', 'Corki', 'Diana', 'Jax', 'Jayce')",1,0,1
"('Akali', 'Caitlyn', 'Kennen', 'Lux', ""Rek'Sai"")",0,1,1
"('Akali', 'Graves', 'Jinx', 'Skarner', 'Thresh')",0,1,1
"('Ashe', 'Jayce', 'Lillia', 'Soraka', 'Talon')",1,0,1
"(""Kai'Sa"", 'Katarina', 'Lillia', 'Nautilus', 'Twisted Fate')",0,1,1
"('Fiddlesticks', 'Gnar', 'Jayce', ""Kai'Sa"", 'Pyke')",1,0,1
"('Ashe', 'Corki', 'Leona', 'Nidalee', 'Twisted Fate')",1,0,1
"('Nidalee', 'Rakan', 'Syndra', 'Twisted Fate', 'Zeri')",1,0,1
"('Alistar', 'Jax', 'Lillia', 'Twitch', 'Viego')",1,0,1
"('Camille', 'Jayce', 'Kalista', 'Rell', 'Taliyah')",1,0,1
"('Caitlyn', 'LeBlanc', 'Leona', 'Rumble', 'Skarner')",0,1,1
"('Ahri', ""Bel'Veth"", 'Corki', 'Nautilus', 'Skarner')",1,0,1
"('Aurelion Sol', 'Lee Sin', 'Nautilus', 'Rumble', 'Varus')",1,0,1
"(""Bel'Veth"", 'Maokai', 'Rumble', 'Senna', 'Twisted Fate')",1,0,1
"('Aurelion Sol', 'Jax', 'Jinx', 'Thresh', 'Udyr')",1,0,1
"('Ashe', 'Graves', 'Seraphine', 'Skarner', 'Twisted Fate')",1,0,1
"('Ahri', 'Graves', 'Rakan', 'Tristana', 'Twisted Fate')",1,0,1
"('Aphelios', 'Galio', 'Kindred', 'Rumble', 'Seraphine')",0,1,1
"('Ahri', 'Amumu', ""Kai'Sa"", 'Lee Sin', 'Rumble')",1,0,1
"('Bard', 'Caitlyn', 'Lee Sin', 'Skarner', 'Twisted Fate')",1,0,1
"('Neeko', 'Rakan', 'Skarner', 'Viego', 'Zeri')",1,0,1
"('Lucian', 'Nidalee', 'Pyke', 'Skarner', 'Twisted Fate')",0,1,1
"(""K'Sante"", 'Lillia', 'Rakan', 'Xerath', 'Zeri')",0,1,1
"('Jhin', 'Rell', 'Skarner', 'Taliyah', 'Tristana')",1,0,1
"('Caitlyn', 'Cassiopeia', 'Lux', 'Viego', 'Volibear')",1,0,1
"('Aatrox', 'Jhin', 'Lux', 'Nidalee', 'Pyke')",1,0,1
"('Kalista', 'Lux', 'Nidalee', 'Renekton', 'Taric')",1,0,1
"('Jayce', 'Kalista', 'Karthus', 'Renata Glasc', 'Renekton')",1,0,1
"('Braum', 'Caitlyn', 'Camille', 'Ekko', 'Tristana')",1,0,1
"('Ezreal', 'Kindred', 'Neeko', 'Renekton', 'Syndra')",0,1,1
"('Akshan', 'Caitlyn', 'Nunu & Willump', 'Pantheon', 'Tryndamere')",1,0,1
"('Kindred', 'Lucian', 'Nami', 'Syndra', 'Udyr')",1,0,1
"('Camille', 'Corki', 'Nidalee', 'Thresh', 'Twitch')",0,1,1
"('Azir', 'Corki', 'Jarvan IV', 'Nautilus', 'Rumble')",1,0,1
"('Nunu & Willump', 'Rakan', 'Syndra', 'Twisted Fate', 'Varus')",0,1,1
"('Camille', 'Kalista', 'Lee Sin', 'Orianna', 'Thresh')",1,0,1
"('Akshan', 'Corki', 'Lillia', 'Rakan', 'Skarner')",0,1,1
"('Aphelios', 'Hwei', 'Nautilus', 'Rumble', 'Viego')",1,0,1
"('Brand', 'Camille', 'Corki', 'Ezreal', 'Thresh')",1,0,1
"('Corki', 'Hwei', 'Rell', 'Tryndamere', 'Xin Zhao')",0,1,1
"('Draven', 'Jarvan IV', 'Nautilus', 'Rumble', 'Skarner')",0,1,1
"('Camille', 'Ezreal', 'Gragas', 'Kindred', 'Skarner')",1,0,1
"('Ahri', 'Camille', 'Poppy', 'Twisted Fate', 'Varus')",1,0,1
"('Fizz', 'Nilah', 'Seraphine', 'Skarner', 'Viego')",1,0,1
"('Irelia', 'Jinx', 'Kennen', 'Rengar', 'Thresh')",0,1,1
"('Gwen', 'Heimerdinger', 'Rell', 'Twisted Fate', 'Zed')",1,0,1
"('Caitlyn', 'Galio', 'Jayce', 'Nautilus', 'Poppy')",0,1,1
"('Camille', 'Jayce', 'Kalista', 'LeBlanc', 'Nidalee')",1,0,1
"('Hwei', 'Jax', 'Kalista', 'Rakan', 'Twisted Fate')",1,0,1
"('Aurelion Sol', ""Bel'Veth"", 'Rakan', 'Rumble', 'Zeri')",1,0,1
"('Alistar', 'Lillia', 'Riven', 'Varus', 'Viktor')",0,1,1
"('Annie', 'Aphelios', 'Kindred', 'Renata Glasc', 'Volibear')",1,0,1
"('Akali', 'Jax', 'Pantheon', 'Pyke', 'Zeri')",0,1,1
"('Blitzcrank', ""Kha'Zix"", 'Poppy', 'Twisted Fate', 'Zeri')",1,0,1
"('Ashe', 'Leona', 'Swain', 'Tryndamere', 'Viego')",1,0,1
"('Akshan', 'Brand', 'Illaoi', 'Jinx', 'Nautilus')",1,0,1
"('Hwei', 'Illaoi', 'Rell', 'Rengar', 'Zeri')",0,1,1
"('Hecarim', 'Hwei', 'Lulu', 'Twisted Fate', 'Zeri')",1,0,1
"('Diana', 'Lucian', 'Nami', 'Nidalee', 'Yone')",1,0,1
"('Alistar', 'Gragas', 'Kayn', 'Twisted Fate', 'Zeri')",1,0,1
"('Akali', 'Brand', 'Graves', 'Jax', 'Leona')",1,0,1
"('Caitlyn', 'Fiddlesticks', 'Hwei', 'Irelia', 'Jax')",1,0,1
"('Jayce', 'Nidalee', 'Rakan', 'Twisted Fate', 'Zeri')",1,0,1
"('Gwen', 'Hwei', ""Kha'Zix"", 'Lucian', 'Nami')",0,1,1
"('Irelia', 'Lucian', 'Nami', 'Riven', 'Taliyah')",0,1,1
"('Ahri', 'Ashe', ""Bel'Veth"", ""Rek'Sai"", 'Rumble')",1,0,1
"('Draven', 'Hwei', 'Riven', 'Soraka', 'Vi')",0,1,1
"('Akali', 'Fiora', 'Jinx', 'Poppy', 'Thresh')",1,0,1
"('Hwei', 'Lee Sin', 'Pyke', 'Rumble', 'Smolder')",1,0,1
"('Ashe', 'Ekko', 'Jhin', 'Twisted Fate', 'Viego')",0,1,1
"('Jinx', 'Lee Sin', 'Nidalee', 'Shen', 'Thresh')",0,1,1
"('Blitzcrank', 'Camille', 'Cassiopeia', 'Karthus', 'Zeri')",1,0,1
"('Caitlyn', 'Rakan', 'Shen', 'Udyr', 'Zoe')",1,0,1
"('Aurelion Sol', 'Jinx', 'Nautilus', 'Nunu & Willump', 'Shen')",1,0,1
"('Diana', 'Kalista', 'Kindred', 'Shen', 'Soraka')",1,0,1
"('Irelia', ""Kai'Sa"", 'Leona', 'Shen', 'Taliyah')",0,1,1
"('Camille', 'Lucian', ""Rek'Sai"", 'Shen', 'Taliyah')",0,1,1
"('Jinx', 'Lee Sin', 'Shen', 'Sylas', 'Thresh')",0,1,1
"('Riven', 'Taliyah', 'Thresh', 'Twitch', 'Viego')",1,0,1
"('Akshan', ""Kai'Sa"", 'Kayn', 'Pantheon', 'Rumble')",1,0,1
"('Ashe', 'Camille', 'Jarvan IV', 'Skarner', 'Twisted Fate')",0,1,1
"('Akshan', 'Azir', 'Caitlyn', 'Maokai', 'Ryze')",1,0,1
"('Caitlyn', 'Jayce', 'Milio', 'Rumble', 'Taliyah')",1,0,1
"('Ashe', 'Jax', 'LeBlanc', 'Rell', 'Rumble')",1,0,1
"('Corki', 'Galio', 'Ivern', 'Taric', 'Twisted Fate')",1,0,1
"(""Bel'Veth"", 'Camille', ""Kai'Sa"", 'LeBlanc', 'Thresh')",0,1,1
"('Akshan', 'Lucian', 'Malphite', 'Nami', 'Taliyah')",1,0,1
"('Hwei', 'Jhin', 'Lee Sin', 'Poppy', 'Sylas')",0,1,1
"('Braum', 'Corki', 'Jayce', 'Nidalee', 'Vayne')",0,1,1
"('Corki', 'Neeko', 'Twisted Fate', 'Vex', 'Vi')",1,0,1
"('Aurelion Sol', ""Kog'Maw"", 'Lulu', 'Rengar', 'Skarner')",0,1,1
"('Akali', 'Fiora', 'Graves', 'Rell', 'Zeri')",1,0,1
"('Galio', 'Jax', 'Jinx', 'Kindred', 'Leona')",1,0,1
"('Akali', 'Caitlyn', 'Kindred', 'Rumble', 'Twisted Fate')",1,0,1
"(""Kai'Sa"", 'Kennen', 'Nautilus', 'Qiyana', 'Skarner')",1,0,1
"('Corki', 'Irelia', 'Nidalee', 'Renekton', 'Thresh')",0,1,1
"('Hwei', 'Lux', 'Miss Fortune', ""Rek'Sai"", 'Udyr')",0,1,1
"('Aphelios', 'Blitzcrank', 'Irelia', ""Rek'Sai"", 'Rumble')",0,1,1
"('Camille', 'Jinx', 'Lillia', 'Renekton', 'Talon')",0,1,1
"('Hwei', 'Jayce', 'Lee Sin', 'Varus', 'Xerath')",1,0,1
"('Kalista', 'Karma', 'Neeko', 'Skarner', 'Twisted Fate')",1,0,1
"('Camille', 'Diana', 'Jinx', 'Renata Glasc', 'Yone')",1,0,1
"('Aphelios', 'Brand', 'Jax', 'Nautilus', 'Tristana')",1,0,1
"('Akshan', 'Aphelios', 'Jayce', 'Nautilus', 'Taliyah')",0,1,1
"('Briar', 'Camille', 'Corki', 'Malzahar', 'Renekton')",1,0,1
"('Braum', 'Hecarim', 'Jinx', 'Kennen', 'Qiyana')",1,0,1
"('Brand', 'Draven', 'Rumble', 'Thresh', 'Tristana')",0,1,1
"('Graves', 'Jhin', ""K'Sante"", 'Rumble', 'Taliyah')",0,1,1
"(""Kai'Sa"", 'Pantheon', 'Rumble', 'Varus', 'Vex')",0,1,1
"('Diana', 'Gragas', 'Graves', 'Hwei', 'Jhin')",1,0,1
"('Galio', ""Kai'Sa"", 'Master Yi', 'Neeko', 'Tryndamere')",1,0,1
"('Darius', ""Kai'Sa"", 'Lucian', 'Nautilus', 'Nidalee')",0,1,1
"('Camille', 'Neeko', 'Samira', 'Warwick', 'Zac')",1,0,1
"('Hwei', 'Jhin', 'Malphite', ""Rek'Sai"", 'Rell')",0,1,1
"('Aatrox', 'Brand', 'Corki', 'Pantheon', 'Rakan')",1,0,1
"('Azir', 'Draven', 'Karthus', 'Olaf', 'Rell')",1,0,1
"('Jhin', 'Neeko', 'Nidalee', 'Poppy', 'Tristana')",1,0,1
"('Camille', 'Cassiopeia', 'Neeko', 'Twisted Fate', 'Viego')",1,0,1
"('Miss Fortune', 'Rakan', 'Rengar', 'Rumble', 'Taliyah')",0,1,1
"('Akshan', 'Ekko', 'Nautilus', ""Rek'Sai"", 'Varus')",0,1,1
"('Corki', 'Kled', 'Lillia', 'Neeko', 'Tryndamere')",0,1,1
"('Ashe', 'Jax', 'Nidalee', 'Varus', 'Zed')",0,1,1
"('Aurelion Sol', 'Cassiopeia', ""K'Sante"", 'Kindred', 'Poppy')",1,0,1
"('Hecarim', 'Hwei', 'Varus', 'Vladimir', 'Yasuo')",0,1,1
"('Cassiopeia', ""Kai'Sa"", 'Nautilus', 'Tristana', 'Viego')",1,0,1
"('Caitlyn', 'Elise', 'Neeko', 'Ornn', 'Tristana')",1,0,1
"('Draven', 'Rakan', 'Renekton', 'Taliyah', 'Talon')",0,1,1
"('Alistar', 'Hwei', ""K'Sante"", 'Nunu & Willump', 'Samira')",1,0,1
"('Alistar', 'Hwei', 'Jhin', 'Lee Sin', 'Sett')",0,1,1
"('Blitzcrank', 'Gwen', 'Jax', 'Jhin', 'Taliyah')",1,0,1
"('Maokai', 'Pantheon', 'Samira', 'Taliyah', 'Tristana')",1,0,1
"('Ezreal', 'Hecarim', 'Kennen', 'LeBlanc', 'Nautilus')",0,1,1
"('Aatrox', 'Caitlyn', 'Lillia', 'Sona', 'Tristana')",1,0,1
"(""Kai'Sa"", 'Kindred', 'Rell', 'Skarner', 'Vex')",0,1,1
"(""Bel'Veth"", 'Jax', 'Rell', 'Sylas', 'Varus')",0,1,1
"('Corki', 'Galio', 'Graves', 'Jayce', 'Nautilus')",1,0,1
"('Ezreal', 'Gnar', 'Hwei', 'Nidalee', 'Viego')",1,0,1
"('Ashe', 'Graves', 'Hwei', 'Malphite', 'Seraphine')",1,0,1
"(""Rek'Sai"", 'Rumble', 'Seraphine', 'Sivir', 'Vex')",1,0,1
"('Jhin', 'LeBlanc', 'Nautilus', 'Twisted Fate', 'Viego')",0,1,1
"('Cassiopeia', 'Graves', 'Leona', 'Lucian', 'Talon')",0,1,1
"('Ashe', 'Lillia', 'Qiyana', 'Rell', 'Ryze')",0,1,1
"('Aurelion Sol', 'Jarvan IV', ""Kai'Sa"", 'Kled', 'Maokai')",1,0,1
"('Akali', 'Graves', 'Heimerdinger', 'Rakan', 'Smolder')",1,0,1
"('Ashe', 'Karthus', 'Senna', 'Skarner', 'Yone')",0,1,1
"('Camille', 'Draven', 'Galio', 'Graves', 'Twisted Fate')",0,1,1
"('Ashe', 'Blitzcrank', 'Qiyana', 'Sylas', 'Viego')",0,1,1
"('Alistar', 'Graves', ""Kai'Sa"", 'Katarina', 'Twisted Fate')",0,1,1
"('Akshan', 'Camille', ""K'Sante"", 'Karthus', 'Lucian')",1,0,1
"('Blitzcrank', 'Jinx', 'LeBlanc', ""Rek'Sai"", 'Rumble')",0,1,1
"('Jayce', 'Nautilus', 'Taliyah', 'Varus', 'Yone')",0,1,1
"('Ashe', 'Pantheon', 'Seraphine', 'Skarner', 'Zed')",0,1,1
"('Ashe', 'Camille', 'Hwei', 'Nidalee', 'Rell')",0,1,1
"('Anivia', 'Ezreal', 'Kindred', 'Leona', 'Ryze')",0,1,1
"('Ashe', 'Rell', 'Taliyah', 'Twisted Fate', 'Yasuo')",1,0,1
"('Alistar', 'Cassiopeia', 'Graves', 'Jhin', 'LeBlanc')",1,0,1
"('Ashe', 'Graves', 'Katarina', 'Leona', 'Skarner')",1,0,1
"('Ahri', 'Nidalee', 'Tahm Kench', 'Varus', 'Vayne')",1,0,1
"('Cassiopeia', 'Rakan', 'Renekton', 'Rengar', 'Zoe')",1,0,1
"('Caitlyn', 'Cassiopeia', 'Nautilus', ""Rek'Sai"", 'Tristana')",1,0,1
"(""Kai'Sa"", 'LeBlanc', 'Maokai', 'Soraka', 'Viego')",0,1,1
"('Ezreal', 'Fizz', 'Rakan', 'Taliyah', 'Warwick')",1,0,1
"('Aphelios', 'Galio', ""Rek'Sai"", 'Thresh', 'Warwick')",0,1,1
"('Aphelios', 'Hwei', 'Lee Sin', 'Quinn', 'Thresh')",1,0,1
"('Gangplank', ""Rek'Sai"", 'Rell', 'Varus', 'Zoe')",0,1,1
"('Gragas', ""Kai'Sa"", 'Lee Sin', 'Nautilus', 'Tristana')",0,1,1
"(""Kai'Sa"", 'Nidalee', 'Qiyana', 'Rell', 'Vayne')",1,0,1
"('Aphelios', 'Irelia', 'Maokai', 'Nidalee', 'Quinn')",0,1,1
"('Nidalee', 'Rell', 'Sett', 'Talon', 'Zeri')",0,1,1
"(""Kai'Sa"", 'Kindred', 'Rakan', 'Rumble', 'Yone')",0,1,1
"('Nasus', 'Nidalee', 'Rell', 'Tristana', 'Varus')",1,0,1
"('Akshan', 'Blitzcrank', 'Camille', 'Lillia', 'Varus')",0,1,1
"('Aphelios', 'Cassiopeia', 'Kennen', 'Thresh', 'Vi')",0,1,1
"('Braum', 'Ezreal', 'Gwen', 'Kennen', 'Lee Sin')",0,1,1
"(""Bel'Veth"", 'Renata Glasc', 'Skarner', 'Taliyah', 'Tristana')",0,1,1
"('Corki', 'Kassadin', 'Skarner', 'Thresh', 'Viego')",0,1,1
"('Fiora', 'Jhin', 'Neeko', 'Pantheon', 'Taliyah')",0,1,1
"('Camille', 'Jhin', 'Karthus', 'Katarina', 'Zoe')",1,0,1
"('Jax', 'Jinx', 'Nunu & Willump', 'Skarner', 'Talon')",1,0,1
"('Jayce', 'Lillia', 'Rakan', 'Skarner', 'Twitch')",0,1,1
"('Hwei', 'Jinx', ""Rek'Sai"", 'Seraphine', 'Skarner')",1,0,1
"('Irelia', 'Kalista', 'Karthus', 'Kennen', 'Pyke')",0,1,1
"('Annie', 'Aphelios', 'Camille', 'Graves', ""K'Sante"")",0,1,1
"('Hwei', 'Jax', 'Jinx', ""Rek'Sai"", 'Shen')",1,0,1
"('Karthus', 'Qiyana', 'Skarner', 'Smolder', 'Zoe')",0,1,1
"('Ashe', 'Braum', 'Nidalee', 'Renekton', 'Yone')",1,0,1
"('Draven', 'Hwei', 'Pyke', 'Ryze', 'Vi')",0,1,1
"('Blitzcrank', ""Kai'Sa"", 'Lee Sin', 'Twisted Fate', 'Yorick')",0,1,1
"('Fiora', 'Jayce', 'Kalista', 'Nidalee', 'Pyke')",0,1,1
"('Brand', 'Jinx', ""K'Sante"", 'Rell', 'Zed')",0,1,1
"('Jax', ""Kai'Sa"", 'Kindred', 'Nautilus', 'Ryze')",1,0,1
"('Camille', 'Galio', ""Kai'Sa"", 'Maokai', 'Vi')",1,0,1
"('Akshan', 'Ashe', 'Lillia', 'Nautilus', 'Rumble')",0,1,1
"('Lillia', 'Pantheon', 'Rell', 'Varus', 'Viego')",0,1,1
"('Graves', 'Rell', 'Rumble', 'Tristana', 'Twisted Fate')",1,0,1
"('Ezreal', ""K'Sante"", 'Leona', 'Nidalee', 'Viego')",0,1,1
"('Ashe', 'Hwei', 'Kindred', 'Nautilus', 'Skarner')",1,0,1
"('Diana', 'Irelia', 'Jayce', 'Jinx', 'Rell')",0,1,1
"('Irelia', 'Kalista', 'Nidalee', 'Rell', 'Twisted Fate')",0,1,1
"('Jinx', 'Kennen', 'Lee Sin', 'Thresh', 'Xerath')",0,1,1
"('Caitlyn', 'Corki', ""K'Sante"", 'Lux', 'Nidalee')",0,1,1
"('Fiora', 'Gwen', 'Lee Sin', 'Lucian', 'Nami')",0,1,1
"('Aatrox', 'Akali', 'Ashe', 'Brand', 'Rell')",1,0,1
"(""Kai'Sa"", 'Kennen', 'Lillia', 'Lux', 'Qiyana')",0,1,1
"('Ashe', 'Hwei', ""K'Sante"", 'Lee Sin', 'Rumble')",0,1,1
"('Corki', 'Nidalee', 'Skarner', 'Taric', 'Twitch')",1,0,1
"('Aphelios', 'Camille', 'Jax', 'Poppy', 'Zoe')",1,0,1
"('Irelia', 'Leona', 'Miss Fortune', 'Rumble', 'Twisted Fate')",1,0,1
"('Hecarim', 'Hwei', 'Kled', 'Seraphine', 'Zeri')",0,1,1
"('Corki', 'Gwen', 'Jayce', ""Kai'Sa"", 'Maokai')",1,0,1
"('Alistar', ""K'Sante"", 'Kindred', 'Samira', 'Twisted Fate')",1,0,1
"('Ashe', 'Azir', 'Karma', 'Rumble', 'Viego')",0,1,1
"('Galio', 'Jax', 'Jhin', 'Taliyah', 'Zed')",0,1,1
"('Galio', 'Jax', ""Kog'Maw"", 'Senna', 'Viego')",0,1,1
"('Alistar', 'Corki', 'Galio', 'Hecarim', 'Zac')",0,1,1
"('Akali', 'Galio', 'Lee Sin', 'Yuumi', 'Zeri')",1,0,1
"('Galio', 'Heimerdinger', 'Kindred', 'Rell', 'Zeri')",1,0,1
"('Darius', 'Galio', ""Kai'Sa"", 'Nautilus', 'Taliyah')",1,0,1
"(""K'Sante"", ""Kai'Sa"", 'Karthus', 'Nautilus', 'Viego')",0,1,1
"(""Bel'Veth"", 'Heimerdinger', 'Lulu', 'Syndra', 'Zeri')",0,1,1
"('Alistar', 'Jax', 'Jinx', 'Lee Sin', 'Orianna')",1,0,1
"('Corki', 'Hwei', 'Ivern', 'Skarner', 'Thresh')",0,1,1
"('Fiddlesticks', 'Gragas', 'Rell', 'Varus', 'Viego')",1,0,1
"('Aphelios', 'Lillia', 'Lulu', 'Quinn', 'Yone')",1,0,1
"(""Bel'Veth"", 'Galio', 'Rakan', 'Taliyah', 'Twitch')",1,0,1
"('Ashe', 'Jayce', 'Nautilus', 'Rengar', 'Rumble')",0,1,1
"('Ahri', 'Alistar', ""Kai'Sa"", 'Lillia', 'Renekton')",1,0,1
"('Jhin', 'Maokai', 'Nautilus', 'Olaf', 'Zed')",0,1,1
"('Aatrox', 'Jhin', 'Rell', 'Rengar', 'Xerath')",0,1,1
"('Draven', 'Fiora', 'Galio', 'Janna', 'Lee Sin')",1,0,1
"('Aphelios', 'Galio', 'Malphite', 'Nautilus', ""Rek'Sai"")",1,0,1
"('Ashe', 'Caitlyn', 'Camille', 'Galio', 'Viego')",1,0,1
"('Galio', 'Graves', 'Jhin', 'Rell', 'Ryze')",0,1,1
"('Galio', 'Malphite', 'Pyke', 'Warwick', 'Zeri')",0,1,1
"('Galio', 'Gragas', 'Graves', ""Kai'Sa"", 'Rell')",1,0,1
"('Aatrox', 'Camille', 'Galio', 'Jhin', 'Nidalee')",1,0,1
"('Blitzcrank', 'Galio', ""K'Sante"", 'Kindred', 'Varus')",1,0,1
"('Galio', 'Graves', 'Jinx', 'Milio', 'Olaf')",1,0,1
"('Camille', 'Galio', ""Kai'Sa"", 'Lee Sin', 'Rakan')",0,1,1
"('Ashe', 'Galio', 'Nautilus', 'Nidalee', 'Renekton')",1,0,1
"(""Bel'Veth"", 'Blitzcrank', 'Galio', 'Jinx', 'Twisted Fate')",1,0,1
"('Ashe', 'Galio', 'Shen', 'Taliyah', 'Varus')",1,0,1
"('Ashe', 'Galio', 'Graves', 'Skarner', 'Varus')",1,0,1
"('Galio', 'Jayce', 'Pyke', 'Xerath', 'Xin Zhao')",1,0,1
"('Camille', 'Ezreal', 'Galio', ""Rek'Sai"", 'Seraphine')",1,0,1
"('Galio', 'Graves', 'Kalista', 'Mordekaiser', 'Neeko')",0,1,1
"('Galio', 'Jayce', ""Kai'Sa"", 'Maokai', 'Shaco')",1,0,1
"('Braum', 'Galio', 'Lucian', 'Master Yi', 'Tryndamere')",0,1,1
"('Galio', 'Lucian', 'Nami', 'Taliyah', 'Tryndamere')",0,1,1
"(""Rek'Sai"", 'Rell', 'Twisted Fate', 'Varus', 'Vex')",1,0,1
"('Jhin', 'Master Yi', 'Nidalee', 'Rell', 'Viktor')",1,0,1
"('Anivia', 'Jinx', 'Nautilus', 'Taliyah', 'Yone')",0,1,1
"('Ashe', 'Aurelion Sol', 'Dr. Mundo', 'Leona', 'Rammus')",0,1,1
"('Dr. Mundo', 'Katarina', 'Kindred', 'Lucian', 'Nautilus')",0,1,1
"('Ashe', ""Kha'Zix"", 'Leona', 'Nasus', 'Singed')",1,0,1
"('Caitlyn', 'Nautilus', 'Syndra', 'Viego', 'Xin Zhao')",0,1,1
"('Ivern', 'Janna', ""Kai'Sa"", 'Singed', 'Tristana')",0,1,1
"('Corki', 'Darius', 'Nidalee', 'Rakan', 'Xayah')",1,0,1
"('Ashe', 'Garen', 'Taliyah', 'Vex', 'Zilean')",1,0,1
"('Dr. Mundo', 'Leona', 'Nidalee', 'Sivir', 'Yone')",1,0,1
"('Akali', ""Kai'Sa"", 'Nautilus', 'Nocturne', 'Shaco')",0,1,1
"('Alistar', 'Aurelion Sol', 'Heimerdinger', 'Irelia', 'Pantheon')",1,0,1
"('Ashe', 'Hwei', 'Jax', 'Seraphine', 'Shaco')",0,1,1
"(""Kai'Sa"", 'Katarina', ""Kha'Zix"", 'Nautilus', 'Renekton')",0,1,1
"('Alistar', 'Gragas', 'Pantheon', 'Samira', 'Yasuo')",1,0,1
"('Lee Sin', 'Rakan', 'Skarner', 'Vex', 'Zeri')",1,0,1
"('Ashe', 'Azir', 'Fiora', ""Kha'Zix"", 'Thresh')",1,0,1
"('Blitzcrank', 'Cassiopeia', ""Kai'Sa"", 'Lee Sin', 'Zed')",0,1,1
"('Graves', 'Nunu & Willump', 'Rakan', 'Tryndamere', 'Zeri')",0,1,1
"('Jhin', 'Nautilus', 'Nidalee', 'Qiyana', 'Rumble')",0,1,1
"('Alistar', 'Camille', 'Lee Sin', 'Lucian', 'Twisted Fate')",0,1,1
"('Caitlyn', 'Graves', 'Thresh', 'Volibear', 'Xerath')",0,1,1
"(""Bel'Veth"", 'Galio', ""Kai'Sa"", 'Olaf', 'Rell')",1,0,1
"('Rakan', ""Rek'Sai"", 'Veigar', 'Volibear', 'Xerath')",1,0,1
"('Corki', 'Graves', 'Hwei', ""K'Sante"", 'Rakan')",0,1,1
"(""Kog'Maw"", 'Rell', 'Taliyah', 'Varus', 'Vex')",1,0,1
"('Galio', 'Lucian', 'Nami', 'Shaco', 'Twisted Fate')",0,1,1
"('Camille', 'Katarina', 'Nocturne', 'Rell', 'Samira')",1,0,1
"('Ornn', 'Qiyana', 'Rell', 'Sivir', 'Taliyah')",0,1,1
"('Corki', 'Lee Sin', 'Maokai', 'Qiyana', 'Rakan')",1,0,1
"('Draven', 'Nautilus', 'Ornn', 'Qiyana', 'Taliyah')",0,1,1
"('Ashe', 'Shen', 'Swain', 'Taliyah', 'Zac')",0,1,1
"('Alistar', 'Camille', 'Veigar', 'Xin Zhao', 'Yasuo')",1,0,1
"('Galio', ""Kai'Sa"", 'Lee Sin', 'Rell', 'Renekton')",1,0,1
"('Hwei', 'Jayce', 'Lucian', 'Rakan', 'Taliyah')",0,1,1
"('Camille', 'Kled', 'Lucian', 'Nidalee', 'Orianna')",1,0,1
"('Alistar', 'Ashe', 'Corki', 'Lillia', 'Renekton')",1,0,1
"('Braum', 'Camille', 'Corki', 'Karthus', 'Lee Sin')",1,0,1
"('Kennen', 'Thresh', 'Twisted Fate', 'Varus', 'Viego')",0,1,1
"('Corki', 'Karma', 'Rumble', 'Twisted Fate', 'Viego')",0,1,1
"('Ashe', 'Graves', 'Nautilus', 'Quinn', 'Twisted Fate')",1,0,1
"('Gragas', 'Hwei', 'Jinx', 'Kayle', 'Vi')",1,0,1
"('Blitzcrank', 'Hwei', 'Rumble', 'Sivir', 'Viego')",1,0,1
"(""Bel'Veth"", ""Kai'Sa"", 'Orianna', 'Pyke', 'Skarner')",1,0,1
"('Aphelios', 'Hwei', 'Jax', 'Karthus', 'Thresh')",0,1,1
"('Ashe', 'Azir', 'Darius', 'Nidalee', 'Thresh')",0,1,1
"('Ashe', 'Graves', 'Nautilus', 'Ryze', 'Yasuo')",1,0,1
"('Ashe', 'Rammus', 'Shaco', 'Twisted Fate', 'Viktor')",0,1,1
"('Heimerdinger', 'Jax', 'Jinx', 'Orianna', 'Thresh')",1,0,1
"('Hecarim', 'Lulu', 'Twisted Fate', 'Zeri', 'Zoe')",1,0,1
"('Ashe', 'Braum', ""K'Sante"", 'Kayn', 'LeBlanc')",0,1,1
"('Draven', 'Jax', 'Skarner', 'Taliyah', 'Yone')",1,0,1
"('Anivia', 'Aphelios', 'Lee Sin', 'Poppy', 'Xin Zhao')",1,0,1
"('Anivia', 'Nilah', 'Rakan', 'Renekton', 'Taliyah')",1,0,1
"('Hwei', 'Jarvan IV', 'Rakan', 'Ryze', 'Tristana')",1,0,1
"('Aphelios', 'Galio', ""K'Sante"", 'Taliyah', 'Thresh')",1,0,1
"('Aphelios', 'Nasus', 'Rakan', 'Talon', 'Twisted Fate')",1,0,1
"('Corki', 'Malphite', 'Maokai', 'Rakan', 'Vi')",1,0,1
"('Graves', 'Irelia', ""Kog'Maw"", 'Nautilus', 'Taliyah')",0,1,1
"('Karthus', 'Lucian', 'Nami', 'Renekton', 'Syndra')",1,0,1
"('Darius', 'Ezreal', 'Hwei', 'Nasus', 'Udyr')",1,0,1
"('Aurelion Sol', 'Irelia', 'Thresh', 'Varus', 'Vi')",1,0,1
"('Hwei', 'Jhin', 'Xin Zhao', 'Zed', 'Zyra')",0,1,1
"('Corki', 'Ezreal', 'Jayce', 'Karma', 'Nidalee')",0,1,1
"('Ashe', 'Lulu', 'Nidalee', 'Ornn', 'Pantheon')",0,1,1
"('Ahri', 'Ashe', 'Cassiopeia', 'Lee Sin', 'Ornn')",0,1,1
"(""Kai'Sa"", 'Nautilus', 'Nidalee', 'Rumble', 'Twisted Fate')",1,0,1
"('Ashe', 'Taliyah', 'Volibear', 'Yone', 'Zyra')",0,1,1
"('Ezreal', 'Karma', 'Nidalee', 'Renekton', 'Twisted Fate')",1,0,1
"('Jayce', 'Nidalee', 'Qiyana', 'Samira', 'Taric')",0,1,1
"('Draven', 'Hwei', 'Jax', ""K'Sante"", 'Pyke')",0,1,1
"(""K'Sante"", 'Lee Sin', 'Rakan', 'Sion', 'Zeri')",1,0,1
"('Akshan', 'Camille', 'Lillia', 'Rakan', 'Varus')",1,0,1
"('Camille', 'Lillia', 'Rell', 'Ryze', 'Zeri')",1,0,1
"('Alistar', 'Ashe', 'Graves', 'Jayce', 'Viego')",0,1,1
"('Graves', 'Poppy', 'Rumble', 'Twisted Fate', 'Varus')",1,0,1
"('Ahri', 'Aphelios', 'Leona', 'Rumble', 'Vi')",1,0,1
"('Gragas', 'Hwei', 'Lee Sin', 'Nautilus', 'Zeri')",1,0,1
"('Alistar', 'Ashe', 'Jayce', 'Rumble', 'Tristana')",0,1,1
"('Jinx', 'Nautilus', 'Orianna', 'Viego', 'Volibear')",1,0,1
"('Camille', 'Hwei', 'Kindred', 'Renekton', 'Varus')",1,0,1
"('Camille', 'Draven', 'Hwei', 'Jax', ""K'Sante"")",1,0,1
"('Akali', 'Jinx', 'Nautilus', 'Shen', 'Viego')",1,0,1
"('Lucian', 'Nami', 'Neeko', 'Vayne', 'Xin Zhao')",0,1,1
"('Ashe', 'Elise', 'Rell', 'Renekton', 'Sylas')",0,1,1
"('Darius', 'Irelia', 'Lillia', 'Senna', 'Smolder')",0,1,1
"('Akshan', 'Camille', 'Galio', 'Jhin', 'Taliyah')",0,1,1
"('Briar', ""Kai'Sa"", 'LeBlanc', 'Nautilus', 'Riven')",1,0,1
"('Aphelios', 'Bard', ""Kha'Zix"", 'Renekton', 'Taliyah')",1,0,1
"('Jax', 'Jhin', 'Nidalee', 'Rumble', 'Tristana')",1,0,1
"('Fiora', 'Karthus', 'Lucian', 'Nami', 'Tristana')",1,0,1
"('Karthus', 'Nautilus', 'Tristana', 'Varus', 'Vayne')",1,0,1
"('Camille', 'Kindred', 'Sylas', 'Varus', 'Volibear')",1,0,1
"('Aphelios', 'Blitzcrank', 'Karthus', 'Kennen', 'Tristana')",1,0,1
"('Gragas', 'Jinx', 'Rell', 'Tristana', 'Zed')",1,0,1
"('Blitzcrank', ""Kai'Sa"", 'Tristana', 'Udyr', 'Viego')",0,1,1
"('Alistar', 'Skarner', 'Twisted Fate', 'Zac', 'Zeri')",0,1,1
"('Blitzcrank', 'Elise', 'Hwei', 'Jinx', 'Poppy')",0,1,1
"('Ahri', 'Corki', 'Jayce', 'Viego', 'Zyra')",1,0,1
"('Camille', 'Elise', 'Kalista', 'Tristana', 'Twisted Fate')",1,0,1
"('Aphelios', ""Kha'Zix"", 'Nautilus', 'Rengar', 'Sylas')",0,1,1
"('Gwen', 'Jinx', 'Nautilus', 'Shen', 'Tristana')",0,1,1
"('Irelia', 'Neeko', 'Pantheon', 'Taliyah', 'Varus')",0,1,1
"('Braum', 'Lucian', 'Skarner', 'Viktor', 'Xin Zhao')",0,1,1
"('Akshan', 'Darius', 'Lillia', 'Lucian', 'Nami')",1,0,1
"('Ekko', 'Fiddlesticks', ""Kai'Sa"", 'Olaf', 'Rell')",1,0,1
"('Camille', 'Kalista', 'Nidalee', 'Renekton', 'Tristana')",0,1,1
"('Akshan', 'Camille', 'Jhin', 'Nunu & Willump', 'Ornn')",1,0,1
"('Ahri', 'Bard', 'Caitlyn', 'Lee Sin', 'Vladimir')",1,0,1
"('Camille', 'Elise', 'Jinx', 'Thresh', 'Yone')",0,1,1
"('Camille', 'Corki', 'Garen', 'Nidalee', 'Pantheon')",0,1,1
"('Ahri', 'Camille', 'Lee Sin', 'Teemo', 'Zeri')",0,1,1
"('Corki', 'Galio', 'Gnar', 'Orianna', 'Xin Zhao')",1,0,1
"('Jinx', 'Kennen', 'Master Yi', 'Rakan', 'Zoe')",0,1,1
"('Gragas', 'Hwei', 'Jhin', 'Lee Sin', 'Leona')",0,1,1
"('Pyke', 'Skarner', 'Taliyah', 'Viego', 'Zeri')",1,0,1
"('Ashe', 'Jayce', 'Kalista', 'Lillia', 'Yone')",1,0,1
"('Corki', 'Irelia', 'Jinx', 'Taliyah', 'Thresh')",0,1,1
"('Cassiopeia', 'Ezreal', 'Graves', 'Hwei', 'Rell')",1,0,1
"('Aatrox', 'Aphelios', 'Seraphine', 'Taliyah', 'Tristana')",0,1,1
"('Aurelion Sol', 'Garen', ""Kog'Maw"", 'Lulu', 'Nidalee')",0,1,1
"('Corki', 'Rell', 'Rumble', 'Skarner', 'Tristana')",1,0,1
"('Hecarim', ""K'Sante"", 'Nautilus', 'Samira', 'Twisted Fate')",0,1,1
"('Jax', 'Nautilus', 'Samira', 'Taliyah', 'Viego')",1,0,1
"('Blitzcrank', 'Corki', 'Irelia', 'Twisted Fate', 'Viego')",0,1,1
"('Ashe', ""Kha'Zix"", 'Neeko', 'Renekton', 'Twisted Fate')",1,0,1
"('Darius', 'Kalista', 'Tahm Kench', 'Taliyah', 'Twisted Fate')",1,0,1
"('Nautilus', 'Pantheon', ""Rek'Sai"", 'Samira', 'Twisted Fate')",1,0,1
"('Fiora', 'Rakan', 'Twisted Fate', 'Viego', 'Xayah')",0,1,1
"('Corki', 'Kindred', 'Nautilus', 'Sion', 'Twisted Fate')",0,1,1
"('Draven', 'Jayce', 'Thresh', 'Twisted Fate', 'Zac')",1,0,1
"('Jax', 'Rell', 'Seraphine', 'Twisted Fate', 'Viego')",1,0,1
"('Kindred', 'Rumble', 'Senna', 'Tahm Kench', 'Twisted Fate')",0,1,1
"('Jayce', 'Kalista', 'Kindred', 'Nautilus', 'Twisted Fate')",0,1,1
"('Fiora', 'Lillia', 'Rakan', 'Twisted Fate', 'Xayah')",0,1,1
"('Caitlyn', 'Fiora', 'Graves', 'Morgana', 'Twisted Fate')",0,1,1
"('Graves', 'Jinx', 'Lulu', 'Skarner', 'Twisted Fate')",1,0,1
"('Blitzcrank', 'Camille', 'Karthus', 'Twisted Fate', 'Varus')",0,1,1
"('Aurelion Sol', 'Jhin', 'Neeko', 'Rengar', 'Volibear')",1,0,1
"('Ahri', 'Alistar', 'Jax', 'Xin Zhao', 'Zeri')",1,0,1
"('Akali', 'Alistar', 'Ashe', 'Graves', 'Malphite')",1,0,1
"('Garen', 'Kalista', 'Renata Glasc', 'Twisted Fate', 'Zac')",1,0,1
"('Alistar', 'Lucian', 'Pantheon', 'Twisted Fate', 'Viego')",1,0,1
"('Akali', 'Corki', 'Nautilus', 'Twisted Fate', 'Viego')",1,0,1
"('Garen', 'Jinx', 'Thresh', 'Twisted Fate', 'Xin Zhao')",1,0,1
"('Fiora', ""Kai'Sa"", 'Pyke', 'Talon', 'Twisted Fate')",1,0,1
"('Camille', 'Jinx', 'Rakan', 'Twisted Fate', 'Viego')",0,1,1
"('Aphelios', 'Garen', ""Rek'Sai"", 'Thresh', 'Twisted Fate')",0,1,1
"('Jinx', 'Lillia', 'Rell', 'Twisted Fate', 'Viego')",1,0,1
"('Ashe', 'Graves', 'Kalista', 'Twisted Fate', 'Yasuo')",1,0,1
"(""K'Sante"", 'Talon', 'Twisted Fate', 'Yuumi', 'Zeri')",1,0,1
"('Alistar', 'Camille', ""Kai'Sa"", 'Lee Sin', 'Twisted Fate')",0,1,1
"('Braum', ""Kog'Maw"", 'Nidalee', 'Riven', 'Twisted Fate')",0,1,1
"('Jayce', ""Kai'Sa"", 'Ornn', 'Rengar', 'Twisted Fate')",1,0,1
"('Jhin', 'Orianna', 'Seraphine', 'Udyr', 'Vi')",0,1,1
"('Corki', 'Graves', 'Nautilus', 'Nidalee', 'Twisted Fate')",1,0,1
"('Alistar', ""K'Sante"", 'Kindred', ""Kog'Maw"", 'Twisted Fate')",1,0,1
"('Kalista', 'Orianna', 'Rell', 'Skarner', 'Udyr')",1,0,1
"(""Kog'Maw"", 'Rell', 'Twisted Fate', 'Udyr', 'Zac')",1,0,1
"('Alistar', 'Graves', 'Jinx', 'Olaf', 'Twisted Fate')",0,1,1
"('Fiora', 'Graves', 'Neeko', 'Twisted Fate', 'Varus')",1,0,1
"('Ashe', 'Camille', 'Graves', 'Sylas', 'Varus')",1,0,1
"('Ashe', 'Jax', 'Lucian', 'Taliyah', 'Tristana')",1,0,1
"('Camille', 'Corki', 'Hwei', ""K'Sante"", 'Lee Sin')",0,1,1
"('Ahri', ""Kai'Sa"", 'Maokai', 'Sett', 'Vi')",1,0,1
"('Gragas', 'Pyke', 'Skarner', 'Twitch', 'Yasuo')",1,0,1
"('Ashe', 'Jax', 'Varus', 'Yasuo', 'Zac')",1,0,1
"('Ashe', 'Hwei', 'Kennen', 'Skarner', 'Talon')",1,0,1
"('Jinx', ""K'Sante"", 'Orianna', 'Thresh', 'Viego')",1,0,1
"('Jayce', ""Kai'Sa"", 'Lissandra', 'Rell', 'Taliyah')",1,0,1
"('Ashe', 'Braum', 'Cassiopeia', 'Karma', 'Viego')",1,0,1
"('Camille', 'Galio', 'Lucian', 'Tryndamere', 'Viego')",0,1,1
"('Lucian', 'Poppy', 'Shen', ""Vel'Koz"", 'Xin Zhao')",0,1,1
"('Hwei', 'Jayce', 'Jinx', 'Lee Sin', ""Vel'Koz"")",0,1,1
"('Corki', 'Fiora', 'Nautilus', 'Swain', 'Taliyah')",0,1,1
"('Lee Sin', 'Pyke', 'Varus', 'Viego', 'Yorick')",0,1,1
"('Ashe', 'Pyke', 'Skarner', 'Udyr', 'Xerath')",0,1,1
"('Seraphine', 'Sivir', 'Twisted Fate', 'Viego', 'Zac')",1,0,1
"('Darius', ""Kai'Sa"", 'Rell', 'Skarner', 'Taliyah')",1,0,1
"('Corki', 'Jinx', 'Rumble', 'Skarner', 'Zyra')",0,1,1
"('Ahri', 'Corki', 'Nasus', 'Nautilus', 'Skarner')",1,0,1
"('Gragas', 'Hwei', 'Lux', 'Varus', 'Viego')",0,1,1
"('Braum', 'Caitlyn', 'Corki', 'Ekko', 'Gnar')",0,1,1
"('Akali', ""Kai'Sa"", 'Nidalee', 'Poppy', 'Tristana')",1,0,1
"('Akali', 'Caitlyn', 'Lux', 'Nunu & Willump', 'Yasuo')",1,0,1
"('Akali', 'Camille', 'Graves', 'Jax', ""Kai'Sa"")",1,0,1
"('Corki', 'Nautilus', 'Rumble', 'Samira', 'Skarner')",1,0,1
"('Akali', 'Jinx', 'Nasus', 'Poppy', 'Viego')",1,0,1
"('Ashe', 'Lillia', 'Sion', 'Tryndamere', 'Varus')",1,0,1
"('Camille', 'Corki', 'Gragas', 'Jhin', 'Kennen')",0,1,1
"('Bard', 'Camille', 'Elise', 'Jhin', 'Tristana')",0,1,1
"('Blitzcrank', 'Camille', 'Corki', 'Lee Sin', 'Orianna')",1,0,1
"('Akali', 'Caitlyn', ""K'Sante"", 'Neeko', 'Nunu & Willump')",0,1,1
"('Corki', 'Hwei', 'Jax', 'Leona', 'Vi')",1,0,1
"('Corki', 'Gragas', ""Kha'Zix"", 'Nautilus', 'Taliyah')",0,1,1
"('Ashe', 'Camille', 'Hwei', 'Lee Sin', 'Skarner')",1,0,1
"('Diana', 'Kindred', 'Leona', 'Skarner', 'Zeri')",1,0,1
"('Aatrox', 'Brand', 'Rell', 'Samira', 'Taliyah')",1,0,1
"('Corki', 'Ivern', 'Nautilus', 'Renekton', 'Yone')",1,0,1
"('Orianna', 'Rell', 'Rumble', 'Samira', 'Viego')",1,0,1
"('Ashe', 'Karthus', 'Rumble', 'Tryndamere', 'Zed')",1,0,1
"('Aphelios', 'Galio', 'Jarvan IV', 'Jayce', 'LeBlanc')",0,1,1
"('Ashe', 'Braum', 'Camille', 'Galio', ""Kha'Zix"")",1,0,1
"('Draven', 'Galio', 'Poppy', 'Renekton', 'Zyra')",0,1,1
"('Fiora', 'Galio', 'Jarvan IV', ""Kai'Sa"", 'Malphite')",1,0,1
"(""Cho'Gath"", 'Irelia', 'Nautilus', 'Rengar', 'Tristana')",1,0,1
"('Alistar', 'Jhin', 'Nidalee', 'Renekton', 'Viktor')",0,1,1
"('Hecarim', ""Kai'Sa"", 'Sona', 'Vex', 'Volibear')",1,0,1
"('Akali', 'Bard', 'Hecarim', ""Kai'Sa"", 'LeBlanc')",0,1,1
"('Aatrox', 'Braum', ""Kai'Sa"", 'Katarina', 'Skarner')",0,1,1
"('Bard', ""Kha'Zix"", 'LeBlanc', 'Skarner', 'Varus')",1,0,1
"('Ahri', 'Ashe', 'Illaoi', ""Kha'Zix"", 'Shaco')",1,0,1
"('Blitzcrank', ""Kai'Sa"", ""Kha'Zix"", 'Varus', 'Vex')",0,1,1
"('Cassiopeia', 'Ezreal', ""Kha'Zix"", 'Poppy', 'Rumble')",1,0,1
"('Aatrox', 'Ahri', 'Aphelios', ""Kha'Zix"", 'Thresh')",0,1,1
"('Aatrox', 'Irelia', 'Lillia', 'Pyke', 'Smolder')",1,0,1
"('Azir', 'Hecarim', 'Pyke', 'Skarner', 'Smolder')",0,1,1
"('Galio', 'Kindred', 'Rumble', 'Shaco', 'Zeri')",0,1,1
"('Ahri', 'Ashe', ""Bel'Veth"", 'Renata Glasc', 'Skarner')",1,0,1
"(""Bel'Veth"", 'Nautilus', 'Nocturne', 'Orianna', 'Samira')",1,0,1
"('Aurelion Sol', 'Hecarim', 'Jayce', ""Kai'Sa"", 'Leona')",0,1,1
"('Katarina', 'Lee Sin', 'Lillia', 'Thresh', 'Xayah')",0,1,1
"('Ahri', 'Jax', 'Jinx', 'Skarner', 'Thresh')",1,0,1
"('Ashe', 'Nautilus', 'Taliyah', 'Teemo', 'Tristana')",1,0,1
"('Ahri', 'Sona', 'Volibear', 'Xin Zhao', 'Zeri')",1,0,1
"('Jax', ""Kai'Sa"", 'Rell', 'Tristana', 'Twisted Fate')",1,0,1
"('Alistar', 'Jinx', 'Kennen', 'Sylas', 'Viego')",1,0,1
"('Blitzcrank', 'Hwei', 'Jhin', 'Pantheon', 'Rumble')",1,0,1
"('Akali', 'Graves', 'Jinx', 'Nautilus', 'Rumble')",0,1,1
"('Jarvan IV', ""Kai'Sa"", 'Rumble', 'Taliyah', 'Tristana')",1,0,1
"('Brand', 'Jarvan IV', 'Kalista', 'Rumble', 'Tristana')",0,1,1
"('Gragas', 'Jarvan IV', 'Senna', 'Tristana', 'Xayah')",0,1,1
"(""Kai'Sa"", 'Nautilus', 'Nidalee', 'Rengar', 'Tristana')",1,0,1
"('Jhin', 'Mordekaiser', 'Nidalee', 'Pyke', 'Tristana')",0,1,1
"('Kennen', 'Lee Sin', 'Nautilus', 'Varus', 'Vex')",0,1,1
"('Diana', 'Draven', 'Graves', 'Jax', 'Nautilus')",1,0,1
"('Draven', 'Kennen', 'Nidalee', 'Pyke', 'Tristana')",0,1,1
"('Diana', 'Gragas', 'Lucian', 'Master Yi', 'Thresh')",1,0,1
"('Braum', 'Camille', 'Jinx', 'Lillia', 'Tristana')",0,1,1
"('Fiora', 'Jhin', 'Leona', 'Nidalee', 'Tristana')",0,1,1
"('Akali', 'Fiora', 'Jinx', 'Lee Sin', 'Thresh')",0,1,1
"(""K'Sante"", 'Lillia', 'Lucian', 'Senna', 'Yone')",0,1,1
"('Ashe', ""Bel'Veth"", 'Diana', 'Fiora', 'Nautilus')",1,0,1
"('Ashe', ""Bel'Veth"", 'Kennen', 'Lulu', 'Yone')",1,0,1
"(""Bel'Veth"", 'Hwei', ""Kai'Sa"", 'Renekton', 'Zed')",0,1,1
"('Diana', 'Jinx', 'Lee Sin', 'Rell', 'Shen')",1,0,1
"('Camille', 'Corki', 'Karthus', 'Rakan', 'Yasuo')",1,0,1
"('Ashe', 'Ekko', ""K'Sante"", 'Rakan', 'Viego')",0,1,1
"('Ahri', 'Corki', 'Pyke', 'Rumble', 'Viego')",0,1,1
"('Corki', 'Diana', 'Pyke', 'Rumble', 'Viego')",1,0,1
"('Diana', 'Kindred', 'Rakan', 'Renekton', 'Zeri')",0,1,1
"('Aatrox', 'Aurelion Sol', 'Senna', 'Taliyah', 'Twitch')",1,0,1
"('Diana', 'Heimerdinger', 'Nami', 'Sett', 'Viego')",1,0,1
"('Ahri', 'Lucian', 'Nami', 'Twisted Fate', 'Viego')",1,0,1
"('Gragas', 'Gwen', 'Jhin', ""Rek'Sai"", 'Tristana')",0,1,1
"('Caitlyn', ""K'Sante"", 'Neeko', 'Vex', 'Viego')",1,0,1
"('Blitzcrank', 'Jinx', 'Lillia', 'Renekton', 'Tristana')",1,0,1
"('Ashe', 'Ryze', 'Tristana', 'Varus', 'Viego')",0,1,1
"('Brand', 'Camille', 'Jhin', 'Rakan', 'Tristana')",0,1,1
"('Diana', 'Irelia', 'Lillia', 'Lucian', 'Soraka')",0,1,1
"('Karthus', 'Lissandra', 'Lucian', 'Nami', 'Nasus')",1,0,1
"('Diana', 'Elise', ""Kai'Sa"", 'Quinn', 'Rell')",1,0,1
"('Ahri', 'Caitlyn', 'Camille', 'Lee Sin', 'Lux')",1,0,1
"('Nautilus', 'Nilah', 'Rumble', 'Taliyah', 'Viego')",1,0,1
"('Aurelion Sol', ""Bel'Veth"", 'Skarner', 'Sona', 'Zeri')",1,0,1
"('Nautilus', 'Renekton', 'Rumble', 'Senna', 'Viego')",1,0,1
"(""Bel'Veth"", 'Camille', 'Rakan', 'Sylas', 'Zeri')",0,1,1
"('Ezreal', 'Hecarim', 'Heimerdinger', 'Lissandra', 'Senna')",1,0,1
"('Blitzcrank', 'Kalista', ""Kha'Zix"", 'Mordekaiser', 'Tryndamere')",1,0,1
"('Heimerdinger', 'Jinx', 'Master Yi', 'Nautilus', 'Renekton')",0,1,1
"('Gragas', 'Katarina', 'Rakan', 'Viego', 'Zeri')",1,0,1
"('Akali', 'Alistar', 'Gragas', 'Hecarim', ""Kai'Sa"")",1,0,1
"('Gragas', 'Hecarim', 'LeBlanc', 'Seraphine', 'Smolder')",1,0,1
"('Hecarim', 'Hwei', ""Kai'Sa"", 'Rell', 'Viego')",1,0,1
"('Jhin', 'Kayn', 'Rakan', 'Tristana', 'Twisted Fate')",0,1,1
"('Pantheon', 'Rell', 'Taliyah', 'Udyr', 'Zeri')",1,0,1
"('Ashe', 'Kennen', 'Lillia', 'Rell', 'Yasuo')",0,1,1
"('Alistar', 'Brand', ""Kai'Sa"", 'Kindred', 'Vayne')",0,1,1
"('Corki', ""Kha'Zix"", 'Rumble', 'Seraphine', 'Varus')",1,0,1
"('Jinx', 'Lillia', 'Lulu', 'Pantheon', 'Talon')",1,0,1
"('Graves', 'Gwen', 'Jax', 'Senna', 'Seraphine')",0,1,1
"('Aphelios', 'Braum', 'Nidalee', 'Orianna', 'Renekton')",1,0,1
"('Ashe', 'Braum', 'Hecarim', 'Katarina', 'Rumble')",1,0,1
"('Anivia', 'Hecarim', 'Kennen', 'Lucian', 'Milio')",0,1,1
"('Galio', 'Hecarim', 'Jax', 'Rell', 'Samira')",0,1,1
"('Alistar', 'Fiddlesticks', 'Jhin', 'Kennen', 'Tristana')",0,1,1
"(""Kai'Sa"", 'Kled', 'Pyke', 'Taliyah', 'Vi')",1,0,1
"('Jhin', ""K'Sante"", 'LeBlanc', 'Lee Sin', 'Neeko')",0,1,1
"('Aphelios', 'Malzahar', 'Poppy', 'Skarner', 'Taliyah')",1,0,1
"('Pyke', ""Rek'Sai"", 'Skarner', 'Smolder', 'Taliyah')",1,0,1
"('Ashe', 'Lee Sin', 'Rumble', 'Seraphine', 'Swain')",0,1,1
"('Ashe', 'Kennen', 'Orianna', 'Rell', 'Vi')",1,0,1
"('Aatrox', 'Corki', 'Gwen', 'Lucian', 'Rakan')",0,1,1
"('Hwei', ""K'Sante"", 'Skarner', 'Smolder', 'Viego')",0,1,1
"('Corki', 'Pyke', 'Rumble', 'Samira', 'Skarner')",1,0,1
"('Aatrox', 'Camille', 'Jinx', 'Skarner', 'Twisted Fate')",0,1,1
"('Akali', 'Kalista', 'Nautilus', 'Renekton', 'Viego')",1,0,1
"('Ahri', 'Jhin', 'Nidalee', 'Renekton', 'Skarner')",1,0,1
"('Draven', 'Karthus', 'Nautilus', 'Renekton', 'Tristana')",1,0,1
"('Bard', 'Gragas', ""Rek'Sai"", 'Sivir', 'Xerath')",0,1,1
"('Alistar', 'Hwei', ""Kai'Sa"", 'Renekton', 'Skarner')",1,0,1
"('Corki', 'Gragas', ""Kha'Zix"", 'Skarner', 'Taliyah')",0,1,1
"('Braum', 'Gwen', 'Jax', 'Jhin', 'Sion')",1,0,1
"('Camille', 'Corki', 'Diana', 'Lucian', 'Taric')",0,1,1
"('Ashe', ""K'Sante"", ""Kha'Zix"", 'LeBlanc', 'Pyke')",0,1,1
"('Azir', 'Diana', 'Jhin', 'Shen', 'Thresh')",0,1,1
"('Aphelios', 'Blitzcrank', 'Brand', 'Kennen', 'Tristana')",0,1,1
"('Ashe', 'Jayce', 'Leona', 'Nidalee', 'Rumble')",1,0,1
"('Jinx', 'Nidalee', 'Ornn', 'Rumble', 'Seraphine')",0,1,1
"('Blitzcrank', 'Brand', 'Irelia', 'Riven', 'Varus')",0,1,1
"('Ahri', 'Ashe', 'Lillia', 'Nautilus', 'Skarner')",1,0,1
"('Camille', 'Galio', 'Lee Sin', 'Varus', 'Zyra')",1,0,1
"('Ahri', 'Lee Sin', 'Seraphine', 'Tryndamere', 'Varus')",0,1,1
"('Azir', 'Blitzcrank', 'Jinx', ""Kha'Zix"", 'Skarner')",0,1,1
"('Ahri', 'Leona', ""Rek'Sai"", 'Renekton', 'Varus')",1,0,1
"('Camille', 'Gangplank', ""Kai'Sa"", 'Nidalee', 'Yone')",1,0,1
"('Ashe', 'Aurelion Sol', 'Nautilus', 'Sett', 'Viego')",0,1,1
"('Ashe', 'Aurelion Sol', 'Fiora', 'Karma', ""Kha'Zix"")",0,1,1
"('Gragas', 'Kalista', 'LeBlanc', 'Skarner', 'Viego')",1,0,1
"('Ashe', 'Hwei', 'Jhin', ""K'Sante"", ""Kha'Zix"")",0,1,1
"('Diana', 'Hwei', 'Jinx', 'Skarner', 'Twisted Fate')",1,0,1
"('Ashe', ""Kha'Zix"", 'Leona', 'Tryndamere', 'Twisted Fate')",1,0,1
"('Azir', 'Braum', 'Kindred', 'Renekton', 'Varus')",1,0,1
"('Brand', 'Lucian', 'Milio', 'Qiyana', 'Skarner')",1,0,1
"('Ashe', 'Diana', 'Jax', 'Nautilus', 'Yasuo')",1,0,1
"('Blitzcrank', 'Draven', 'Fiddlesticks', 'Jax', 'Viego')",1,0,1
"('Azir', 'Rumble', 'Seraphine', 'Smolder', 'Viego')",0,1,1
"('Aatrox', 'Cassiopeia', 'Graves', 'Pyke', 'Twisted Fate')",1,0,1
"('Darius', 'Ezreal', 'Karma', 'Nidalee', 'Tristana')",1,0,1
"('Ashe', 'Corki', 'Kennen', 'Leona', ""Rek'Sai"")",0,1,1
"('Brand', 'Jinx', 'Malphite', 'Seraphine', 'Yasuo')",0,1,1
"('Kennen', 'Kindred', 'Malzahar', 'Nautilus', 'Zeri')",0,1,1
"('Lee Sin', 'Nautilus', 'Nidalee', 'Rumble', 'Varus')",1,0,1
"('Corki', 'Malphite', 'Nautilus', 'Taliyah', 'Yasuo')",0,1,1
"('Jinx', 'Nidalee', 'Rumble', 'Thresh', 'Tristana')",1,0,1
"('Graves', 'Jax', 'Kalista', 'Thresh', 'Twisted Fate')",1,0,1
"('Lee Sin', 'Neeko', 'Ryze', 'Taliyah', 'Varus')",1,0,1
"('Jhin', 'Kennen', ""Kha'Zix"", 'Orianna', 'Xerath')",0,1,1
"(""Kai'Sa"", 'Kennen', 'Lee Sin', 'Pyke', 'Sylas')",0,1,1
"('Ahri', 'Ashe', 'Ezreal', 'Hecarim', 'Rumble')",1,0,1
"('Rumble', 'Seraphine', 'Taliyah', 'Tristana', 'Varus')",0,1,1
"('Hwei', 'Kindred', 'Nautilus', 'Ornn', 'Zeri')",0,1,1
"('Lillia', 'Pantheon', 'Poppy', 'Rumble', 'Zeri')",1,0,1
"('Aatrox', 'Camille', 'Ivern', 'Kalista', 'Tristana')",1,0,1
"('LeBlanc', 'Malphite', 'Skarner', 'Smolder', 'Viego')",0,1,1
"('Hwei', 'Lee Sin', 'Pantheon', 'Rakan', 'Zeri')",0,1,1
"('Galio', 'Jax', ""Kai'Sa"", 'Kindred', 'Yasuo')",1,0,1
"(""Bel'Veth"", 'LeBlanc', 'Senna', 'Sion', 'Varus')",0,1,1
"('Corki', 'Graves', 'Rumble', 'Udyr', 'Zac')",0,1,1
"('Dr. Mundo', 'Rell', 'Samira', 'Taliyah', 'Tristana')",1,0,1
"('Aphelios', 'Nidalee', 'Renekton', 'Thresh', 'Zac')",1,0,1
"('Ashe', 'Nidalee', 'Tahm Kench', 'Vladimir', 'Zed')",0,1,1
"('Alistar', 'Brand', 'Darius', 'Hwei', 'Jhin')",1,0,1
"('Ashe', 'Braum', 'Hwei', 'Vayne', 'Xin Zhao')",1,0,1
"('Braum', 'Gragas', 'Kayn', 'Skarner', 'Smolder')",0,1,1
"('Blitzcrank', 'Ekko', 'Fiora', 'Jinx', 'Tristana')",1,0,1
"('Ashe', 'Orianna', 'Rumble', 'Skarner', 'Warwick')",0,1,1
"('Gragas', ""Kai'Sa"", 'Lillia', 'Pyke', 'Yasuo')",0,1,1
"('Darius', 'Kindred', 'Rakan', 'Sylas', 'Varus')",0,1,1
"('Diana', 'Galio', 'Rumble', 'Udyr', 'Xayah')",0,1,1
"('Hecarim', 'Jarvan IV', 'Jax', 'Katarina', 'Senna')",0,1,1
"('Caitlyn', 'Lillia', 'Lux', 'Quinn', 'Twisted Fate')",1,0,1
"('Camille', 'Nilah', 'Sion', 'Taliyah', 'Twisted Fate')",1,0,1
"('Blitzcrank', 'Diana', 'Jhin', 'Nidalee', 'Pantheon')",0,1,1
"('Bard', 'Fiddlesticks', 'Gnar', 'Tristana', 'Zeri')",1,0,1
"('Fiora', 'Jinx', 'Nidalee', 'Shaco', 'Tristana')",1,0,1
"('Diana', 'Jinx', 'Kalista', 'Rumble', 'Skarner')",1,0,1
"('Aphelios', 'Brand', ""K'Sante"", 'Rell', 'Tristana')",1,0,1
"('Alistar', 'Graves', ""Kai'Sa"", 'Lux', 'Poppy')",0,1,1
"('Ahri', 'Nautilus', 'Qiyana', 'Seraphine', 'Viego')",0,1,1
"('Akali', 'Jinx', 'Nasus', 'Tahm Kench', 'Viego')",1,0,1
"('Gnar', 'Lucian', 'Nami', 'Talon', 'Zac')",1,0,1
"('Ashe', 'Aurelion Sol', 'Darius', 'Rell', 'Viego')",1,0,1
"('Braum', 'Cassiopeia', 'Jayce', 'Jinx', 'Skarner')",0,1,1
"('Camille', 'Jhin', 'LeBlanc', 'Rell', 'Viego')",1,0,1
"('Braum', 'Gangplank', 'Hwei', 'Jhin', 'Lee Sin')",0,1,1
"('Hwei', 'Jax', 'Lee Sin', 'Soraka', 'Varus')",1,0,1
"('Darius', 'Galio', 'Jinx', 'Rakan', 'Xin Zhao')",0,1,1
"('Bard', 'Caitlyn', 'Evelynn', 'Gwen', 'Tristana')",1,0,1
"('Ashe', 'Blitzcrank', 'Qiyana', 'Sylas', 'Udyr')",0,1,1
"('Aurelion Sol', 'Graves', 'Mordekaiser', 'Nautilus', 'Varus')",0,1,1
"('Jinx', 'LeBlanc', 'Teemo', 'Thresh', 'Vi')",0,1,1
"('Fiora', 'Graves', 'Jhin', 'Nautilus', 'Seraphine')",0,1,1
"('Irelia', 'Jinx', 'Nautilus', 'Rengar', 'Syndra')",0,1,1
"('Ashe', ""K'Sante"", 'Lee Sin', 'Senna', 'Zoe')",0,1,1
"('Ahri', 'Corki', 'Lee Sin', 'Poppy', 'Rell')",0,1,1
"('Brand', 'Jinx', 'Olaf', 'Talon', 'Thresh')",0,1,1
"('Brand', 'Leona', 'Rumble', 'Tristana', 'Viego')",1,0,1
"('Ashe', 'LeBlanc', 'Lillia', 'Lulu', 'Skarner')",0,1,1
"('Akshan', 'Alistar', 'Ekko', 'Samira', 'Skarner')",1,0,1
"('Akshan', 'Alistar', 'Fiddlesticks', ""K'Sante"", 'Samira')",0,1,1
"('Caitlyn', ""K'Sante"", 'Lux', 'Twisted Fate', 'Viego')",1,0,1
"('Alistar', 'Graves', 'Jhin', 'Skarner', 'Twisted Fate')",1,0,1
"('Aatrox', 'Ahri', 'Lee Sin', 'Nautilus', 'Varus')",0,1,1
"('Ashe', ""Bel'Veth"", 'Hwei', 'Nautilus', 'Rumble')",0,1,1
"('Corki', 'Lucian', 'Nami', 'Renekton', 'Taliyah')",0,1,1
"('Alistar', 'Orianna', 'Tryndamere', 'Udyr', 'Varus')",0,1,1
"('Corki', ""Kai'Sa"", 'Rakan', 'Taliyah', 'Twisted Fate')",0,1,1
"('Fiddlesticks', ""Kai'Sa"", 'Skarner', 'Taric', 'Twisted Fate')",0,1,1
"('Pantheon', 'Rakan', 'Rumble', 'Varus', 'Xin Zhao')",0,1,1
"(""Kai'Sa"", 'Nautilus', 'Nidalee', 'Pantheon', 'Tristana')",0,1,1
"('Camille', 'Lucian', 'Nami', 'Syndra', 'Viego')",1,0,1
"('Draven', 'Irelia', 'Jayce', 'Nautilus', 'Rumble')",1,0,1
"('Cassiopeia', 'Pantheon', 'Rell', 'Twisted Fate', 'Yasuo')",0,1,1
"('Caitlyn', 'Lee Sin', 'Ryze', 'Senna', 'Talon')",0,1,1
"('Camille', 'Hwei', 'Lee Sin', 'Lucian', 'Nami')",0,1,1
"('Annie', 'Gragas', 'Lee Sin', 'Nautilus', 'Xayah')",1,0,1
"(""Kai'Sa"", 'Nidalee', 'Thresh', 'Tristana', 'Twisted Fate')",1,0,1
"('Caitlyn', ""Kha'Zix"", 'Nautilus', 'Sett', 'Syndra')",0,1,1
"('Blitzcrank', 'Camille', 'Kalista', 'LeBlanc', 'Viego')",1,0,1
"('Ahri', 'Ashe', 'Kindred', 'Pyke', 'Zoe')",1,0,1
"(""Kai'Sa"", 'Pyke', 'Taliyah', 'Tristana', 'Volibear')",1,0,1
"('Lillia', 'Rakan', 'Rumble', 'Tristana', 'Varus')",1,0,1
"('Gwen', 'Rumble', 'Seraphine', 'Tristana', 'Varus')",0,1,1
"('Kayn', 'Ryze', 'Tristana', 'Zeri', 'Zyra')",0,1,1
"('Galio', 'Jinx', 'Lillia', 'Seraphine', 'Skarner')",1,0,1
"('Fiora', 'Hwei', 'Jinx', 'Lee Sin', 'Milio')",0,1,1
"('Aurelion Sol', 'Galio', 'Graves', 'Jinx', 'Nautilus')",0,1,1
"('Galio', 'Skarner', 'Thresh', 'Vayne', 'Volibear')",0,1,1
"('Aatrox', 'Akshan', 'Galio', 'Taliyah', ""Vel'Koz"")",1,0,1
"('Ashe', 'Braum', 'Camille', 'Galio', 'Graves')",1,0,1
"('Galio', 'Jayce', 'Pyke', 'Varus', 'Viego')",0,1,1
"('Camille', 'Galio', 'Jinx', 'Karthus', 'Nautilus')",1,0,1
"('Blitzcrank', 'Galio', ""Kai'Sa"", 'Skarner', 'Viego')",1,0,1
"('Irelia', 'Jayce', 'Karthus', 'Senna', 'Varus')",1,0,1
"('Jinx', 'Lulu', 'Nidalee', 'Pantheon', 'Qiyana')",0,1,1
"('Draven', 'Nautilus', 'Shaco', 'Skarner', 'Syndra')",0,1,1
"('Jayce', ""Kai'Sa"", 'Nidalee', 'Pyke', 'Tristana')",0,1,1
"('Irelia', 'LeBlanc', 'Viego', 'Xayah', 'Zyra')",1,0,1
"('Akali', 'Hecarim', ""Kai'Sa"", 'Sona', 'Twisted Fate')",1,0,1
"('Akali', 'Ashe', 'Qiyana', 'Rengar', 'Seraphine')",1,0,1
"('Akshan', 'Aurelion Sol', 'Jinx', 'Kayn', 'Sona')",1,0,1
"('Akshan', 'Camille', 'Darius', 'Jinx', 'LeBlanc')",1,0,1
"('Gwen', 'Nautilus', 'Nidalee', 'Qiyana', 'Varus')",1,0,1
"(""Kai'Sa"", 'Karthus', 'Pyke', 'Skarner', 'Tristana')",1,0,1
"('Ashe', 'Lillia', 'Mordekaiser', 'Nautilus', 'Tristana')",1,0,1
"('Aphelios', 'Diana', 'Garen', 'Lee Sin', 'Lulu')",1,0,1
"('Hwei', ""Kai'Sa"", 'Kindred', 'Nasus', 'Thresh')",1,0,1
"('Alistar', 'Kennen', 'Qiyana', 'Taliyah', 'Varus')",0,1,1
"('Akshan', 'Rell', 'Seraphine', 'Skarner', 'Viego')",1,0,1
"('Bard', 'Fiora', 'Karthus', 'Miss Fortune', 'Tristana')",0,1,1
"('Diana', 'Fiora', 'Jayce', 'Jinx', 'Milio')",0,1,1
"(""Bel'Veth"", 'Kled', 'Syndra', 'Taric', 'Varus')",1,0,1
"('Bard', 'Garen', 'Jhin', 'Karthus', 'Qiyana')",0,1,1
"('Cassiopeia', 'Kindred', 'Lulu', 'Rumble', 'Zeri')",1,0,1
"('Ashe', 'Graves', 'Jax', 'Rumble', 'Syndra')",0,1,1
"('Jinx', 'LeBlanc', ""Rek'Sai"", 'Rumble', 'Thresh')",1,0,1
"('Ahri', 'Lee Sin', 'Rakan', 'Tristana', 'Tryndamere')",0,1,1
"('Aatrox', 'Blitzcrank', 'Jayce', 'Lillia', 'Samira')",1,0,1
"('Darius', 'Graves', 'LeBlanc', 'Leona', 'Smolder')",0,1,1
"('Aatrox', 'Galio', 'Rell', 'Samira', 'Viego')",1,0,1
"('Hwei', 'Jayce', 'Jinx', ""Kha'Zix"", 'Rakan')",1,0,1
"('Aatrox', 'Azir', ""Kai'Sa"", 'Nautilus', 'Nidalee')",0,1,1
"('Ashe', 'Jarvan IV', 'Rakan', 'Rumble', 'Vex')",1,0,1
"('Gragas', 'Rakan', 'Viego', 'Yasuo', 'Zeri')",1,0,1
"('Corki', 'Jax', 'Rakan', 'Taliyah', 'Tristana')",0,1,1
"('Aurelion Sol', 'Bard', 'Jayce', 'Jhin', 'Rammus')",1,0,1
"('Ashe', 'Rakan', 'Rumble', 'Skarner', 'Talon')",1,0,1
"('Graves', ""Kai'Sa"", 'Rakan', 'Taliyah', 'Twisted Fate')",1,0,1
"(""Bel'Veth"", ""Kai'Sa"", 'Rakan', 'Yorick', 'Zoe')",0,1,1
"('Gnar', 'Lee Sin', 'Lucian', 'Rakan', 'Twisted Fate')",1,0,1
"('Brand', 'Camille', 'Rakan', 'Varus', 'Vi')",1,0,1
"(""Kai'Sa"", 'Neeko', 'Rakan', 'Vayne', 'Warwick')",1,0,1
"('Ashe', 'Gwen', 'Karthus', 'Lucian', 'Rakan')",0,1,1
"('Fiddlesticks', 'Hwei', 'Jayce', ""Kai'Sa"", 'Zoe')",1,0,1
"('Ashe', 'Irelia', 'Lulu', 'Twisted Fate', 'Viego')",1,0,1
"('Akali', 'Lee Sin', 'Rakan', 'Skarner', 'Twitch')",0,1,1
"('Ezreal', 'Galio', 'Karma', 'Skarner', 'Tryndamere')",1,0,1
"('Braum', 'Diana', 'Fiora', 'Kalista', 'Taliyah')",0,1,1
"('Diana', 'Fiora', 'Lucian', 'Nami', 'Poppy')",1,0,1
"('Karthus', 'Nautilus', 'Riven', 'Tristana', 'Varus')",1,0,1
"('Corki', 'Kindred', 'Nunu & Willump', 'Rakan', 'Skarner')",1,0,1
"('Corki', 'Diana', 'Kindred', 'Rumble', 'Taric')",0,1,1
"('Diana', 'Ezreal', 'Kennen', 'Leona', 'Xin Zhao')",1,0,1
"('Corki', 'Diana', 'Pantheon', 'Rell', 'Viego')",0,1,1
"('Corki', 'Lissandra', 'Master Yi', 'Mordekaiser', 'Rakan')",1,0,1
"('Corki', 'Malphite', 'Rakan', 'Rumble', 'Xayah')",0,1,1
"('Diana', 'Draven', 'Gragas', 'Lee Sin', 'Thresh')",1,0,1
"('Caitlyn', 'Camille', 'Diana', 'Lee Sin', 'Rell')",1,0,1
"('Ashe', 'Camille', 'Diana', 'Varus', 'Viego')",1,0,1
"('Ashe', 'Diana', 'Jax', 'Rakan', 'Vi')",0,1,1
"('Fiddlesticks', 'Lulu', 'Ornn', 'Viego', 'Zeri')",0,1,1
"('Heimerdinger', 'Jayce', 'Lissandra', 'Senna', 'Viego')",1,0,1
"('Aatrox', 'Azir', 'Hecarim', ""Kai'Sa"", 'Nautilus')",0,1,1
"('Darius', 'Karthus', 'Pantheon', 'Rakan', 'Zeri')",0,1,1
"('Ashe', 'Cassiopeia', 'Orianna', 'Rakan', 'Viego')",1,0,1
"('Ashe', 'Gragas', 'Hwei', 'Sion', 'Varus')",1,0,1
"(""K'Sante"", ""Kai'Sa"", 'Lee Sin', 'Rumble', 'Twisted Fate')",0,1,1
"('Kennen', 'Rumble', 'Talon', 'Varus', 'Viego')",0,1,1
"('Hwei', 'Nilah', 'Senna', 'Viego', 'Zac')",1,0,1
"('Aatrox', 'Draven', 'Lee Sin', 'Malzahar', 'Renata Glasc')",1,0,1
"('Aphelios', 'Jayce', 'Lulu', 'Taliyah', 'Zoe')",1,0,1
"('Akali', 'Ezreal', 'Janna', 'Lillia', 'Renekton')",0,1,1
"('Braum', 'Diana', 'Graves', 'Jinx', 'Pantheon')",1,0,1
"('Hwei', ""K'Sante"", 'Miss Fortune', 'Rumble', 'Viego')",1,0,1
"('Ashe', 'Aurelion Sol', 'Nasus', 'Rumble', 'Zac')",0,1,1
"('Irelia', 'Kalista', 'Nasus', 'Neeko', 'Poppy')",0,1,1
"('Renekton', 'Rumble', 'Shaco', 'Talon', 'Varus')",1,0,1
"(""Kai'Sa"", 'Senna', 'Twisted Fate', 'Viktor', 'Warwick')",1,0,1
"('Ashe', 'Cassiopeia', 'Hecarim', 'LeBlanc', 'Nautilus')",1,0,1
"('Annie', 'Aphelios', 'Mordekaiser', ""Rek'Sai"", 'Tahm Kench')",1,0,1
"('Jayce', 'Nidalee', 'Rumble', 'Varus', 'Yone')",0,1,1
"('Irelia', 'Lucian', 'Nami', 'Nidalee', 'Sett')",0,1,1
"('Braum', 'Hwei', ""Kha'Zix"", 'Twisted Fate', 'Varus')",1,0,1
"('Graves', 'Kassadin', 'Malphite', 'Rumble', 'Varus')",0,1,1
"('Ahri', 'Jinx', 'Thresh', 'Twisted Fate', 'Viego')",0,1,1
"('Alistar', 'Camille', 'Master Yi', 'Samira', 'Zoe')",0,1,1
"('Ahri', ""K'Sante"", ""Kai'Sa"", 'Lee Sin', 'Rakan')",1,0,1
"('Ahri', 'Ashe', 'Rakan', 'Rumble', 'Xin Zhao')",1,0,1
"('Lee Sin', 'Rakan', 'Sivir', 'Skarner', 'Viktor')",1,0,1
"('Graves', ""Kai'Sa"", 'Ornn', 'Rakan', 'Twisted Fate')",1,0,1
"('Ahri', 'Graves', 'Heimerdinger', 'Jax', 'Rakan')",1,0,1
"('Ashe', 'Fiddlesticks', 'Jayce', 'Lee Sin', 'Rakan')",1,0,1
"('Corki', 'Dr. Mundo', 'Rakan', 'Taliyah', 'Zeri')",1,0,1
"(""K'Sante"", ""Kai'Sa"", 'Katarina', 'Kindred', 'Rakan')",0,1,1
"('Anivia', 'Draven', 'Lee Sin', 'Rakan', 'Sett')",0,1,1
"('Aphelios', 'Braum', 'Lee Sin', 'Rumble', 'Skarner')",0,1,1
"('Gragas', 'Miss Fortune', 'Rakan', ""Rek'Sai"", 'Twisted Fate')",1,0,1
"('Alistar', 'Ashe', 'Galio', 'Kennen', 'Viego')",1,0,1
"('Aatrox', 'Alistar', 'Diana', 'Draven', 'Graves')",1,0,1
"('Elise', 'Jhin', 'Rumble', 'Skarner', 'Tristana')",0,1,1
"('Ashe', 'Hwei', 'Jax', 'Rumble', 'Vi')",0,1,1
"('Camille', 'Hwei', 'Kalista', 'Rumble', 'Xin Zhao')",1,0,1
"('Jax', ""K'Sante"", 'Rumble', 'Smolder', 'Zoe')",1,0,1
"('Janna', 'Jhin', 'LeBlanc', 'Ornn', 'Poppy')",1,0,1
"('Alistar', 'Hecarim', 'Hwei', 'Jhin', 'Renekton')",1,0,1
"('Braum', 'Jinx', ""K'Sante"", 'Lillia', 'Tristana')",1,0,1
"('Aurelion Sol', ""Kai'Sa"", 'Pyke', 'Skarner', 'Viego')",1,0,1
"('Cassiopeia', ""Kai'Sa"", 'Kayn', 'Pyke', 'Yone')",1,0,1
"('Bard', 'Caitlyn', 'Naafiri', 'Pantheon', 'Taliyah')",0,1,1
"('Karthus', 'Quinn', 'Varus', 'Yone', 'Zac')",1,0,1
"('Blitzcrank', 'Graves', 'Varus', 'Zed', 'Zoe')",0,1,1
"(""Bel'Veth"", 'Lucian', 'Tryndamere', 'Twisted Fate', 'Yuumi')",1,0,1
"('Blitzcrank', ""Kha'Zix"", 'Nasus', 'Sylas', 'Varus')",0,1,1
"('Akali', 'Jax', 'Thresh', 'Varus', 'Yorick')",0,1,1
"('Jayce', 'Jhin', 'Leona', 'Malphite', 'Nidalee')",1,0,1
"('Hwei', 'Jayce', 'Jhin', 'Neeko', 'Viego')",1,0,1
"('Aatrox', 'Blitzcrank', 'Gragas', ""Kai'Sa"", 'Master Yi')",1,0,1
"('Aatrox', 'Jhin', ""Kha'Zix"", 'Lissandra', 'Rumble')",1,0,1
"('Blitzcrank', ""Kai'Sa"", ""Rek'Sai"", 'Renekton', 'Vex')",1,0,1
"('Janna', 'Jax', 'Jayce', 'Katarina', 'Xayah')",1,0,1
"('Ashe', 'Skarner', 'Taliyah', 'Thresh', 'Zed')",1,0,1
"('Graves', 'Jax', 'Jhin', 'Seraphine', 'Twisted Fate')",1,0,1
"('Graves', 'Nautilus', 'Skarner', 'Varus', 'Zoe')",1,0,1
"('Ashe', 'Irelia', 'Seraphine', 'Veigar', 'Viego')",1,0,1
"('Jinx', 'Kindred', 'Rumble', 'Sylas', 'Thresh')",1,0,1
"('Anivia', 'Aphelios', 'Hecarim', 'Lulu', 'Sion')",0,1,1
"('Akshan', 'Ivern', 'Lucian', 'Rakan', 'Twisted Fate')",0,1,1
"('Ashe', 'Braum', 'Camille', 'Karthus', 'Pantheon')",0,1,1
"('Aurelion Sol', 'Nautilus', 'Sivir', 'Tahm Kench', 'Viego')",1,0,1
"('Akali', 'Jax', ""Kog'Maw"", 'Lee Sin', 'Milio')",1,0,1
"('Camille', 'Heimerdinger', 'Nidalee', 'Yone', 'Ziggs')",1,0,1
"('Galio', 'Jayce', 'Nidalee', 'Ornn', 'Xerath')",0,1,1
"('Corki', 'Heimerdinger', 'Jhin', 'Nidalee', 'Skarner')",1,0,1
"('Aphelios', 'Darius', 'Galio', 'Kindred', 'Nautilus')",0,1,1
"('Aphelios', ""Kai'Sa"", 'LeBlanc', 'Nautilus', 'Taliyah')",0,1,1
"('Braum', 'Jinx', 'Malphite', 'Pantheon', 'Viego')",1,0,1
"('Ahri', 'Bard', 'Camille', 'Ezreal', 'Skarner')",1,0,1
"('Fiora', 'Hwei', 'Nautilus', ""Vel'Koz"", 'Viego')",0,1,1
"('Aatrox', 'Corki', 'Nautilus', 'Orianna', 'Viego')",0,1,1
"('Kindred', 'Lissandra', 'Senna', 'Swain', 'Yasuo')",0,1,1
"('Ahri', 'Jinx', 'Kayle', 'Nautilus', 'Viego')",1,0,1
"('Braum', 'Cassiopeia', 'Hwei', 'Rengar', 'Varus')",0,1,1
"(""Bel'Veth"", ""K'Sante"", 'Pyke', 'Sylas', 'Varus')",0,1,1
"('Bard', 'Hwei', 'Lee Sin', 'Tahm Kench', 'Varus')",0,1,1
"('Jinx', 'Kindred', 'Skarner', 'Taliyah', 'Thresh')",1,0,1
"('Corki', 'Diana', 'Irelia', ""K'Sante"", 'Seraphine')",0,1,1
"('Aurelion Sol', 'Bard', 'Corki', 'Illaoi', 'Lee Sin')",1,0,1
"('Ahri', 'Camille', 'Kalista', 'Lee Sin', 'Singed')",0,1,1
"('Lillia', 'Lulu', 'Skarner', 'Yone', 'Zeri')",0,1,1
"('Braum', 'Nidalee', 'Skarner', 'Tristana', 'Zeri')",0,1,1
"('Aatrox', 'Graves', 'Hwei', 'Jinx', 'Orianna')",1,0,1
"(""K'Sante"", 'Lucian', 'Nami', 'Warwick', 'Zac')",1,0,1
"('Ashe', 'Bard', 'Ekko', 'Skarner', 'Tryndamere')",0,1,1
"(""Kai'Sa"", 'Lillia', 'Lux', 'Nautilus', 'Tryndamere')",1,0,1
"('Camille', 'Fiora', 'Karthus', 'LeBlanc', 'Zeri')",1,0,1
"('Ashe', 'Lillia', 'Skarner', 'Twitch', 'Varus')",1,0,1
"('Jarvan IV', 'Lucian', 'Nami', 'Vladimir', 'Yone')",0,1,1
"('Camille', 'Katarina', 'Lulu', ""Rek'Sai"", 'Zeri')",1,0,1
"('Lucian', 'Nami', 'Nidalee', 'Sett', 'Twisted Fate')",1,0,1
"('Aurelion Sol', 'Jayce', 'Lillia', 'Ornn', 'Senna')",0,1,1
"('Graves', 'Heimerdinger', 'Mordekaiser', 'Senna', 'Yone')",1,0,1
"('Graves', ""Kai'Sa"", 'Lulu', 'Nautilus', 'Sylas')",0,1,1
"('Galio', 'Gragas', 'Renata Glasc', 'Rengar', 'Varus')",1,0,1
"('Aurelion Sol', 'Bard', 'Graves', 'Kennen', 'Varus')",0,1,1
"('Annie', 'Bard', 'Nocturne', 'Rengar', 'Varus')",1,0,1
"('Lulu', 'Malphite', 'Master Yi', 'Yone', 'Zeri')",0,1,1
"('Ahri', 'Ornn', 'Sivir', 'Thresh', 'Vi')",1,0,1
"('Corki', 'Hwei', ""Kai'Sa"", 'Lillia', 'Wukong')",0,1,1
"('Akali', 'Hecarim', 'Seraphine', 'Udyr', 'Varus')",1,0,1
"('Aatrox', ""Bel'Veth"", ""Kai'Sa"", 'Pyke', 'Sylas')",0,1,1
"('Jax', ""Kai'Sa"", 'Lillia', 'Nautilus', 'Tristana')",1,0,1
"('Jinx', 'LeBlanc', 'Nami', 'Rumble', 'Viego')",1,0,1
"('Ashe', 'Gragas', 'Irelia', 'Rumble', 'Viego')",0,1,1
"('Braum', 'Galio', 'Jinx', 'Rumble', 'Viego')",0,1,1
"('Camille', 'Corki', 'Gwen', 'Lillia', 'Tristana')",0,1,1
"(""K'Sante"", 'Lee Sin', 'Ornn', 'Rumble', 'Senna')",1,0,1
"('Corki', 'Diana', 'Karma', 'Qiyana', 'Skarner')",1,0,1
"('Azir', 'Jinx', 'Nautilus', 'Pantheon', 'Rumble')",1,0,1
"('Jax', ""Kai'Sa"", 'Nautilus', 'Skarner', 'Vladimir')",0,1,1
"('Draven', 'Kalista', ""Rek'Sai"", 'Renekton', 'Rumble')",0,1,1
"('Ashe', 'Gragas', 'Lee Sin', 'Rumble', 'Zed')",0,1,1
"('Ashe', 'Lee Sin', 'Rumble', 'Sylas', 'Zyra')",0,1,1
"('Bard', 'Kindred', 'Smolder', 'Sylas', 'Volibear')",1,0,1
"('Jax', 'Lee Sin', 'Nautilus', 'Orianna', 'Samira')",0,1,1
"('Braum', 'Galio', 'Jinx', 'Kindred', 'Skarner')",1,0,1
"('Hwei', 'Lee Sin', 'Nautilus', 'Samira', 'Tryndamere')",0,1,1
"('Kled', 'Lee Sin', 'Rakan', 'Rumble', 'Zeri')",1,0,1
"('Ezreal', 'Graves', 'Hwei', 'Pyke', 'Yorick')",0,1,1
"('Jax', 'Nautilus', 'Nunu & Willump', 'Varus', 'Vi')",0,1,1
"('Draven', 'Nautilus', 'Veigar', 'Viego', 'Zac')",1,0,1
"('Blitzcrank', 'Hwei', 'Jhin', 'Twisted Fate', 'Viego')",1,0,1
"('Lee Sin', 'Pyke', 'Riven', 'Twisted Fate', 'Ziggs')",0,1,1
"('Aatrox', 'Aurelion Sol', ""Bel'Veth"", ""Kai'Sa"", 'Viego')",1,0,1
"('Bard', 'Jhin', 'Nasus', 'Orianna', 'Viego')",0,1,1
"('Annie', 'Bard', 'Ezreal', 'Jax', 'Tristana')",1,0,1
"('Katarina', 'Rell', 'Tryndamere', 'Viego', 'Xayah')",1,0,1
"('Camille', 'Nilah', 'Renekton', 'Taliyah', 'Viego')",1,0,1
"('Gragas', 'Kalista', 'Rakan', 'Twisted Fate', 'Viego')",0,1,1
"('Aatrox', ""Kai'Sa"", 'Maokai', 'Nautilus', 'Taliyah')",1,0,1
"('Draven', 'Kindred', 'Nautilus', 'Neeko', 'Skarner')",1,0,1
"('Ashe', 'Diana', 'Mordekaiser', 'Pyke', 'Viego')",1,0,1
"('Akshan', 'Blitzcrank', 'Kalista', 'Kennen', 'Taliyah')",1,0,1
"('Aatrox', ""Kai'Sa"", 'Nautilus', 'Swain', 'Taliyah')",1,0,1
"('Corki', 'Lee Sin', 'Rell', 'Rumble', 'Tristana')",0,1,1
"('Aurelion Sol', 'Graves', 'Kalista', 'Renata Glasc', 'Rumble')",1,0,1
"('Kalista', 'Rell', 'Rumble', 'Xin Zhao', 'Ziggs')",1,0,1
"('Lee Sin', 'Lucian', 'Nami', 'Syndra', 'Twisted Fate')",1,0,1
"('Gnar', ""Kai'Sa"", 'Pyke', 'Taliyah', 'Viego')",1,0,1
"('Kled', 'Leona', 'Taliyah', 'Tristana', 'Varus')",1,0,1
"('Jayce', 'Kled', 'Nidalee', 'Rell', 'Smolder')",1,0,1
"('Fiddlesticks', 'Kled', 'Nautilus', 'Smolder', 'Viego')",0,1,1
"('Karthus', 'Kled', 'Lucian', 'Nami', 'Yone')",0,1,1
"('Jinx', 'Kled', 'LeBlanc', ""Rek'Sai"", 'Seraphine')",0,1,1
"('Brand', ""Kai'Sa"", 'Kled', 'Pyke', 'Tristana')",0,1,1
"('Ahri', 'Bard', ""Kai'Sa"", 'Kled', 'Viego')",0,1,1
"('Graves', 'Jinx', 'Kled', 'Lulu', 'Zoe')",1,0,1
"('Aurelion Sol', 'Bard', 'Kled', 'Varus', 'Zac')",0,1,1
"('Aurelion Sol', 'Blitzcrank', 'Kalista', 'Nidalee', 'Warwick')",1,0,1
"('Alistar', ""Kai'Sa"", 'Kled', 'Pantheon', 'Syndra')",1,0,1
"('Graves', 'Kled', 'Mordekaiser', 'Samira', 'Syndra')",0,1,1
"('Ashe', 'Braum', 'Kled', 'Lillia', 'Tristana')",0,1,1
"('Blitzcrank', 'Kled', 'Miss Fortune', 'Taliyah', 'Twisted Fate')",1,0,1
"('Ashe', 'Camille', 'Kled', 'Nidalee', 'Tristana')",1,0,1
"('Akali', 'Ezreal', 'Lee Sin', 'Pyke', 'Yone')",1,0,1
"(""K'Sante"", ""Kai'Sa"", 'Rakan', 'Taliyah', 'Twisted Fate')",1,0,1
"('Graves', 'Hwei', 'Rell', 'Renekton', 'Zeri')",1,0,1
"('Aurelion Sol', 'Graves', 'Jax', 'Jhin', 'Rakan')",0,1,1
"('Annie', 'Blitzcrank', 'Graves', ""Kai'Sa"", 'Pantheon')",0,1,1
"('Hwei', 'Jinx', 'Poppy', 'Rell', 'Viego')",1,0,1
"('Alistar', 'Corki', ""Kai'Sa"", 'Lillia', 'Volibear')",1,0,1
"('Gangplank', ""Kai'Sa"", 'Lissandra', 'Rell', 'Viego')",0,1,1
"('Camille', 'Lee Sin', 'Lucian', 'Nami', 'Twisted Fate')",0,1,1
"('Camille', 'Nidalee', 'Samira', 'Thresh', 'Yasuo')",1,0,1
"('Hwei', ""Kha'Zix"", 'Lucian', 'Thresh', 'Zed')",0,1,1
"('Camille', 'Hwei', 'Jhin', 'Nautilus', 'Viego')",1,0,1
"('Jinx', 'Kennen', 'Kindred', 'Thresh', 'Zoe')",1,0,1
"('Graves', 'Hwei', 'Jinx', 'Skarner', 'Thresh')",1,0,1
"('Aphelios', 'Lee Sin', 'Renekton', 'Thresh', 'Twisted Fate')",1,0,1
"('Fiora', 'Jinx', ""Kog'Maw"", 'Nautilus', 'Viego')",0,1,1
"('Graves', 'Katarina', 'Mordekaiser', 'Pyke', 'Tristana')",0,1,1
"('Aurelion Sol', 'Draven', 'Gragas', 'Kindred', 'Renekton')",1,0,1
"('Aphelios', 'Hwei', 'Jayce', 'Nidalee', 'Ryze')",0,1,1
"('Blitzcrank', 'Dr. Mundo', 'Irelia', 'Lillia', 'Nilah')",0,1,1
"('Aatrox', 'Aurelion Sol', ""Kai'Sa"", 'Leona', 'Viego')",1,0,1
"('Graves', 'Kalista', 'Quinn', 'Renata Glasc', 'Syndra')",1,0,1
"(""Kai'Sa"", 'Rell', 'Renekton', 'Twisted Fate', 'Vi')",0,1,1
"('Aphelios', 'Aurelion Sol', 'Garen', 'Rell', 'Vi')",0,1,1
"('Camille', 'Draven', 'Seraphine', 'Veigar', 'Viego')",0,1,1
"('Hwei', 'Jhin', ""K'Sante"", 'Viego', 'Zyra')",0,1,1
"('Ahri', 'Aphelios', 'Thresh', 'Vi', 'Zed')",1,0,1
"('Gwen', 'Pyke', 'Sivir', 'Twisted Fate', 'Vi')",0,1,1
"('Braum', 'Galio', ""Kai'Sa"", 'Twisted Fate', 'Viego')",0,1,1
"('Caitlyn', 'Galio', 'Lillia', 'Lucian', 'Morgana')",0,1,1
"('Ashe', 'Braum', 'Fiora', 'Hwei', 'Lee Sin')",1,0,1
"('Akali', 'Aphelios', 'Swain', 'Thresh', 'Viego')",1,0,1
"('Aurelion Sol', 'Nautilus', 'Nidalee', 'Skarner', 'Varus')",1,0,1
"('Blitzcrank', 'Jayce', 'Jinx', 'Nidalee', 'Riven')",1,0,1
"('Bard', 'Corki', 'Ezreal', 'Nidalee', 'Volibear')",1,0,1
"('Irelia', 'Lucian', 'Nidalee', 'Xerath', 'Yuumi')",1,0,1
"('Aatrox', 'Caitlyn', 'Lillia', 'Nautilus', 'Taliyah')",1,0,1
"('Jhin', 'Nidalee', 'Ryze', 'Talon', 'Zilean')",0,1,1
"('Corki', 'Graves', 'Hwei', 'Rakan', 'Renekton')",1,0,1
"('Blitzcrank', 'Nidalee', 'Skarner', 'Twisted Fate', 'Zeri')",0,1,1
"('Jhin', 'LeBlanc', 'Rakan', 'Rengar', 'Viego')",1,0,1
"('Jhin', 'Kindred', 'Olaf', 'Soraka', 'Veigar')",1,0,1
"('Gragas', 'Master Yi', 'Nilah', 'Senna', 'Talon')",1,0,1
"('Camille', 'Ekko', ""Rek'Sai"", 'Samira', 'Skarner')",1,0,1
"(""Bel'Veth"", 'Camille', 'Jayce', 'Kalista', 'Qiyana')",0,1,1
"('Ahri', 'Aphelios', 'Graves', 'Nasus', 'Nautilus')",0,1,1
"('Corki', 'Graves', 'Skarner', 'Taliyah', 'Twisted Fate')",1,0,1
"('Jinx', ""K'Sante"", 'Rumble', 'Taliyah', 'Viego')",1,0,1
"('Jinx', 'Ornn', 'Taliyah', 'Thresh', 'Viego')",0,1,1
"('Jax', 'Jinx', 'Kindred', 'Nautilus', 'Twisted Fate')",0,1,1
"('Corki', 'Graves', 'Jhin', 'Rell', 'Volibear')",0,1,1
"('Corki', 'Hwei', ""K'Sante"", 'Thresh', 'Viego')",0,1,1
"('Draven', 'Graves', 'Orianna', 'Rell', 'Renekton')",1,0,1
"(""Cho'Gath"", 'Corki', 'Graves', 'Rakan', 'Viktor')",1,0,1
"('Graves', 'LeBlanc', 'Nautilus', 'Varus', 'Volibear')",1,0,1
"('Annie', 'Ashe', 'Graves', 'Nautilus', 'Rumble')",0,1,1
"('Jax', 'Jayce', 'Nautilus', 'Nidalee', 'Sylas')",0,1,1
"('Kindred', 'LeBlanc', 'Nasus', 'Nautilus', 'Zeri')",1,0,1
"('Camille', 'Jax', ""Kai'Sa"", 'Katarina', 'Nautilus')",1,0,1
"('Fiddlesticks', 'Illaoi', 'Jinx', 'Swain', 'Tristana')",1,0,1
"('Camille', ""Kai'Sa"", 'Nautilus', 'Orianna', ""Rek'Sai"")",1,0,1
"('Jinx', 'Taliyah', 'Talon', 'Thresh', 'Twisted Fate')",0,1,1
"('Aphelios', 'Cassiopeia', 'Neeko', 'Thresh', 'Viego')",1,0,1
"('Akali', 'Braum', 'Graves', 'Jinx', 'Skarner')",1,0,1
"('Camille', 'Graves', 'Hwei', 'Jhin', 'Nautilus')",1,0,1
"('Aatrox', 'Corki', 'Graves', 'Poppy', ""Vel'Koz"")",0,1,1
"('Aphelios', 'Gragas', 'Graves', 'Thresh', 'Zoe')",1,0,1
"('Corki', 'Jinx', 'Taliyah', 'Thresh', 'Viego')",1,0,1
"(""Kog'Maw"", 'Lucian', 'Nami', 'Sylas', 'Viego')",1,0,1
"('Blitzcrank', ""Cho'Gath"", 'Graves', 'Urgot', 'Zyra')",1,0,1
"('Jinx', 'Qiyana', 'Taliyah', 'Thresh', 'Twisted Fate')",1,0,1
"('Alistar', 'Jinx', 'Skarner', 'Taliyah', 'Zed')",1,0,1
"('Jinx', 'Taliyah', 'Talon', 'Thresh', 'Vladimir')",0,1,1
"('Dr. Mundo', ""Kai'Sa"", 'Nautilus', 'Taliyah', 'Viktor')",0,1,1
"('Ashe', 'Fiora', 'Graves', 'Nautilus', 'Orianna')",1,0,1
"('Ashe', 'Graves', ""K'Sante"", 'Taliyah', 'Thresh')",1,0,1
"('Akali', 'Graves', 'Jax', 'Leona', 'Xayah')",1,0,1
"('Blitzcrank', 'Ekko', 'Graves', ""Kai'Sa"", 'Warwick')",1,0,1
"('Draven', 'Graves', 'Hwei', 'Leona', ""Rek'Sai"")",0,1,1
"('Draven', 'Lillia', 'Riven', 'Taliyah', 'Thresh')",1,0,1
"('Graves', 'Hwei', 'Kennen', 'Leona', 'Zeri')",1,0,1
"('Gwen', 'Jax', 'Jinx', 'Taliyah', 'Thresh')",0,1,1
"('Gragas', 'Graves', 'Jinx', 'Seraphine', 'Ziggs')",1,0,1
"('Ahri', 'Nautilus', 'Quinn', 'Varus', 'Xin Zhao')",1,0,1
"('Aphelios', 'Aurelion Sol', 'Kindred', 'Skarner', 'Thresh')",1,0,1
"('Ahri', 'Nautilus', 'Rumble', 'Varus', 'Viego')",1,0,1
"('Nidalee', 'Rakan', 'Sett', 'Sylas', 'Zeri')",1,0,1
"('Ezreal', 'Kindred', 'Sejuani', 'Swain', 'Sylas')",1,0,1
"('Blitzcrank', 'Karthus', 'Talon', 'Varus', 'Warwick')",1,0,1
"('Jayce', 'Karthus', 'Leona', 'Ornn', 'Varus')",0,1,1
"('Cassiopeia', 'Orianna', 'Rakan', 'Tristana', 'Vi')",1,0,1
"('Gragas', ""Kai'Sa"", 'Mordekaiser', 'Rakan', 'Tristana')",1,0,1
"('Diana', 'Lulu', 'Nautilus', 'Varus', 'Yone')",0,1,1
"('Nautilus', 'Orianna', 'Renekton', 'Senna', 'Zac')",0,1,1
"('Jinx', ""K'Sante"", 'Malzahar', ""Rek'Sai"", 'Thresh')",1,0,1
"('Akali', 'Corki', 'Lee Sin', 'Leona', 'Skarner')",0,1,1
"('Ahri', 'Ashe', 'Draven', 'Shyvana', 'Viego')",0,1,1
"('Ekko', 'Rakan', 'Xayah', 'Yasuo', 'Yone')",0,1,1
"('Alistar', 'Jax', 'Nidalee', 'Yone', 'Zeri')",1,0,1
"('Blitzcrank', 'Gnar', ""Kai'Sa"", 'Nidalee', 'Tryndamere')",1,0,1
"('Ahri', 'Ashe', 'Braum', 'Quinn', 'Taliyah')",1,0,1
"('Blitzcrank', 'Camille', ""Kai'Sa"", 'Twisted Fate', 'Viego')",1,0,1
"('Aurelion Sol', 'Ezreal', 'Fiora', 'Karma', 'Skarner')",0,1,1
"('Akali', ""Kai'Sa"", 'Nautilus', 'Pantheon', 'Sylas')",1,0,1
"(""Kai'Sa"", ""Kha'Zix"", 'Leona', 'Tristana', 'Volibear')",0,1,1
"('Kennen', 'Nautilus', 'Nidalee', 'Tristana', 'Xayah')",0,1,1
"('Aatrox', ""Kai'Sa"", 'Karthus', 'Nautilus', 'Zed')",0,1,1
"('Fiddlesticks', 'Fiora', 'Jinx', 'Nautilus', 'Tryndamere')",0,1,1
"('Ekko', 'Fiora', 'Jayce', 'Nautilus', 'Nilah')",0,1,1
"('Akali', 'Corki', 'Nautilus', ""Rek'Sai"", 'Twisted Fate')",0,1,1
"('Gragas', 'Nautilus', 'Twisted Fate', 'Varus', 'Viego')",1,0,1
"('Akali', 'Kindred', 'Rumble', 'Thresh', 'Varus')",0,1,1
"('Ashe', 'Jayce', 'Nautilus', 'Syndra', 'Taliyah')",1,0,1
"('Gangplank', 'Graves', 'Jinx', 'Nautilus', 'Yone')",1,0,1
"('Ashe', 'Graves', 'Leona', 'Nasus', 'Syndra')",1,0,1
"('Ashe', ""Bel'Veth"", 'Cassiopeia', 'Dr. Mundo', 'Twisted Fate')",1,0,1
"('Corki', 'Diana', 'Nautilus', 'Ornn', 'Vi')",0,1,1
"('Ornn', 'Rakan', 'Rumble', 'Tristana', 'Zeri')",0,1,1
"('Draven', ""K'Sante"", 'Nautilus', 'Vi', 'Xerath')",0,1,1
"('Katarina', 'Kindred', 'Nautilus', 'Volibear', 'Zeri')",0,1,1
"('Ashe', 'Leona', 'Skarner', 'Taliyah', 'Tristana')",1,0,1
"('Galio', 'Jayce', 'Nunu & Willump', 'Rakan', 'Tristana')",1,0,1
"('Hwei', 'Kalista', ""Kha'Zix"", 'Nautilus', 'Riven')",0,1,1
"('Corki', 'Graves', 'Kennen', 'Leona', 'Zeri')",1,0,1
"('Leona', 'Taliyah', 'Varus', 'Viego', 'Yone')",0,1,1
"('Ashe', 'Azir', 'Cassiopeia', 'Varus', 'Viego')",1,0,1
"('Caitlyn', 'Corki', 'Kennen', 'Rell', 'Talon')",1,0,1
"('Graves', 'Jayce', 'Samira', 'Seraphine', 'Sylas')",0,1,1
"('Aphelios', 'Gragas', 'Karthus', 'Thresh', 'Tristana')",1,0,1
"('Aphelios', 'Brand', 'Cassiopeia', 'Taliyah', 'Tristana')",0,1,1
"('Ahri', 'Caitlyn', 'Camille', 'Corki', 'Lee Sin')",0,1,1
"('Azir', 'Jinx', 'Lee Sin', 'Rumble', 'Thresh')",1,0,1
"('Aurelion Sol', 'Bard', 'Ezreal', 'Gragas', 'Viego')",0,1,1
"('Jhin', ""K'Sante"", 'Rakan', 'Taliyah', 'Xin Zhao')",1,0,1
"('Corki', 'Graves', 'Jhin', 'Soraka', 'Taliyah')",1,0,1
"('Braum', 'Galio', ""Kai'Sa"", 'Karthus', 'Tristana')",1,0,1
"('Aurelion Sol', 'Rumble', 'Skarner', 'Varus', 'Xin Zhao')",1,0,1
"('Orianna', 'Sejuani', 'Sett', 'Varus', 'Viego')",0,1,1
"('Nautilus', 'Samira', 'Taliyah', 'Tristana', 'Viego')",1,0,1
"('Gnar', 'Lucian', 'Tristana', 'Viego', 'Yuumi')",1,0,1
"('Aphelios', 'Jarvan IV', 'Pantheon', 'Taliyah', 'Thresh')",1,0,1
"('Brand', 'Jinx', 'Thresh', 'Tristana', 'Vayne')",1,0,1
"('Azir', 'Graves', 'Neeko', 'Skarner', 'Zeri')",1,0,1
"('Akshan', 'Blitzcrank', 'Gragas', 'Kindred', 'Samira')",1,0,1
"('Darius', 'Karthus', 'Skarner', 'Tristana', 'Varus')",1,0,1
"('Jinx', 'Malzahar', 'Thresh', 'Vayne', 'Xin Zhao')",1,0,1
"('Jhin', ""K'Sante"", 'Karma', 'Karthus', 'Viego')",0,1,1
"('Draven', 'Taliyah', 'Urgot', 'Viego', 'Xerath')",0,1,1
"('Dr. Mundo', 'Ivern', 'Jinx', 'LeBlanc', 'Tristana')",1,0,1
"('Kennen', 'Lucian', 'Nami', 'Olaf', 'Vex')",0,1,1
"('Brand', 'Nautilus', 'Skarner', 'Varus', 'Viego')",1,0,1
"('Kalista', 'Skarner', 'Taliyah', 'Thresh', 'Viego')",1,0,1
"('Jhin', 'Orianna', 'Rakan', 'Skarner', 'Viego')",0,1,1
"('Ashe', 'Camille', 'Dr. Mundo', 'Taliyah', 'Viego')",1,0,1
"('Camille', 'Graves', 'Jinx', 'Rakan', 'Syndra')",1,0,1
"('Ashe', 'LeBlanc', ""Rek'Sai"", 'Senna', 'Shen')",1,0,1
"('Camille', 'Draven', 'Nautilus', 'Nidalee', 'Tristana')",1,0,1
"('Corki', 'Kayle', 'Lillia', 'Rakan', 'Tristana')",1,0,1
"('Gragas', 'Pyke', 'Samira', 'Skarner', 'Tristana')",0,1,1
"('Camille', 'Graves', ""Kai'Sa"", 'Sylas', 'Twisted Fate')",1,0,1
"('Camille', 'Jayce', 'Kalista', 'Sejuani', 'Taliyah')",1,0,1
"('Azir', 'Draven', 'Jax', 'Jayce', 'Nautilus')",0,1,1
"('Jayce', 'Lee Sin', 'Senna', 'Taliyah', 'Tristana')",0,1,1
"('Aurelion Sol', 'Jayce', 'Senna', 'Swain', 'Viego')",0,1,1
"('Corki', 'Draven', 'Lillia', 'Pantheon', 'Skarner')",1,0,1
"('Caitlyn', 'Jax', 'Lux', 'Poppy', 'Taliyah')",1,0,1
"('Brand', 'Leona', 'Maokai', 'Qiyana', 'Samira')",0,1,1
"(""Kai'Sa"", 'Kassadin', 'Rell', 'Rumble', 'Viego')",1,0,1
"('Alistar', 'Aurelion Sol', 'Corki', 'Master Yi', 'Renekton')",1,0,1
"('Ashe', 'Karthus', 'Tristana', 'Varus', 'Zyra')",0,1,1
"('Aatrox', 'Camille', 'Kalista', 'Nidalee', 'Tristana')",0,1,1
"('Blitzcrank', 'Kalista', 'Kindred', 'Malphite', 'Twisted Fate')",0,1,1
"('Camille', 'Hwei', 'Lucian', 'Nami', 'Viego')",0,1,1
"('Corki', 'Nautilus', 'Qiyana', 'Riven', 'Sylas')",0,1,1
"('Camille', 'Karthus', 'Lucian', 'Qiyana', 'Thresh')",0,1,1
"('Blitzcrank', ""Kai'Sa"", 'Master Yi', 'Skarner', 'Taliyah')",1,0,1
"('Katarina', 'Lee Sin', 'Rell', 'Samira', 'Taliyah')",1,0,1
"('Blitzcrank', 'Draven', 'Gnar', 'Taliyah', 'Tristana')",1,0,1
"('Corki', 'Jinx', 'Leona', 'Taliyah', 'Vayne')",1,0,1
"('Aurelion Sol', 'Draven', 'Kindred', 'Nautilus', 'Sejuani')",1,0,1
"('Jinx', ""K'Sante"", 'Qiyana', 'Taliyah', 'Thresh')",1,0,1
"('Jhin', 'Renekton', 'Shaco', 'Viego', 'Zoe')",1,0,1
"('Aphelios', 'Aurelion Sol', 'Jax', 'Nautilus', 'Viego')",0,1,1
"('Aphelios', 'Aurelion Sol', ""K'Sante"", 'Master Yi', 'Thresh')",0,1,1
"('Bard', 'Irelia', 'Rumble', 'Viego', 'Xayah')",0,1,1
"('Corki', 'Gragas', 'Janna', ""Kai'Sa"", 'Skarner')",0,1,1
"('Alistar', 'Fiora', 'Graves', 'LeBlanc', 'Lucian')",1,0,1
"('Hwei', ""Kai'Sa"", 'Poppy', ""Rek'Sai"", 'Skarner')",1,0,1
"('Gragas', ""Kai'Sa"", 'Karma', 'Poppy', 'Xin Zhao')",1,0,1
"('Braum', ""Kai'Sa"", 'Lee Sin', 'Skarner', 'Taliyah')",1,0,1
"('Gwen', 'Jinx', 'Poppy', 'Seraphine', 'Sylas')",0,1,1
"('Corki', 'Draven', 'Lux', 'Nidalee', ""Rek'Sai"")",1,0,1
"('Heimerdinger', 'Karthus', 'Pyke', 'Tristana', 'Tryndamere')",1,0,1
"('Elise', 'Fiora', 'Jinx', 'Poppy', 'Tristana')",0,1,1
"('Ashe', 'Jax', 'Katarina', ""Rek'Sai"", 'Rumble')",0,1,1
"('Kalista', 'Neeko', 'Skarner', 'Taliyah', 'Tristana')",1,0,1
"('Ashe', 'Ekko', 'Hwei', 'Nami', 'Skarner')",1,0,1
"('Bard', 'LeBlanc', 'Skarner', 'Smolder', 'Zac')",1,0,1
"('Azir', 'Draven', ""K'Sante"", 'Kalista', 'Taliyah')",1,0,1
"('Draven', 'Fizz', 'Rell', 'Renekton', 'Taliyah')",1,0,1
"('Jayce', 'Sivir', 'Skarner', 'Taliyah', 'Wukong')",0,1,1
"('Draven', 'Leona', 'Skarner', 'Taliyah', 'Tristana')",1,0,1
"('Alistar', 'Jinx', ""Kha'Zix"", 'Malphite', 'Shen')",0,1,1
"('Ezreal', 'Graves', 'Kled', 'Nautilus', 'Zoe')",1,0,1
"('Ezreal', 'Kled', 'Shaco', 'Tristana', 'Xerath')",0,1,1
"('Bard', 'Graves', 'Kennen', 'Neeko', 'Zeri')",0,1,1
"('Akshan', 'Camille', 'Ekko', 'Urgot', 'Varus')",0,1,1
"('Braum', 'Galio', ""Kha'Zix"", 'Ryze', 'Varus')",0,1,1
"('Alistar', 'Camille', 'LeBlanc', 'Lee Sin', 'Nilah')",1,0,1
"('Ashe', 'Illaoi', 'Lillia', 'Nautilus', 'Yasuo')",1,0,1
"('Hecarim', 'Hwei', 'Jhin', 'Seraphine', 'Tryndamere')",0,1,1
"('Camille', 'Ezreal', 'Jayce', 'Nidalee', 'Veigar')",0,1,1
"('Graves', 'Jhin', 'LeBlanc', 'Singed', 'Thresh')",0,1,1
"('Corki', ""Kai'Sa"", 'Karthus', 'Rakan', 'Volibear')",1,0,1
"('Alistar', 'Graves', 'Hwei', 'Skarner', 'Varus')",1,0,1
"('Caitlyn', 'Jax', 'Lillia', 'Soraka', 'Tristana')",1,0,1
"('Camille', 'Gwen', 'Jinx', 'Nautilus', 'Riven')",0,1,1
"('Ashe', 'Jayce', 'Kayn', 'Tristana', 'Varus')",0,1,1
"('Karma', 'Katarina', 'Shen', 'Varus', 'Viego')",1,0,1
"('Alistar', 'Jinx', 'Katarina', 'Lee Sin', 'Mordekaiser')",0,1,1
"('Aatrox', 'Lucian', 'Nidalee', 'Pantheon', 'Rell')",0,1,1
"(""Kai'Sa"", 'Katarina', 'Kindred', 'Lulu', 'Poppy')",1,0,1
"('Alistar', 'Lillia', 'Sejuani', 'Tristana', 'Zeri')",1,0,1
"('Gangplank', ""Rek'Sai"", 'Thresh', 'Zeri', 'Zoe')",1,0,1
"('Ahri', 'Ashe', 'Blitzcrank', 'Maokai', 'Taliyah')",0,1,1
"('Azir', 'Draven', 'Jax', ""Kha'Zix"", 'Seraphine')",1,0,1
"('Lillia', 'Malphite', 'Rakan', 'Xerath', 'Zeri')",1,0,1
"('Alistar', 'Kennen', 'LeBlanc', 'Lee Sin', 'Vayne')",1,0,1
"(""Kai'Sa"", 'Nunu & Willump', 'Pyke', 'Skarner', 'Yone')",0,1,1
"('Ashe', 'Gwen', ""Kha'Zix"", 'Leona', 'Qiyana')",1,0,1
"('Brand', 'Lulu', 'Skarner', 'Tristana', 'Zeri')",1,0,1
"('Heimerdinger', ""Kai'Sa"", 'Nautilus', 'Nidalee', 'Renekton')",1,0,1
"('Akali', 'Camille', 'Riven', 'Sejuani', 'Zeri')",0,1,1
"('Ahri', 'Blitzcrank', 'Corki', 'Jax', 'Viego')",0,1,1
"('Aatrox', 'Ekko', 'Jinx', 'Rakan', 'Zed')",0,1,1
"('Ahri', 'Jinx', 'Lulu', 'Nocturne', 'Ornn')",0,1,1
"('Aphelios', 'Corki', 'Rell', 'Taliyah', 'Yasuo')",0,1,1
"('Anivia', 'Aphelios', 'Graves', 'Jayce', 'Milio')",1,0,1
"('Akshan', 'Alistar', 'Gwen', 'Jinx', ""Kha'Zix"")",0,1,1
"('Diana', 'Lillia', 'Nautilus', 'Pantheon', 'Tristana')",0,1,1
"('Braum', 'Dr. Mundo', ""Rek'Sai"", 'Syndra', 'Xayah')",0,1,1
"('Akali', 'Graves', 'LeBlanc', 'Thresh', 'Zeri')",1,0,1
"(""Kai'Sa"", 'Kindred', 'Nautilus', 'Yone', 'Zoe')",1,0,1
"('Cassiopeia', 'Graves', ""Kai'Sa"", 'Rakan', 'Viktor')",0,1,1
"('Fiora', ""Kai'Sa"", 'Lee Sin', 'Pyke', 'Vex')",1,0,1
"('Alistar', 'Garen', 'Graves', ""Kai'Sa"", 'Katarina')",1,0,1
"('Gwen', 'Katarina', ""Kha'Zix"", 'Lulu', 'Zeri')",1,0,1
"('Garen', 'Jinx', 'Lulu', 'Taliyah', 'Tristana')",0,1,1
"('Aatrox', 'Alistar', 'Poppy', 'Taliyah', 'Varus')",0,1,1
"('Jayce', 'Syndra', 'Viego', 'Yuumi', 'Zeri')",0,1,1
"('Ashe', 'Braum', 'Nidalee', 'Renekton', 'Skarner')",0,1,1
"('Jax', 'Jhin', 'Leona', 'Nidalee', 'Yasuo')",0,1,1
"(""Kai'Sa"", 'LeBlanc', 'Nocturne', 'Rell', 'Renekton')",1,0,1
"('Blitzcrank', 'Corki', 'Kindred', 'LeBlanc', 'Zeri')",1,0,1
"('Alistar', 'Ashe', 'Kayle', 'LeBlanc', 'Wukong')",1,0,1
"('Jax', ""Kai'Sa"", 'LeBlanc', 'Lee Sin', 'Seraphine')",1,0,1
"('Ashe', 'Corki', 'Ivern', 'Poppy', 'Volibear')",0,1,1
"('Jax', ""Kai'Sa"", 'LeBlanc', 'Rell', 'Viego')",0,1,1
"('Jayce', ""K'Sante"", 'Lucian', 'Seraphine', 'Taliyah')",1,0,1
"('Gnar', 'Graves', 'Jinx', 'LeBlanc', 'Nautilus')",1,0,1
"('Hwei', ""Kai'Sa"", 'Leona', 'Rumble', 'Viego')",0,1,1
"('Alistar', 'Corki', 'Jinx', 'Poppy', 'Rumble')",1,0,1
"('Orianna', 'Seraphine', 'Skarner', 'Xin Zhao', 'Zeri')",1,0,1
"('Blitzcrank', 'Corki', 'Nidalee', 'Skarner', 'Varus')",0,1,1
"('Ashe', 'Camille', 'Ivern', 'Pyke', 'Tristana')",1,0,1
"('Akshan', 'Blitzcrank', 'Gragas', 'Kalista', 'Taliyah')",1,0,1
"('Draven', 'Nidalee', 'Thresh', 'Tristana', 'Yone')",0,1,1
"('Corki', 'Lee Sin', 'Nautilus', 'Rumble', 'Xayah')",1,0,1
"('Hecarim', ""Kai'Sa"", 'Katarina', 'Nautilus', 'Quinn')",0,1,1
"(""Kai'Sa"", 'Katarina', 'Poppy', 'Rammus', 'Zeri')",0,1,1
"('Gwen', ""Kai'Sa"", 'Lee Sin', 'Leona', 'Tristana')",1,0,1
"('Graves', 'Katarina', 'Maokai', 'Skarner', 'Tristana')",1,0,1
"(""Kog'Maw"", 'Nautilus', ""Rek'Sai"", 'Riven', 'Vex')",0,1,1
"('Evelynn', 'Jayce', 'Jinx', 'Nautilus', 'Renekton')",0,1,1
"('Corki', 'Darius', 'Draven', 'Elise', 'Rumble')",1,0,1
"('Corki', 'Graves', 'Gwen', 'Lucian', 'Nami')",0,1,1
"('Corki', 'Ivern', ""Kai'Sa"", 'Riven', 'Yuumi')",0,1,1
"('Aphelios', 'Gangplank', 'Gwen', 'Nautilus', 'Tristana')",1,0,1
"('Aphelios', 'LeBlanc', 'Lee Sin', 'Rakan', 'Skarner')",0,1,1
"('Ashe', 'Braum', 'LeBlanc', 'Viego', 'Volibear')",0,1,1
"('Gragas', 'Karthus', 'Lucian', 'Taric', 'Tristana')",1,0,1
"('Akshan', 'Caitlyn', 'Lillia', 'Malphite', 'Nautilus')",0,1,1
"('Aatrox', 'Braum', ""Kai'Sa"", ""Kha'Zix"", 'LeBlanc')",0,1,1
"('Corki', 'Fiora', 'Lillia', 'Rell', 'Tristana')",0,1,1
"('Camille', 'Irelia', 'Lucian', 'Master Yi', 'Nidalee')",0,1,1
"('Camille', 'Galio', 'Kalista', 'Kindred', 'Udyr')",1,0,1
"('Alistar', 'Graves', 'Jinx', 'Kled', 'Twisted Fate')",1,0,1
"('Ahri', 'Lee Sin', 'Lulu', 'Nocturne', 'Zeri')",1,0,1
"('Aphelios', 'Braum', 'Hwei', 'Jayce', 'Zac')",0,1,1
"(""Kai'Sa"", 'Malphite', 'Master Yi', 'Pyke', 'Xerath')",1,0,1
"('Master Yi', 'Rell', 'Renekton', 'Syndra', 'Zeri')",0,1,1
"('Camille', ""Kai'Sa"", 'Master Yi', 'Rell', 'Vex')",0,1,1
"('Corki', 'Jax', 'Master Yi', 'Morgana', 'Taliyah')",1,0,1
"(""Kai'Sa"", 'Master Yi', 'Nautilus', 'Skarner', 'Taliyah')",1,0,1
"('Aphelios', 'Galio', 'Master Yi', 'Skarner', 'Thresh')",0,1,1
"('Jax', 'Master Yi', 'Rakan', 'Ryze', 'Smolder')",0,1,1
"('Jayce', 'Senna', 'Shyvana', 'Swain', 'Warwick')",0,1,1
"('Cassiopeia', ""K'Sante"", 'Nautilus', 'Shyvana', 'Tristana')",0,1,1
"('Ashe', 'Hwei', 'Jayce', 'Karthus', 'Taric')",0,1,1
"('Akali', 'Sona', 'Varus', 'Viego', 'Zac')",0,1,1
"('Ashe', 'Braum', 'LeBlanc', 'Viego', 'Zac')",1,0,1
"('Draven', 'Jayce', 'Lee Sin', 'Pyke', 'Zoe')",1,0,1
"('Aatrox', 'Corki', 'Nautilus', 'Nidalee', 'Xerath')",1,0,1
"('Aatrox', ""Kai'Sa"", 'Nautilus', 'Vex', 'Viego')",1,0,1
"('Blitzcrank', 'Gragas', 'Hwei', 'Kayn', 'Lucian')",1,0,1
"('Camille', 'Corki', ""Kai'Sa"", 'Lillia', 'Pyke')",0,1,1
"('Corki', 'Hwei', 'Kindred', 'Pyke', 'Rumble')",0,1,1
"('Draven', 'Karthus', 'Rell', 'Tristana', 'Twisted Fate')",1,0,1
"('Fiora', 'Kalista', 'Neeko', 'Rengar', 'Taliyah')",1,0,1
"('Ahri', 'Bard', 'Darius', 'Jinx', 'Xin Zhao')",1,0,1
"('Draven', 'Gwen', 'Kindred', 'Syndra', 'Thresh')",1,0,1
"('Ashe', 'Jax', 'Rumble', 'Seraphine', 'Tristana')",1,0,1
"('Alistar', 'Camille', 'Hwei', 'Kindred', 'Miss Fortune')",1,0,1
"('Ashe', 'Hwei', 'Renekton', 'Skarner', 'Zeri')",1,0,1
"('Irelia', 'Jayce', 'Karthus', 'Rell', 'Varus')",1,0,1
"('Graves', 'Jhin', 'Nautilus', 'Taliyah', 'Tryndamere')",1,0,1
"('Hwei', 'Nautilus', 'Rengar', 'Swain', 'Xin Zhao')",1,0,1
"('Hwei', 'Ornn', 'Shaco', 'Smolder', 'Viego')",1,0,1
"('Corki', 'Illaoi', 'Leona', 'Shyvana', 'Tristana')",0,1,1
"('Aphelios', 'Jayce', 'Lillia', 'Rell', 'Rumble')",0,1,1
"('Ashe', 'Lulu', 'Skarner', 'Taliyah', 'Viego')",1,0,1
"('Camille', 'Kalista', 'Karthus', 'Varus', 'Yone')",0,1,1
"('Ahri', 'Nautilus', 'Renekton', 'Varus', 'Xin Zhao')",0,1,1
"('Ashe', 'Bard', 'Hwei', 'Lee Sin', 'Riven')",0,1,1
"('Aphelios', 'Lulu', 'Orianna', 'Skarner', 'Viego')",0,1,1
"('Akshan', 'Bard', 'Caitlyn', 'Nidalee', 'Twisted Fate')",0,1,1
"('Corki', 'Jhin', 'Lee Sin', 'Rakan', 'Ryze')",0,1,1
"('Fiddlesticks', 'Jhin', 'Qiyana', 'Thresh', 'Twisted Fate')",0,1,1
"('Lulu', 'Rengar', 'Sett', 'Sivir', 'Twisted Fate')",1,0,1
"('Draven', 'Leona', 'Nunu & Willump', 'Urgot', 'Zoe')",1,0,1
"('Aatrox', 'Ahri', ""Kai'Sa"", 'Leona', ""Rek'Sai"")",1,0,1
"('Ashe', 'Aurelion Sol', 'Braum', 'Graves', 'Zac')",0,1,1
"('Leona', 'Nidalee', 'Olaf', 'Varus', 'Vex')",0,1,1
"('Gwen', 'Jinx', 'Lulu', 'Orianna', 'Poppy')",1,0,1
"('Brand', ""Kog'Maw"", 'Lulu', 'Pantheon', 'Zac')",1,0,1
"('Ashe', 'Rakan', 'Renekton', 'Taliyah', 'Tryndamere')",0,1,1
"('Jayce', 'Mordekaiser', 'Nautilus', 'Nidalee', 'Smolder')",0,1,1
"('Corki', 'Graves', 'Pyke', 'Sylas', 'Udyr')",0,1,1
"('Kindred', 'Lucian', 'Nami', 'Skarner', 'Talon')",0,1,1
"('Akali', 'Aphelios', 'Nami', 'Ornn', 'Vi')",0,1,1
"('Ivern', ""Kha'Zix"", 'Lucian', 'Nami', 'Rumble')",1,0,1
"('Gnar', 'Lissandra', 'Lucian', 'Nami', 'Viego')",1,0,1
"('Hwei', ""Kai'Sa"", 'Kindred', 'Morgana', 'Ornn')",1,0,1
"(""Kog'Maw"", 'Lulu', 'Poppy', 'Skarner', 'Talon')",0,1,1
"('Corki', 'Gragas', 'Leona', 'Nidalee', 'Zed')",0,1,1
"('Aatrox', 'Ahri', 'Lee Sin', 'Leona', 'Varus')",0,1,1
"('Aatrox', 'Brand', 'Jinx', 'Leona', 'Twisted Fate')",0,1,1
"('Ahri', 'Ivern', 'Jayce', 'Rell', 'Varus')",0,1,1
"('Gwen', 'Jinx', 'Karma', 'Taliyah', 'Yasuo')",1,0,1
"('Lillia', 'Pyke', 'Skarner', 'Varus', 'Vex')",1,0,1
"('Corki', 'Graves', 'LeBlanc', 'Pyke', 'Twisted Fate')",0,1,1
"('Aphelios', 'Jayce', 'Thresh', 'Viego', 'Zoe')",0,1,1
"('Akshan', 'Nautilus', 'Smolder', 'Taliyah', 'Twitch')",1,0,1
"('Camille', 'Hwei', 'Jax', 'Jinx', 'Zilean')",0,1,1
"('Ahri', 'Bard', 'Camille', ""Kai'Sa"", ""Rek'Sai"")",0,1,1
"('Jax', 'Jayce', 'Nautilus', 'Taliyah', 'Zeri')",1,0,1
"('Akshan', 'Camille', ""Kai'Sa"", 'Nidalee', 'Rell')",1,0,1
"('Corki', 'Elise', 'Gwen', 'Leona', 'Yone')",1,0,1
"('Gragas', 'Hwei', ""Kai'Sa"", 'Pyke', 'Renekton')",0,1,1
"('Ahri', 'Aphelios', 'Blitzcrank', 'Karthus', 'Skarner')",1,0,1
"('Jinx', 'Nasus', 'Pyke', 'Twisted Fate', 'Viego')",0,1,1
"('Ahri', 'Aphelios', 'Kindred', 'Nautilus', 'Renekton')",0,1,1
"('Braum', 'Gwen', 'Karthus', 'Kindred', 'Tristana')",1,0,1
"('Graves', 'Kennen', 'Leona', 'Twisted Fate', 'Varus')",1,0,1
"('Aurelion Sol', 'Garen', ""Kai'Sa"", 'Leona', 'Taliyah')",1,0,1
"('Corki', 'Darius', 'Karthus', 'Thresh', 'Xayah')",0,1,1
"('Brand', 'Fiora', 'Rakan', 'Yasuo', 'Zeri')",1,0,1
"('Ashe', 'Corki', 'Jayce', 'Taliyah', 'Zac')",0,1,1
"('Evelynn', 'Irelia', 'Senna', 'Xin Zhao', 'Zeri')",0,1,1
"('Hwei', 'Jinx', 'Kindred', 'Shen', 'Swain')",0,1,1
"('Blitzcrank', 'Draven', 'Hwei', 'Poppy', 'Taliyah')",0,1,1
"('Ashe', 'Graves', 'Hwei', 'Kalista', 'Ornn')",1,0,1
"('Cassiopeia', ""Kai'Sa"", 'Seraphine', 'Taliyah', 'Yasuo')",1,0,1
"('Ashe', 'Camille', 'Jax', 'Rell', 'Twisted Fate')",1,0,1
"('Gwen', ""Kai'Sa"", 'Kindred', 'Pyke', 'Twisted Fate')",1,0,1
"('Kayn', 'Leona', 'Neeko', 'Renekton', 'Zeri')",0,1,1
"('Alistar', 'Jax', ""Kai'Sa"", 'Pantheon', 'Taliyah')",1,0,1
"('Akshan', 'Alistar', 'Kindred', 'Warwick', 'Zeri')",1,0,1
"('Ahri', 'Ashe', 'Kindred', 'Skarner', 'Vex')",0,1,1
"('Akshan', 'Brand', 'Jax', 'Jhin', 'Poppy')",1,0,1
"('Ahri', 'Graves', 'Skarner', 'Thresh', 'Varus')",1,0,1
"('Gwen', 'Jinx', 'Karthus', 'Rell', 'Tristana')",1,0,1
"('Ashe', 'Ekko', 'Kennen', 'Rumble', 'Tristana')",0,1,1
"('Akshan', 'Galio', 'Kindred', 'Senna', 'Seraphine')",0,1,1
"('Akshan', 'Gwen', 'Nidalee', 'Rakan', 'Xayah')",1,0,1
"('Akshan', 'Lee Sin', 'Pyke', 'Rumble', 'Ziggs')",1,0,1
"('Bard', 'Cassiopeia', 'Twisted Fate', 'Varus', 'Viego')",1,0,1
"('Diana', 'Jinx', 'Nautilus', 'Renekton', 'Yasuo')",0,1,1
"('Corki', 'Jax', 'Kalista', 'Karthus', 'Rell')",1,0,1
"('Graves', 'Gwen', 'Orianna', 'Varus', 'Zyra')",0,1,1
"('Ashe', ""Bel'Veth"", 'Leona', 'Lissandra', 'Urgot')",1,0,1
"('Akali', 'Ezreal', 'Graves', 'Thresh', 'Urgot')",0,1,1
"('Aphelios', 'Galio', 'Pyke', 'Taliyah', 'Urgot')",0,1,1
"('Gragas', ""Kai'Sa"", 'Kindred', 'Rell', 'Urgot')",0,1,1
"('Akshan', 'Nautilus', 'Swain', 'Taliyah', 'Urgot')",1,0,1
"(""Kai'Sa"", 'LeBlanc', 'Nautilus', ""Rek'Sai"", 'Urgot')",1,0,1
"('Jhin', 'Kindred', 'Leona', 'Lissandra', 'Rumble')",1,0,1
"(""Kai'Sa"", 'Katarina', 'Kindred', 'Nautilus', 'Skarner')",0,1,1
"('Camille', 'Jhin', 'Karma', 'Kindred', 'Zac')",1,0,1
"('Jinx', 'Kled', 'Rakan', 'Taliyah', 'Yasuo')",1,0,1
"('Hwei', 'Jax', ""Kog'Maw"", 'Lulu', 'Viego')",0,1,1
"('Blitzcrank', 'Jinx', 'Katarina', 'Kindred', 'Skarner')",1,0,1
"('Caitlyn', 'Lee Sin', 'Shen', 'Taliyah', 'Thresh')",0,1,1
"(""Kai'Sa"", 'Kennen', 'Thresh', 'Vex', 'Viego')",1,0,1
"('Cassiopeia', ""Kai'Sa"", 'Lux', 'Syndra', 'Viego')",1,0,1
"('Akali', 'Blitzcrank', 'Graves', 'Jhin', ""K'Sante"")",1,0,1
"('Akshan', 'Alistar', 'Jayce', 'Jinx', 'Nidalee')",1,0,1
"('Akshan', 'Camille', 'Gwen', 'Jinx', 'Warwick')",1,0,1
"('Ahri', 'Akshan', 'Caitlyn', 'Jarvan IV', 'Skarner')",1,0,1
"('Ahri', 'Ashe', 'Camille', 'Lee Sin', 'Sona')",1,0,1
"('Alistar', 'Azir', 'Jayce', ""Kai'Sa"", 'Nidalee')",0,1,1
"('Ashe', 'Braum', 'Irelia', 'Nidalee', 'Olaf')",1,0,1
"('Camille', 'Fizz', 'Master Yi', 'Rell', 'Samira')",0,1,1
"('Ezreal', 'Graves', 'Karma', 'Renekton', 'Viktor')",0,1,1
"('Ahri', ""Kog'Maw"", 'Lulu', 'Nidalee', 'Tristana')",0,1,1
"('Akshan', 'Jax', 'Nidalee', 'Rakan', 'Zeri')",0,1,1
"('Ahri', 'Jayce', ""Kai'Sa"", 'Kindred', 'Pyke')",0,1,1
"('Jayce', ""Kog'Maw"", 'Pyke', 'Sejuani', 'Skarner')",1,0,1
"('Corki', 'Gnar', 'Nautilus', 'Taliyah', 'Varus')",0,1,1
"('Ashe', 'Jayce', 'Nautilus', 'Nidalee', 'Qiyana')",1,0,1
"('Karthus', 'Rell', 'Varus', 'Vayne', ""Vel'Koz"")",1,0,1
"('Akshan', 'Camille', 'Jinx', 'Skarner', 'Thresh')",0,1,1
"('Alistar', 'Gragas', 'Jinx', 'Nidalee', 'Zed')",1,0,1
"('Ahri', 'Kled', 'Lucian', 'Nami', 'Viego')",0,1,1
"(""Kai'Sa"", 'Kled', 'Nautilus', 'Twisted Fate', 'Vi')",0,1,1
"('Ahri', 'Ashe', 'Kled', 'Seraphine', 'Viego')",0,1,1
"('Akali', 'Hecarim', ""Kai'Sa"", 'Rell', 'Zed')",1,0,1
"('Galio', 'Graves', ""Kai'Sa"", 'Nautilus', 'Teemo')",0,1,1
"('Akshan', 'Alistar', 'Jinx', 'Lillia', 'Skarner')",0,1,1
"('Akshan', 'Ezreal', 'Karma', 'Lillia', 'Vayne')",0,1,1
"('Akshan', 'Ekko', 'Senna', 'Seraphine', 'Warwick')",1,0,1
"('Akali', 'Akshan', 'Jinx', ""Kha'Zix"", 'Thresh')",0,1,1
"('Akshan', 'Camille', 'Draven', 'Seraphine', 'Shaco')",0,1,1
"('Ahri', 'Caitlyn', 'Heimerdinger', 'Mordekaiser', 'Talon')",0,1,1
"('Akshan', 'Ekko', 'Maokai', 'Samira', 'Tristana')",0,1,1
"('Aatrox', 'Akshan', 'Jinx', 'Nautilus', 'Taliyah')",1,0,1
"('Akshan', 'Aphelios', 'Nidalee', 'Pantheon', 'Thresh')",1,0,1
"('Akshan', 'Alistar', 'Irelia', 'Nidalee', 'Varus')",1,0,1
"('Graves', 'Heimerdinger', 'Nautilus', 'Sylas', 'Varus')",1,0,1
"('Akshan', 'Ezreal', 'Nidalee', 'Skarner', 'Trundle')",0,1,1
"('Akshan', 'Hwei', 'Kalista', 'Lillia', 'Ornn')",0,1,1
"('Alistar', 'Corki', 'Kennen', ""Kog'Maw"", 'Viego')",0,1,1
"('Akshan', 'Kalista', 'Nautilus', 'Rumble', 'Taliyah')",1,0,1
"('Akshan', 'Braum', 'Jinx', 'Nunu & Willump', 'Twisted Fate')",1,0,1
"('Ahri', ""Kai'Sa"", 'Ornn', 'Rakan', 'Viego')",1,0,1
"('Braum', 'Jinx', 'Pantheon', 'Swain', 'Viego')",0,1,1
"('Jarvan IV', 'Leona', 'Tristana', 'Urgot', ""Vel'Koz"")",1,0,1
"('Alistar', 'Elise', 'Urgot', 'Varus', 'Yone')",0,1,1
"('Caitlyn', 'Lux', 'Skarner', 'Urgot', 'Viktor')",1,0,1
"('Corki', 'Lucian', 'Rell', 'Renekton', 'Taliyah')",0,1,1
"('Brand', 'Katarina', 'Lulu', 'Skarner', 'Zeri')",0,1,1
"('Fizz', 'Nidalee', 'Olaf', 'Seraphine', 'Zeri')",1,0,1
"('Jayce', 'Jinx', 'LeBlanc', 'Rell', 'Taliyah')",1,0,1
"('Ashe', 'Garen', 'Lissandra', 'Rell', 'Viego')",1,0,1
"('Akali', 'Jinx', 'Rumble', 'Thresh', 'Xin Zhao')",1,0,1
"('Aphelios', 'Elise', 'Galio', 'Rell', 'Skarner')",1,0,1
"('Kalista', 'Lillia', 'Malphite', 'Pantheon', 'Thresh')",1,0,1
"('Aphelios', 'Jayce', 'Nidalee', 'Rell', 'Volibear')",0,1,1
"('Camille', 'Ivern', 'Lux', 'Rell', 'Samira')",0,1,1
"('Irelia', 'Rell', 'Skarner', 'Taliyah', 'Varus')",1,0,1
"(""Rek'Sai"", 'Rell', 'Rumble', 'Vex', 'Xayah')",1,0,1
"('Aphelios', 'Master Yi', 'Skarner', 'Syndra', 'Thresh')",1,0,1
"('Ashe', 'Graves', ""K'Sante"", 'Rell', 'Zoe')",0,1,1
"('Draven', 'Nidalee', 'Renekton', 'Thresh', 'Twisted Fate')",0,1,1
"('Brand', 'Draven', 'Jayce', 'Nautilus', 'Tristana')",1,0,1
"('Aurelion Sol', 'Corki', 'Jax', 'Nidalee', 'Rell')",1,0,1
"('Aatrox', 'Ahri', 'Fiddlesticks', 'Rakan', 'Twitch')",0,1,1
"('Ahri', ""K'Sante"", 'Nautilus', 'Twitch', 'Xin Zhao')",1,0,1
"('Corki', 'Lillia', 'Riven', 'Skarner', 'Tristana')",1,0,1
"('Graves', 'Irelia', 'Kennen', 'Lucian', 'Sett')",1,0,1
"('Lillia', 'Lucian', 'Maokai', 'Sett', 'Zed')",0,1,1
"('Brand', 'Illaoi', ""Kai'Sa"", 'Nautilus', 'Pantheon')",0,1,1
"(""Kai'Sa"", 'Kennen', 'Master Yi', 'Nautilus', 'Tristana')",1,0,1
"('Aatrox', ""Kai'Sa"", 'Lee Sin', 'Yasuo', 'Zyra')",0,1,1
"(""Kai'Sa"", 'Rell', 'Riven', 'Taliyah', 'Viego')",0,1,1
"(""Kai'Sa"", 'Lee Sin', 'Leona', 'Mordekaiser', 'Yone')",0,1,1
"('Brand', 'Jinx', 'Maokai', 'Vladimir', 'Yasuo')",1,0,1
"('Ashe', 'Jayce', ""Rek'Sai"", 'Seraphine', 'Zoe')",0,1,1
"('Akshan', 'Ashe', 'Gragas', 'Karthus', 'Rell')",0,1,1
"('Hwei', 'Karma', 'Skarner', 'Varus', 'Viego')",1,0,1
"('Hwei', ""K'Sante"", 'Nidalee', 'Rell', 'Samira')",1,0,1
"('LeBlanc', 'Nautilus', ""Rek'Sai"", 'Samira', 'Skarner')",0,1,1
"('Cassiopeia', 'Kindred', 'Nilah', 'Sylas', 'Thresh')",1,0,1
"('Gragas', 'Jinx', 'Senna', 'Warwick', 'Zed')",1,0,1
"('Jax', 'Nidalee', 'Rell', 'Samira', 'Tristana')",0,1,1
"('Fiora', 'LeBlanc', 'Lee Sin', 'Sivir', 'Zilean')",0,1,1
"('Alistar', 'Diana', 'Jayce', ""Kai'Sa"", 'Kindred')",0,1,1
"('Cassiopeia', 'Galio', 'Kindred', 'Rakan', 'Xayah')",1,0,1
"('Anivia', ""Kai'Sa"", 'Rell', 'Taliyah', 'Urgot')",1,0,1
"('Blitzcrank', 'Corki', 'Jayce', 'Urgot', 'Viego')",0,1,1
"('Alistar', 'Corki', 'Lillia', 'Tristana', 'Urgot')",1,0,1
"('Hwei', 'Jinx', 'Rakan', 'Talon', 'Urgot')",0,1,1
"('Blitzcrank', 'Cassiopeia', 'Draven', 'Rengar', 'Urgot')",1,0,1
"('Katarina', 'Nautilus', ""Rek'Sai"", 'Senna', 'Urgot')",1,0,1
"('Hwei', 'Jinx', 'Kayn', 'Thresh', 'Urgot')",1,0,1
"('Kalista', 'Leona', 'Rumble', 'Urgot', 'Viego')",1,0,1
"('Jayce', 'Kalista', 'Nidalee', 'Skarner', 'Urgot')",0,1,1
"('Akshan', 'Lillia', 'Rakan', 'Samira', 'Urgot')",0,1,1
"('Ashe', 'Hwei', 'Lee Sin', 'Tristana', 'Urgot')",0,1,1
"('Ahri', 'Aphelios', 'Thresh', 'Urgot', 'Viego')",0,1,1
"('Draven', 'Pyke', 'Taliyah', 'Urgot', 'Viego')",1,0,1
"('Graves', ""Kai'Sa"", 'Nautilus', 'Urgot', 'Yone')",1,0,1
"('Rell', 'Rumble', 'Ryze', 'Samira', 'Urgot')",1,0,1
"('Alistar', 'Aurelion Sol', ""Kai'Sa"", 'Pantheon', 'Urgot')",0,1,1
"('Camille', 'Ekko', 'Lucian', 'Urgot', 'Viego')",0,1,1
"('Heimerdinger', 'Lucian', 'Nidalee', 'Talon', 'Urgot')",1,0,1
"('Elise', 'Jinx', 'Thresh', 'Tristana', 'Urgot')",1,0,1
"('Jinx', 'Nidalee', 'Rakan', 'Sion', 'Urgot')",0,1,1
"('Elise', 'Sivir', 'Sona', 'Urgot', 'Viego')",1,0,1
"('Akshan', 'Brand', 'Camille', 'Jinx', 'Urgot')",0,1,1
"('Briar', 'Hwei', 'Nautilus', 'Twitch', 'Urgot')",1,0,1
"('Caitlyn', 'Hwei', 'Leona', 'Skarner', 'Urgot')",0,1,1
"('Graves', 'Hwei', 'Rakan', 'Tristana', 'Urgot')",0,1,1
"('Dr. Mundo', 'Jinx', 'Miss Fortune', 'Poppy', 'Yuumi')",0,1,1
"('Alistar', 'Kalista', ""Rek'Sai"", 'Urgot', 'Zoe')",1,0,1
"('Alistar', 'Corki', 'Rumble', 'Shen', 'Urgot')",1,0,1
"('Heimerdinger', 'Jhin', 'Neeko', 'Rengar', 'Urgot')",1,0,1
"('Ahri', 'Aphelios', 'Lee Sin', 'Thresh', 'Urgot')",1,0,1
"('Ivern', 'Nilah', 'Thresh', 'Tristana', 'Urgot')",0,1,1
"('Kalista', 'LeBlanc', 'Pantheon', 'Thresh', 'Urgot')",0,1,1
"('Akali', 'Lucian', 'Senna', 'Urgot', 'Viego')",1,0,1
"('Jinx', 'Katarina', 'Taliyah', 'Thresh', 'Urgot')",1,0,1
"('Annie', 'Tristana', 'Udyr', 'Urgot', 'Zeri')",1,0,1
"('Hwei', 'Taliyah', 'Urgot', 'Xin Zhao', 'Zeri')",1,0,1
"('Akshan', 'Alistar', 'Aphelios', 'Nidalee', 'Urgot')",0,1,1
"('Azir', 'Corki', 'Leona', 'Urgot', 'Vi')",1,0,1
"('Camille', 'Lucian', 'Sivir', 'Skarner', 'Taliyah')",1,0,1
